#=====================================================
# File created:        Sat-09-Mar-2024-at-11-48-21PM
# Size of lattice:     20x20
# Number of MC steps:  1000
# Reduced temperature: 1.450
# Run time (s):        9.704000
#=====================================================
# MC step:  Ratio:     Energy:   Order:
#=====================================================
   00000    0.5000    -380.5788  0.3133 
   00001    0.7525    -598.1104  0.3341 
   00002    0.6875    -624.1813  0.2928 
   00003    0.6700    -642.0116  0.2811 
   00004    0.6325    -704.9898  0.2877 
   00005    0.6300    -738.1731  0.2688 
   00006    0.6350    -752.6342  0.2999 
   00007    0.6425    -774.5228  0.3048 
   00008    0.5725    -735.7475  0.2679 
   00009    0.6500    -756.0185  0.2833 
   00010    0.5725    -761.3708  0.2954 
   00011    0.6425    -760.2750  0.3171 
   00012    0.6375    -784.7416  0.3462 
   00013    0.5950    -757.2675  0.3432 
   00014    0.6250    -752.3253  0.3538 
   00015    0.6225    -769.6930  0.3740 
   00016    0.6175    -735.7847  0.3886 
   00017    0.6275    -729.9138  0.3740 
   00018    0.6250    -755.5109  0.3459 
   00019    0.6425    -787.3740  0.3329 
   00020    0.6275    -705.3264  0.3388 
   00021    0.6150    -692.5797  0.3387 
   00022    0.6100    -715.3237  0.3090 
   00023    0.5825    -760.9652  0.3271 
   00024    0.5800    -790.5872  0.3369 
   00025    0.5975    -770.1744  0.3258 
   00026    0.6225    -751.6238  0.3559 
   00027    0.6350    -748.7235  0.3600 
   00028    0.5900    -761.9472  0.3392 
   00029    0.6375    -744.9106  0.3254 
   00030    0.5650    -778.2014  0.3126 
   00031    0.6375    -781.4431  0.3440 
   00032    0.6325    -784.0601  0.3409 
   00033    0.6175    -789.1859  0.3254 
   00034    0.5225    -828.0207  0.3193 
   00035    0.5875    -797.2495  0.2980 
   00036    0.5850    -798.1395  0.2940 
   00037    0.6375    -812.5218  0.2808 
   00038    0.5975    -791.2078  0.3174 
   00039    0.5500    -774.2299  0.3188 
   00040    0.6300    -721.9841  0.3054 
   00041    0.6550    -711.5754  0.3465 
   00042    0.5775    -793.1041  0.3976 
   00043    0.5575    -789.5968  0.3734 
   00044    0.6425    -740.8124  0.4120 
   00045    0.6225    -713.2268  0.3854 
   00046    0.6250    -698.7523  0.3452 
   00047    0.6325    -673.2812  0.3536 
   00048    0.6450    -706.7988  0.3895 
   00049    0.6250    -789.5611  0.4287 
   00050    0.5600    -795.7724  0.4320 
   00051    0.6250    -778.2524  0.3884 
   00052    0.5675    -810.1156  0.4212 
   00053    0.5475    -830.7738  0.3961 
   00054    0.5500    -804.0510  0.3471 
   00055    0.5750    -735.4156  0.3234 
   00056    0.6450    -739.3825  0.3473 
   00057    0.6625    -755.2745  0.3111 
   00058    0.6500    -754.6744  0.2958 
   00059    0.6300    -740.1851  0.3082 
   00060    0.6000    -783.2904  0.3174 
   00061    0.6125    -785.0559  0.2854 
   00062    0.5975    -801.1811  0.2854 
   00063    0.5625    -744.2910  0.2684 
   00064    0.6125    -786.7198  0.2652 
   00065    0.6350    -749.7389  0.2814 
   00066    0.6050    -758.1688  0.2928 
   00067    0.6525    -771.8376  0.2824 
   00068    0.6450    -765.1281  0.2682 
   00069    0.6100    -694.2890  0.2716 
   00070    0.6125    -731.6999  0.3052 
   00071    0.6375    -710.9476  0.3239 
   00072    0.6925    -723.1747  0.3385 
   00073    0.6125    -689.4065  0.3430 
   00074    0.6750    -673.8097  0.2786 
   00075    0.6450    -731.6841  0.2779 
   00076    0.6200    -750.5007  0.3082 
   00077    0.6375    -747.2874  0.2890 
   00078    0.6400    -779.4583  0.3146 
   00079    0.6200    -776.8581  0.2813 
   00080    0.6325    -790.3384  0.2739 
   00081    0.6375    -781.1409  0.2581 
   00082    0.6500    -730.8288  0.2691 
   00083    0.6050    -730.9341  0.2752 
   00084    0.6050    -723.4064  0.2741 
   00085    0.6400    -752.7795  0.2998 
   00086    0.6425    -733.7587  0.2898 
   00087    0.6300    -687.6849  0.2895 
   00088    0.6275    -715.8474  0.3419 
   00089    0.6300    -720.7800  0.3347 
   00090    0.6200    -737.0714  0.3453 
   00091    0.6225    -730.6922  0.3589 
   00092    0.6225    -734.6203  0.2989 
   00093    0.6225    -741.2870  0.2782 
   00094    0.6700    -712.4427  0.2762 
   00095    0.6550    -724.2957  0.3067 
   00096    0.6550    -687.2341  0.3015 
   00097    0.6225    -649.0834  0.3245 
   00098    0.6725    -716.5984  0.3309 
   00099    0.6375    -699.5079  0.3136 
   00100    0.5850    -672.3762  0.3413 
   00101    0.6775    -713.6396  0.3344 
   00102    0.6575    -711.1382  0.3120 
   00103    0.6075    -725.3529  0.3505 
   00104    0.6675    -732.0368  0.3392 
   00105    0.6475    -772.8321  0.3461 
   00106    0.6325    -751.7555  0.3125 
   00107    0.6350    -759.0664  0.3175 
   00108    0.6350    -716.3049  0.3343 
   00109    0.6375    -690.3942  0.3213 
   00110    0.6900    -667.9671  0.3432 
   00111    0.6525    -718.1869  0.3556 
   00112    0.5900    -740.3738  0.3415 
   00113    0.5750    -746.3308  0.3631 
   00114    0.6200    -722.5111  0.3679 
   00115    0.5875    -684.4480  0.3175 
   00116    0.6050    -685.1758  0.3213 
   00117    0.6850    -659.1168  0.2813 
   00118    0.6150    -715.7133  0.2854 
   00119    0.6925    -701.3676  0.2760 
   00120    0.6550    -717.1266  0.2792 
   00121    0.6575    -697.4529  0.3244 
   00122    0.5925    -690.7347  0.3236 
   00123    0.6175    -730.3999  0.3167 
   00124    0.6500    -789.2783  0.2845 
   00125    0.6875    -783.0657  0.2722 
   00126    0.6325    -764.9805  0.3054 
   00127    0.5700    -755.2370  0.2999 
   00128    0.5850    -769.0819  0.2973 
   00129    0.6175    -805.9396  0.2996 
   00130    0.5925    -803.7481  0.3336 
   00131    0.5675    -769.1206  0.3161 
   00132    0.6175    -749.6393  0.3161 
   00133    0.6300    -751.3403  0.2810 
   00134    0.5925    -732.7574  0.2645 
   00135    0.6275    -817.3952  0.2860 
   00136    0.6275    -785.2834  0.3182 
   00137    0.6025    -717.5608  0.2861 
   00138    0.6250    -697.5996  0.2946 
   00139    0.6675    -729.4649  0.2859 
   00140    0.6475    -719.1117  0.2978 
   00141    0.5875    -796.2798  0.3249 
   00142    0.6000    -765.7687  0.3055 
   00143    0.6375    -756.2250  0.3175 
   00144    0.6575    -748.7307  0.3297 
   00145    0.6075    -768.0825  0.3339 
   00146    0.5725    -750.7034  0.2984 
   00147    0.5650    -781.4224  0.3039 
   00148    0.6250    -740.8821  0.3092 
   00149    0.6500    -739.6256  0.3208 
   00150    0.6575    -767.2747  0.3075 
   00151    0.6075    -784.9333  0.2759 
   00152    0.5850    -748.1159  0.2746 
   00153    0.6100    -700.2688  0.3056 
   00154    0.6950    -727.3241  0.3072 
   00155    0.6450    -671.8574  0.2877 
   00156    0.6625    -702.7300  0.2726 
   00157    0.6500    -702.2928  0.3049 
   00158    0.6425    -653.5185  0.3024 
   00159    0.6625    -673.1045  0.3324 
   00160    0.6975    -671.7229  0.3052 
   00161    0.6700    -686.6618  0.3501 
   00162    0.6375    -730.0612  0.3556 
   00163    0.6000    -696.3951  0.3448 
   00164    0.6400    -709.7913  0.3868 
   00165    0.6350    -707.1882  0.3679 
   00166    0.6675    -692.9021  0.3690 
   00167    0.6700    -735.7496  0.3238 
   00168    0.6450    -726.3520  0.3379 
   00169    0.6450    -717.3746  0.3620 
   00170    0.6175    -740.0495  0.3690 
   00171    0.6075    -769.5141  0.3413 
   00172    0.6150    -713.6621  0.3319 
   00173    0.6775    -671.6254  0.3140 
   00174    0.6625    -671.1695  0.2897 
   00175    0.6100    -735.1992  0.2819 
   00176    0.6375    -737.4613  0.2717 
   00177    0.6075    -759.5239  0.2824 
   00178    0.6050    -743.8625  0.2949 
   00179    0.6250    -772.0755  0.3257 
   00180    0.6275    -766.1250  0.3261 
   00181    0.5875    -813.2770  0.2876 
   00182    0.5625    -790.8571  0.2955 
   00183    0.6100    -771.2644  0.3089 
   00184    0.6000    -764.9088  0.3032 
   00185    0.6025    -770.7065  0.2784 
   00186    0.6300    -769.9345  0.2911 
   00187    0.5925    -821.0225  0.3328 
   00188    0.6000    -790.2407  0.3441 
   00189    0.6050    -775.6239  0.3565 
   00190    0.5625    -797.0263  0.3427 
   00191    0.5725    -782.4051  0.3240 
   00192    0.6000    -784.1324  0.3171 
   00193    0.5950    -806.3249  0.3152 
   00194    0.6050    -806.8719  0.3080 
   00195    0.5675    -799.2764  0.2703 
   00196    0.5925    -789.2546  0.2818 
   00197    0.6275    -741.8577  0.3101 
   00198    0.6400    -754.3835  0.3104 
   00199    0.6150    -763.4480  0.3144 
   00200    0.5725    -764.8722  0.3404 
   00201    0.6075    -802.4967  0.3212 
   00202    0.5725    -796.6256  0.3058 
   00203    0.5850    -755.4486  0.3159 
   00204    0.6275    -741.4136  0.2876 
   00205    0.6250    -750.4702  0.2691 
   00206    0.5950    -773.6677  0.3145 
   00207    0.5575    -826.9437  0.2586 
   00208    0.6650    -802.3529  0.2628 
   00209    0.6100    -790.4907  0.2778 
   00210    0.5775    -741.7183  0.2654 
   00211    0.6175    -728.0204  0.3104 
   00212    0.6725    -701.2324  0.2960 
   00213    0.6375    -731.0906  0.3003 
   00214    0.6500    -704.8302  0.2757 
   00215    0.6775    -746.4503  0.2739 
   00216    0.6500    -706.1695  0.2698 
   00217    0.6750    -690.2171  0.2867 
   00218    0.6325    -694.5896  0.3287 
   00219    0.6725    -726.8050  0.3038 
   00220    0.6650    -705.1996  0.3252 
   00221    0.6475    -718.5964  0.3091 
   00222    0.6200    -711.9558  0.3082 
   00223    0.6250    -680.3854  0.2743 
   00224    0.6925    -735.9800  0.2779 
   00225    0.6700    -745.0019  0.3135 
   00226    0.6400    -747.9638  0.3005 
   00227    0.6300    -783.6141  0.2711 
   00228    0.6150    -767.7772  0.2895 
   00229    0.6200    -754.5363  0.2950 
   00230    0.6025    -729.6852  0.2780 
   00231    0.6500    -741.3832  0.2691 
   00232    0.6150    -732.3739  0.2899 
   00233    0.6175    -767.7845  0.3182 
   00234    0.6450    -784.0281  0.3516 
   00235    0.6525    -692.0129  0.3071 
   00236    0.6000    -728.3571  0.3150 
   00237    0.6400    -708.0596  0.3189 
   00238    0.6475    -741.6609  0.2944 
   00239    0.6750    -737.9137  0.3168 
   00240    0.6325    -745.2578  0.3156 
   00241    0.5950    -752.7574  0.3222 
   00242    0.5900    -706.3825  0.3194 
   00243    0.5850    -739.5769  0.3249 
   00244    0.5850    -757.8504  0.3125 
   00245    0.6475    -720.3881  0.3151 
   00246    0.6575    -711.4881  0.3120 
   00247    0.6875    -743.0896  0.3020 
   00248    0.5875    -711.3080  0.3272 
   00249    0.6425    -744.2758  0.3400 
   00250    0.5825    -775.0111  0.3541 
   00251    0.6025    -745.1274  0.3935 
   00252    0.6400    -781.6568  0.3712 
   00253    0.6250    -787.9692  0.3702 
   00254    0.5650    -773.3817  0.3793 
   00255    0.6425    -731.3186  0.3858 
   00256    0.6150    -776.8337  0.3675 
   00257    0.6000    -774.6793  0.3453 
   00258    0.5900    -759.2253  0.3392 
   00259    0.6050    -780.1519  0.3277 
   00260    0.6500    -763.3901  0.3080 
   00261    0.6000    -771.6039  0.3283 
   00262    0.6175    -710.6853  0.3429 
   00263    0.6300    -669.1929  0.3325 
   00264    0.6525    -673.8507  0.3675 
   00265    0.6275    -721.4298  0.3448 
   00266    0.6875    -726.2776  0.3575 
   00267    0.6225    -731.9740  0.3665 
   00268    0.6400    -775.9993  0.3595 
   00269    0.5950    -733.8073  0.3912 
   00270    0.6950    -723.7015  0.3753 
   00271    0.6325    -709.7446  0.3552 
   00272    0.6250    -750.2567  0.3455 
   00273    0.6050    -746.3134  0.3648 
   00274    0.6250    -731.5600  0.3624 
   00275    0.6925    -708.9448  0.3742 
   00276    0.6525    -681.2689  0.3375 
   00277    0.6150    -697.3496  0.3280 
   00278    0.6275    -712.3086  0.3418 
   00279    0.6250    -709.9892  0.3309 
   00280    0.6375    -779.3550  0.3616 
   00281    0.5575    -799.4564  0.3542 
   00282    0.5725    -740.4969  0.3191 
   00283    0.6050    -739.0563  0.3155 
   00284    0.6800    -715.8210  0.3164 
   00285    0.6575    -784.9653  0.3461 
   00286    0.6425    -819.0645  0.3123 
   00287    0.5650    -771.0100  0.3195 
   00288    0.6225    -754.0211  0.3340 
   00289    0.6300    -805.1788  0.3563 
   00290    0.6000    -817.6226  0.4021 
   00291    0.5925    -852.4193  0.4383 
   00292    0.5675    -842.3848  0.4404 
   00293    0.5775    -819.0725  0.4348 
   00294    0.6150    -808.1860  0.4334 
   00295    0.6075    -799.9512  0.4220 
   00296    0.6025    -805.2548  0.4375 
   00297    0.5925    -788.6713  0.4007 
   00298    0.6275    -730.1694  0.3416 
   00299    0.6000    -752.6508  0.3480 
   00300    0.6150    -743.8259  0.3343 
   00301    0.6250    -747.9895  0.3087 
   00302    0.6425    -715.1882  0.3003 
   00303    0.6600    -743.4668  0.3051 
   00304    0.6700    -741.8108  0.2656 
   00305    0.5950    -754.0539  0.2787 
   00306    0.6200    -754.9308  0.2856 
   00307    0.6225    -798.1383  0.2744 
   00308    0.6375    -752.6032  0.2670 
   00309    0.6500    -752.0014  0.2600 
   00310    0.6300    -786.2262  0.2802 
   00311    0.5775    -778.9518  0.2849 
   00312    0.5850    -686.1541  0.2795 
   00313    0.5875    -740.2926  0.3032 
   00314    0.6500    -747.3640  0.3228 
   00315    0.6300    -751.1864  0.3067 
   00316    0.6475    -706.5502  0.3231 
   00317    0.6350    -728.1686  0.3046 
   00318    0.6250    -818.9280  0.3080 
   00319    0.5775    -823.1007  0.3523 
   00320    0.5525    -758.9500  0.3421 
   00321    0.6225    -771.3714  0.3637 
   00322    0.6650    -731.1751  0.3407 
   00323    0.6725    -735.6168  0.3257 
   00324    0.5925    -759.2990  0.3089 
   00325    0.5875    -783.2341  0.2936 
   00326    0.6300    -717.7540  0.2747 
   00327    0.6200    -667.6647  0.2821 
   00328    0.6225    -691.7772  0.2969 
   00329    0.6400    -723.2528  0.3027 
   00330    0.6475    -726.2668  0.3044 
   00331    0.5950    -754.0670  0.2845 
   00332    0.6075    -748.0780  0.2560 
   00333    0.6525    -735.7029  0.2553 
   00334    0.6400    -732.5460  0.2877 
   00335    0.6175    -707.7591  0.2719 
   00336    0.6100    -697.6125  0.2841 
   00337    0.6325    -738.7097  0.2749 
   00338    0.5550    -761.6558  0.2808 
   00339    0.6625    -791.8744  0.3066 
   00340    0.6000    -801.3318  0.3158 
   00341    0.5675    -762.9219  0.2864 
   00342    0.6150    -720.3057  0.3048 
   00343    0.6375    -684.3735  0.2825 
   00344    0.6850    -653.7522  0.3031 
   00345    0.6475    -698.7796  0.3218 
   00346    0.6500    -704.7668  0.2939 
   00347    0.6825    -649.3332  0.2890 
   00348    0.6550    -729.5982  0.3400 
   00349    0.6725    -751.7377  0.3126 
   00350    0.6000    -746.8566  0.3421 
   00351    0.5750    -773.5898  0.3429 
   00352    0.6250    -735.0548  0.3453 
   00353    0.5650    -756.1379  0.3682 
   00354    0.6300    -714.8815  0.3499 
   00355    0.6325    -799.5280  0.3338 
   00356    0.5775    -767.5551  0.3201 
   00357    0.6075    -784.3516  0.3067 
   00358    0.6175    -789.5455  0.3374 
   00359    0.6125    -737.0926  0.3114 
   00360    0.6575    -681.3242  0.3098 
   00361    0.6725    -687.6295  0.3119 
   00362    0.6700    -714.2184  0.2985 
   00363    0.6100    -751.6752  0.3037 
   00364    0.6450    -718.5218  0.3704 
   00365    0.5875    -735.0190  0.3165 
   00366    0.6225    -771.0188  0.3247 
   00367    0.5775    -790.7883  0.3440 
   00368    0.6125    -791.8656  0.3698 
   00369    0.6425    -749.9555  0.3497 
   00370    0.6075    -781.9906  0.3739 
   00371    0.6600    -722.8580  0.3643 
   00372    0.5800    -756.5904  0.3822 
   00373    0.6100    -736.8866  0.4121 
   00374    0.6625    -758.2418  0.4230 
   00375    0.5825    -781.0269  0.4371 
   00376    0.5925    -786.8599  0.4125 
   00377    0.6000    -774.8273  0.4081 
   00378    0.6075    -786.4432  0.3795 
   00379    0.6250    -779.0453  0.3338 
   00380    0.6225    -756.1548  0.3337 
   00381    0.5950    -756.0149  0.3061 
   00382    0.5925    -797.1380  0.3054 
   00383    0.5825    -801.0667  0.3154 
   00384    0.5750    -817.6913  0.3295 
   00385    0.6075    -788.1191  0.3156 
   00386    0.6000    -763.0992  0.2835 
   00387    0.5900    -767.2600  0.3011 
   00388    0.5925    -750.8811  0.3399 
   00389    0.5925    -724.7711  0.3515 
   00390    0.6375    -758.8382  0.3234 
   00391    0.6075    -734.9099  0.3338 
   00392    0.6075    -768.7501  0.3119 
   00393    0.6100    -748.7337  0.2751 
   00394    0.6375    -785.0221  0.2653 
   00395    0.5825    -743.4812  0.2901 
   00396    0.6350    -700.6802  0.3012 
   00397    0.6375    -730.8659  0.3495 
   00398    0.6050    -794.7913  0.3626 
   00399    0.6075    -729.2419  0.3686 
   00400    0.6475    -687.6076  0.3243 
   00401    0.6000    -724.4526  0.3072 
   00402    0.6600    -668.8507  0.3172 
   00403    0.6450    -705.5342  0.3191 
   00404    0.6625    -742.6988  0.3479 
   00405    0.6050    -762.2549  0.3605 
   00406    0.6350    -777.2396  0.3607 
   00407    0.6350    -773.5091  0.3820 
   00408    0.6275    -737.7291  0.3373 
   00409    0.6275    -742.7282  0.3078 
   00410    0.6225    -735.0323  0.3425 
   00411    0.5950    -723.5529  0.3149 
   00412    0.6700    -713.2622  0.2903 
   00413    0.6050    -707.3932  0.2845 
   00414    0.6600    -675.5037  0.2676 
   00415    0.7000    -677.3139  0.2704 
   00416    0.6225    -725.1014  0.2673 
   00417    0.6350    -723.3115  0.2863 
   00418    0.6050    -744.1168  0.3417 
   00419    0.5950    -712.1138  0.2981 
   00420    0.6675    -698.2791  0.3442 
   00421    0.6550    -727.5637  0.3268 
   00422    0.6400    -681.6858  0.3423 
   00423    0.6300    -689.3830  0.3148 
   00424    0.6750    -703.4078  0.2910 
   00425    0.6175    -755.1027  0.2920 
   00426    0.6525    -728.1253  0.3158 
   00427    0.6125    -701.8637  0.3042 
   00428    0.6425    -706.4854  0.3492 
   00429    0.6250    -708.1341  0.3097 
   00430    0.6175    -672.9889  0.3114 
   00431    0.6675    -708.5273  0.3247 
   00432    0.6225    -673.2081  0.3340 
   00433    0.6275    -691.0103  0.3021 
   00434    0.6750    -699.1730  0.2694 
   00435    0.6325    -688.5848  0.2515 
   00436    0.5800    -684.8643  0.3195 
   00437    0.6425    -708.0358  0.3054 
   00438    0.6675    -713.9292  0.3014 
   00439    0.6575    -752.2003  0.3106 
   00440    0.6350    -704.3129  0.3253 
   00441    0.6450    -768.7917  0.2683 
   00442    0.6725    -732.7800  0.2965 
   00443    0.6250    -730.7073  0.2952 
   00444    0.6125    -695.7946  0.2749 
   00445    0.6525    -719.7437  0.2654 
   00446    0.6550    -700.6588  0.2936 
   00447    0.6100    -721.2031  0.2988 
   00448    0.6250    -723.7075  0.3137 
   00449    0.6400    -754.7744  0.3406 
   00450    0.6125    -802.9721  0.3078 
   00451    0.6025    -789.8677  0.2974 
   00452    0.6500    -782.3134  0.3306 
   00453    0.6200    -755.5082  0.2926 
   00454    0.5800    -805.9280  0.3240 
   00455    0.6400    -807.4929  0.3363 
   00456    0.6075    -764.5362  0.3387 
   00457    0.6200    -801.1066  0.3473 
   00458    0.6525    -791.8862  0.3328 
   00459    0.5875    -722.3327  0.3182 
   00460    0.6375    -771.8122  0.3203 
   00461    0.5925    -734.6476  0.2891 
   00462    0.6475    -751.1328  0.3390 
   00463    0.6325    -769.2010  0.3307 
   00464    0.6050    -783.1639  0.3229 
   00465    0.6450    -734.2835  0.3432 
   00466    0.5975    -750.8532  0.3460 
   00467    0.5800    -788.8766  0.3156 
   00468    0.6400    -797.7144  0.3310 
   00469    0.5750    -764.5716  0.3258 
   00470    0.6150    -759.2050  0.3652 
   00471    0.6225    -787.7637  0.3744 
   00472    0.6550    -780.0110  0.3837 
   00473    0.5925    -767.0726  0.3889 
   00474    0.6250    -815.4590  0.4123 
   00475    0.5775    -796.2445  0.3773 
   00476    0.6575    -770.4430  0.3589 
   00477    0.6025    -819.2708  0.3174 
   00478    0.5850    -799.7045  0.3497 
   00479    0.6150    -742.5357  0.3336 
   00480    0.6400    -748.9280  0.3334 
   00481    0.6225    -733.8670  0.3272 
   00482    0.6400    -764.4138  0.3254 
   00483    0.6625    -777.6297  0.3429 
   00484    0.6075    -735.2711  0.3217 
   00485    0.6500    -763.7519  0.3085 
   00486    0.6625    -757.4199  0.2898 
   00487    0.6200    -759.8527  0.2712 
   00488    0.5900    -707.2204  0.3123 
   00489    0.6500    -744.1718  0.2844 
   00490    0.6075    -718.4600  0.2658 
   00491    0.5975    -779.4193  0.2760 
   00492    0.6025    -754.0847  0.2942 
   00493    0.6325    -794.9050  0.2592 
   00494    0.6025    -770.4229  0.2948 
   00495    0.6550    -747.6242  0.2831 
   00496    0.6500    -736.8230  0.2790 
   00497    0.6275    -737.5596  0.3065 
   00498    0.6575    -703.2849  0.3315 
   00499    0.6675    -714.5302  0.3357 
   00500    0.6400    -669.0401  0.3035 
   00501    0.6125    -702.4636  0.3012 
   00502    0.6175    -688.0978  0.2917 
   00503    0.6400    -738.3968  0.3117 
   00504    0.6175    -684.5696  0.2850 
   00505    0.6625    -700.5183  0.3081 
   00506    0.6250    -705.7439  0.3535 
   00507    0.6475    -682.4050  0.3322 
   00508    0.6225    -749.2808  0.3067 
   00509    0.6475    -757.7658  0.3521 
   00510    0.6000    -798.5718  0.3593 
   00511    0.6175    -738.9637  0.3334 
   00512    0.6000    -732.9657  0.3597 
   00513    0.6650    -786.2358  0.3758 
   00514    0.6425    -754.8605  0.3153 
   00515    0.5650    -736.7501  0.3252 
   00516    0.6300    -747.2701  0.3094 
   00517    0.6375    -737.9598  0.3465 
   00518    0.6325    -720.7575  0.3236 
   00519    0.6175    -707.2959  0.3142 
   00520    0.6575    -787.1875  0.3102 
   00521    0.6375    -764.4691  0.2649 
   00522    0.6025    -748.4981  0.3068 
   00523    0.6325    -747.2198  0.3245 
   00524    0.5975    -684.2348  0.3025 
   00525    0.6500    -724.5387  0.2695 
   00526    0.6700    -759.3667  0.2643 
   00527    0.6350    -735.5988  0.2829 
   00528    0.6525    -744.7238  0.2721 
   00529    0.5975    -799.1295  0.2609 
   00530    0.6050    -719.1661  0.2648 
   00531    0.6475    -732.2350  0.2703 
   00532    0.6575    -740.4799  0.2945 
   00533    0.5925    -762.8297  0.2653 
   00534    0.5675    -800.2120  0.2691 
   00535    0.5600    -746.7764  0.2736 
   00536    0.5900    -768.8460  0.2885 
   00537    0.5975    -798.8578  0.2797 
   00538    0.5975    -738.1316  0.2959 
   00539    0.6400    -746.2397  0.2718 
   00540    0.6525    -727.9361  0.2764 
   00541    0.6000    -688.1842  0.3025 
   00542    0.6600    -731.5734  0.3133 
   00543    0.6600    -763.7256  0.3127 
   00544    0.5950    -755.9956  0.2993 
   00545    0.6400    -708.7401  0.3558 
   00546    0.5675    -733.5058  0.3513 
   00547    0.6225    -722.0520  0.3036 
   00548    0.6475    -743.5296  0.3119 
   00549    0.6425    -754.0445  0.3146 
   00550    0.6150    -756.4048  0.3222 
   00551    0.6100    -762.1691  0.3123 
   00552    0.6225    -811.9193  0.3287 
   00553    0.6000    -804.3387  0.3349 
   00554    0.5625    -787.0168  0.3402 
   00555    0.5650    -787.2167  0.3224 
   00556    0.5875    -790.1513  0.3086 
   00557    0.6250    -738.0808  0.2856 
   00558    0.6275    -726.5833  0.3379 
   00559    0.5975    -713.7294  0.3112 
   00560    0.6275    -768.8734  0.3362 
   00561    0.6175    -760.7576  0.3258 
   00562    0.6425    -744.5314  0.3033 
   00563    0.6675    -689.1133  0.2956 
   00564    0.6675    -715.5280  0.2614 
   00565    0.6325    -713.4627  0.2573 
   00566    0.6275    -721.7283  0.3085 
   00567    0.6250    -752.2441  0.3076 
   00568    0.5950    -793.7570  0.3105 
   00569    0.5900    -808.9369  0.2662 
   00570    0.6525    -772.9955  0.2801 
   00571    0.6150    -761.6597  0.2710 
   00572    0.6175    -744.3836  0.2592 
   00573    0.6450    -762.0447  0.2725 
   00574    0.5600    -750.9960  0.2672 
   00575    0.6150    -717.7124  0.2866 
   00576    0.6275    -711.0118  0.2966 
   00577    0.6675    -712.4792  0.2545 
   00578    0.6675    -716.1668  0.2994 
   00579    0.6575    -692.6708  0.3210 
   00580    0.6650    -738.3568  0.3263 
   00581    0.6675    -725.8213  0.3433 
   00582    0.6125    -813.3530  0.3747 
   00583    0.6325    -786.0917  0.3833 
   00584    0.5575    -790.9091  0.3637 
   00585    0.5725    -802.9812  0.3454 
   00586    0.5975    -815.1903  0.3620 
   00587    0.5625    -751.4489  0.3423 
   00588    0.6300    -752.3471  0.3615 
   00589    0.5775    -772.7321  0.3681 
   00590    0.6150    -724.1309  0.3270 
   00591    0.6450    -747.0280  0.3766 
   00592    0.5925    -767.3249  0.3740 
   00593    0.6200    -756.1378  0.3965 
   00594    0.6125    -773.1491  0.4025 
   00595    0.6425    -732.6344  0.3747 
   00596    0.6850    -709.6551  0.3623 
   00597    0.6650    -744.4877  0.3903 
   00598    0.5925    -774.7676  0.3465 
   00599    0.6550    -792.6107  0.3549 
   00600    0.5475    -784.1174  0.3538 
   00601    0.6250    -745.4629  0.3614 
   00602    0.5775    -764.1309  0.3379 
   00603    0.6550    -755.5682  0.3355 
   00604    0.6150    -749.6487  0.3164 
   00605    0.5950    -759.5498  0.3401 
   00606    0.6300    -764.1369  0.3634 
   00607    0.6325    -789.3952  0.4438 
   00608    0.6225    -775.9085  0.4146 
   00609    0.5850    -796.2990  0.3728 
   00610    0.5875    -805.4985  0.3797 
   00611    0.6025    -768.7074  0.3585 
   00612    0.6200    -786.4691  0.3410 
   00613    0.6250    -771.6830  0.3754 
   00614    0.5900    -753.5191  0.3521 
   00615    0.6250    -696.6811  0.3183 
   00616    0.6625    -719.2448  0.3060 
   00617    0.6350    -782.6228  0.2805 
   00618    0.5800    -814.7452  0.3149 
   00619    0.5875    -801.7164  0.3308 
   00620    0.6025    -809.9501  0.3372 
   00621    0.5900    -759.7643  0.2998 
   00622    0.6175    -704.6281  0.3200 
   00623    0.6725    -713.6525  0.3300 
   00624    0.6825    -711.2963  0.2778 
   00625    0.6500    -776.0837  0.2981 
   00626    0.6350    -724.2347  0.3070 
   00627    0.6425    -729.8935  0.2980 
   00628    0.6175    -740.1124  0.3030 
   00629    0.5900    -746.0638  0.3217 
   00630    0.5700    -762.8758  0.3143 
   00631    0.6075    -707.5247  0.3101 
   00632    0.6300    -717.8459  0.3179 
   00633    0.6400    -751.8177  0.2960 
   00634    0.6250    -783.3511  0.3170 
   00635    0.6550    -738.2925  0.3313 
   00636    0.5775    -768.9323  0.3121 
   00637    0.6025    -770.1063  0.3167 
   00638    0.6225    -798.4244  0.2835 
   00639    0.5900    -756.1378  0.2941 
   00640    0.6200    -777.0653  0.3169 
   00641    0.5875    -770.0865  0.3149 
   00642    0.6175    -714.5240  0.2775 
   00643    0.6700    -733.9075  0.3025 
   00644    0.5875    -768.2568  0.3327 
   00645    0.6575    -694.6736  0.3363 
   00646    0.6000    -718.8243  0.3147 
   00647    0.6300    -765.2110  0.2693 
   00648    0.5925    -783.5134  0.3006 
   00649    0.5650    -812.1100  0.2868 
   00650    0.6350    -740.1616  0.2978 
   00651    0.6075    -766.2428  0.2940 
   00652    0.6200    -763.2502  0.2980 
   00653    0.5975    -807.9850  0.3147 
   00654    0.5875    -769.7435  0.3108 
   00655    0.6125    -755.8363  0.3495 
   00656    0.5975    -735.7733  0.3482 
   00657    0.6225    -741.8288  0.3626 
   00658    0.6075    -738.8211  0.3802 
   00659    0.6150    -772.9997  0.3894 
   00660    0.6375    -800.1999  0.3940 
   00661    0.5975    -767.6949  0.3773 
   00662    0.6025    -784.2320  0.3310 
   00663    0.5900    -777.8205  0.3423 
   00664    0.6400    -767.6254  0.3487 
   00665    0.6350    -683.7993  0.3480 
   00666    0.6350    -724.0332  0.3637 
   00667    0.6350    -715.8041  0.3606 
   00668    0.6300    -741.7511  0.3833 
   00669    0.6125    -712.9580  0.3632 
   00670    0.6750    -676.2776  0.3665 
   00671    0.6375    -689.6047  0.3617 
   00672    0.6300    -751.0439  0.3855 
   00673    0.6125    -745.5093  0.4054 
   00674    0.6525    -748.9549  0.3865 
   00675    0.6500    -762.0894  0.3438 
   00676    0.6050    -736.7708  0.3825 
   00677    0.6125    -736.9428  0.3887 
   00678    0.6225    -752.3040  0.3920 
   00679    0.6500    -778.0470  0.4321 
   00680    0.5950    -757.1206  0.4362 
   00681    0.6250    -702.9275  0.3992 
   00682    0.6425    -740.4395  0.4006 
   00683    0.6125    -717.4932  0.4154 
   00684    0.6550    -732.5105  0.4132 
   00685    0.6100    -789.7877  0.4081 
   00686    0.6400    -774.0408  0.4307 
   00687    0.5900    -754.1472  0.3985 
   00688    0.5950    -709.0267  0.3646 
   00689    0.6450    -753.3503  0.3346 
   00690    0.6000    -760.5422  0.3306 
   00691    0.6525    -730.6086  0.3666 
   00692    0.6025    -744.1580  0.3331 
   00693    0.6225    -750.6686  0.3365 
   00694    0.6275    -766.6670  0.3218 
   00695    0.6525    -717.5958  0.3268 
   00696    0.6275    -694.7126  0.3037 
   00697    0.5950    -758.0671  0.3302 
   00698    0.6525    -723.2839  0.3461 
   00699    0.6250    -695.5837  0.3838 
   00700    0.6275    -718.0742  0.3707 
   00701    0.6700    -691.6443  0.3378 
   00702    0.6475    -695.9517  0.3432 
   00703    0.6375    -735.1770  0.3484 
   00704    0.6125    -769.7625  0.3595 
   00705    0.6275    -767.8028  0.3755 
   00706    0.6500    -789.1404  0.3930 
   00707    0.6275    -776.3258  0.3746 
   00708    0.6425    -779.4880  0.3576 
   00709    0.5700    -823.6617  0.4232 
   00710    0.5625    -819.8179  0.4099 
   00711    0.5775    -778.0772  0.3750 
   00712    0.6175    -817.5665  0.3955 
   00713    0.6025    -832.4352  0.3768 
   00714    0.5725    -756.8686  0.3615 
   00715    0.6075    -739.2662  0.3848 
   00716    0.6625    -708.3606  0.3699 
   00717    0.6525    -700.4721  0.3894 
   00718    0.6850    -689.1263  0.3667 
   00719    0.6725    -731.2369  0.3068 
   00720    0.6075    -713.6236  0.3492 
   00721    0.6125    -707.3505  0.3363 
   00722    0.6425    -775.5870  0.3196 
   00723    0.5900    -772.1425  0.2938 
   00724    0.6050    -760.4113  0.2703 
   00725    0.6625    -773.1308  0.2587 
   00726    0.6575    -764.8344  0.3349 
   00727    0.6100    -744.6850  0.3157 
   00728    0.6375    -731.9405  0.2966 
   00729    0.6200    -744.3674  0.2995 
   00730    0.5650    -760.3148  0.2890 
   00731    0.6125    -773.9098  0.2717 
   00732    0.5900    -752.0804  0.2657 
   00733    0.5900    -787.7776  0.2730 
   00734    0.6475    -791.2220  0.2846 
   00735    0.5925    -775.9569  0.2784 
   00736    0.6450    -747.9793  0.2631 
   00737    0.6175    -784.4557  0.2642 
   00738    0.6200    -773.2068  0.2761 
   00739    0.5600    -759.4962  0.2850 
   00740    0.6175    -780.3039  0.2891 
   00741    0.6375    -720.2509  0.2560 
   00742    0.6025    -753.7856  0.2816 
   00743    0.6450    -786.7404  0.2953 
   00744    0.6000    -774.8275  0.2604 
   00745    0.6050    -768.2184  0.2659 
   00746    0.6325    -733.9611  0.2557 
   00747    0.6625    -699.7303  0.2985 
   00748    0.6375    -701.2864  0.3153 
   00749    0.6450    -693.0131  0.3424 
   00750    0.6250    -706.4825  0.3286 
   00751    0.6025    -698.5024  0.2693 
   00752    0.6475    -751.3207  0.2833 
   00753    0.6575    -757.1480  0.3081 
   00754    0.5850    -751.2772  0.3300 
   00755    0.6425    -772.5914  0.3400 
   00756    0.6075    -747.0851  0.3339 
   00757    0.6125    -754.3618  0.3125 
   00758    0.6450    -739.1892  0.3103 
   00759    0.6200    -750.0628  0.2897 
   00760    0.6150    -787.2637  0.3252 
   00761    0.6025    -707.5714  0.2996 
   00762    0.6625    -729.5254  0.2819 
   00763    0.5875    -747.3149  0.2765 
   00764    0.6350    -702.5653  0.2685 
   00765    0.6575    -712.0948  0.3092 
   00766    0.6175    -717.4939  0.2636 
   00767    0.5650    -710.8810  0.3074 
   00768    0.6550    -724.8588  0.2929 
   00769    0.6525    -707.7925  0.2944 
   00770    0.6025    -756.2317  0.3286 
   00771    0.6275    -721.8629  0.3137 
   00772    0.6475    -731.2000  0.3158 
   00773    0.6200    -780.4279  0.2973 
   00774    0.6050    -751.8926  0.2881 
   00775    0.6400    -709.1302  0.2956 
   00776    0.6375    -675.4635  0.2767 
   00777    0.6200    -730.6465  0.2778 
   00778    0.6700    -724.0847  0.2810 
   00779    0.6000    -728.4306  0.2659 
   00780    0.6450    -770.8470  0.2814 
   00781    0.6375    -806.2888  0.2976 
   00782    0.6050    -794.4392  0.3527 
   00783    0.5950    -768.0888  0.3051 
   00784    0.6400    -764.8387  0.3056 
   00785    0.6100    -757.8021  0.3022 
   00786    0.6525    -724.6889  0.3163 
   00787    0.5925    -709.8851  0.3048 
   00788    0.6425    -723.7219  0.3366 
   00789    0.6425    -740.1137  0.3515 
   00790    0.5875    -719.3585  0.3479 
   00791    0.6325    -760.9032  0.3677 
   00792    0.6225    -741.2927  0.3315 
   00793    0.6075    -741.5140  0.3173 
   00794    0.6325    -735.5325  0.2875 
   00795    0.6450    -726.4233  0.2789 
   00796    0.6350    -729.0903  0.2818 
   00797    0.6400    -725.6765  0.2883 
   00798    0.6575    -735.2649  0.2732 
   00799    0.6375    -772.7825  0.2676 
   00800    0.6250    -801.8143  0.2644 
   00801    0.6225    -760.7802  0.3074 
   00802    0.6575    -747.4641  0.2967 
   00803    0.6450    -708.3198  0.3066 
   00804    0.6375    -699.3054  0.3307 
   00805    0.6375    -726.2309  0.3386 
   00806    0.6350    -752.3950  0.3263 
   00807    0.6200    -782.2737  0.2934 
   00808    0.6525    -753.3298  0.3166 
   00809    0.6175    -800.8651  0.3174 
   00810    0.6050    -801.9191  0.3061 
   00811    0.6025    -794.6778  0.2688 
   00812    0.5925    -773.3888  0.2869 
   00813    0.6325    -759.5698  0.2714 
   00814    0.6050    -734.6333  0.2716 
   00815    0.6575    -760.4669  0.3087 
   00816    0.6225    -770.3381  0.3560 
   00817    0.6125    -763.1482  0.3672 
   00818    0.6575    -720.0703  0.3808 
   00819    0.5975    -724.4278  0.4016 
   00820    0.6125    -762.4576  0.4083 
   00821    0.6000    -790.1737  0.4341 
   00822    0.6025    -780.6220  0.3902 
   00823    0.5650    -793.0062  0.4034 
   00824    0.6250    -791.1244  0.4150 
   00825    0.6400    -762.8161  0.4201 
   00826    0.6100    -756.8730  0.3942 
   00827    0.6075    -763.2338  0.3773 
   00828    0.5750    -777.2990  0.3458 
   00829    0.6250    -724.5529  0.3333 
   00830    0.5800    -748.1036  0.3585 
   00831    0.6050    -768.1602  0.3245 
   00832    0.6075    -782.3254  0.3186 
   00833    0.6100    -744.1289  0.2816 
   00834    0.6450    -743.3603  0.3199 
   00835    0.6325    -731.9697  0.3511 
   00836    0.6500    -688.9209  0.3461 
   00837    0.6675    -702.8330  0.3226 
   00838    0.6675    -707.2575  0.3188 
   00839    0.6575    -728.6186  0.3068 
   00840    0.6025    -731.1036  0.3109 
   00841    0.6350    -741.0176  0.2740 
   00842    0.6700    -697.3589  0.2816 
   00843    0.6150    -695.1060  0.2822 
   00844    0.5775    -688.0251  0.3002 
   00845    0.6425    -710.4213  0.2947 
   00846    0.6625    -745.1732  0.2642 
   00847    0.6150    -784.1030  0.2787 
   00848    0.6000    -772.6283  0.3098 
   00849    0.6100    -724.5961  0.3159 
   00850    0.6175    -678.4572  0.3364 
   00851    0.6600    -632.7151  0.3410 
   00852    0.6500    -697.2361  0.3500 
   00853    0.6500    -745.0661  0.3587 
   00854    0.6200    -747.2678  0.3989 
   00855    0.6500    -787.6842  0.3989 
   00856    0.6475    -767.4920  0.3439 
   00857    0.6025    -764.1085  0.3342 
   00858    0.6275    -717.4595  0.3390 
   00859    0.6200    -708.3503  0.3333 
   00860    0.6400    -721.9987  0.3725 
   00861    0.6400    -732.7214  0.3261 
   00862    0.5975    -723.8443  0.2916 
   00863    0.6750    -718.6707  0.2791 
   00864    0.6525    -737.2104  0.2932 
   00865    0.6125    -718.1873  0.2804 
   00866    0.7100    -707.8638  0.3423 
   00867    0.6600    -700.8945  0.3109 
   00868    0.6375    -732.7844  0.3016 
   00869    0.6575    -735.7411  0.2558 
   00870    0.6375    -745.1023  0.2876 
   00871    0.6325    -704.8351  0.2876 
   00872    0.6525    -741.7933  0.2896 
   00873    0.5950    -732.9982  0.3288 
   00874    0.6625    -711.1128  0.3335 
   00875    0.6500    -746.2293  0.3244 
   00876    0.5975    -741.8791  0.3408 
   00877    0.6375    -737.4185  0.3229 
   00878    0.6500    -700.4036  0.3110 
   00879    0.6475    -732.9299  0.3181 
   00880    0.6050    -726.1949  0.2853 
   00881    0.6125    -758.0330  0.2945 
   00882    0.6050    -717.5140  0.2936 
   00883    0.6325    -665.8250  0.2960 
   00884    0.6575    -677.6313  0.3266 
   00885    0.6550    -728.3275  0.3523 
   00886    0.6750    -742.7911  0.3632 
   00887    0.6100    -763.8084  0.3220 
   00888    0.6125    -734.3866  0.3200 
   00889    0.6650    -719.5103  0.3016 
   00890    0.6650    -733.0747  0.3150 
   00891    0.6650    -743.5613  0.2785 
   00892    0.6450    -721.0607  0.2709 
   00893    0.6175    -727.5285  0.2730 
   00894    0.6225    -739.7454  0.2821 
   00895    0.6425    -753.9568  0.2808 
   00896    0.6025    -776.3240  0.2728 
   00897    0.5750    -765.4625  0.3081 
   00898    0.6075    -775.4008  0.3331 
   00899    0.6225    -756.4263  0.3335 
   00900    0.5800    -768.6179  0.3522 
   00901    0.6300    -726.6913  0.3184 
   00902    0.6175    -716.1402  0.3328 
   00903    0.6025    -741.7009  0.3377 
   00904    0.6675    -744.9265  0.3476 
   00905    0.6375    -724.4734  0.3032 
   00906    0.6650    -739.6015  0.2980 
   00907    0.6225    -759.0710  0.2691 
   00908    0.6175    -781.6376  0.3054 
   00909    0.6525    -725.1753  0.3090 
   00910    0.6300    -743.5684  0.3214 
   00911    0.5825    -727.5576  0.2922 
   00912    0.6400    -732.8449  0.2815 
   00913    0.5900    -775.0337  0.3213 
   00914    0.5950    -787.5105  0.3419 
   00915    0.6275    -729.8842  0.2965 
   00916    0.6275    -704.4933  0.3070 
   00917    0.6525    -711.1893  0.3408 
   00918    0.6100    -709.0813  0.3512 
   00919    0.6550    -747.8136  0.3767 
   00920    0.6150    -761.6408  0.3736 
   00921    0.6400    -789.9081  0.3885 
   00922    0.6675    -735.9151  0.3865 
   00923    0.6550    -718.6295  0.3566 
   00924    0.6100    -716.6596  0.3560 
   00925    0.6400    -716.3802  0.3673 
   00926    0.6325    -715.0110  0.3605 
   00927    0.7025    -737.2953  0.3596 
   00928    0.6000    -751.1763  0.3765 
   00929    0.6175    -778.7302  0.3723 
   00930    0.5850    -801.5438  0.3834 
   00931    0.6100    -772.5051  0.4138 
   00932    0.6250    -753.4560  0.4079 
   00933    0.6000    -797.9828  0.3908 
   00934    0.5600    -798.1793  0.3949 
   00935    0.6150    -799.7130  0.3446 
   00936    0.6250    -806.4363  0.3516 
   00937    0.6100    -791.9786  0.3612 
   00938    0.5850    -740.4803  0.3219 
   00939    0.6175    -743.1702  0.3128 
   00940    0.6475    -747.4853  0.2903 
   00941    0.6300    -783.1474  0.3062 
   00942    0.6325    -731.6256  0.3236 
   00943    0.6100    -743.7583  0.3005 
   00944    0.6075    -726.0986  0.2689 
   00945    0.6475    -719.4843  0.2802 
   00946    0.6225    -672.8136  0.2649 
   00947    0.6400    -682.3826  0.3128 
   00948    0.6475    -728.5166  0.3044 
   00949    0.6150    -759.3484  0.2793 
   00950    0.6250    -714.4392  0.2811 
   00951    0.7000    -691.9678  0.3050 
   00952    0.6300    -711.5450  0.2968 
   00953    0.6575    -744.0959  0.3093 
   00954    0.5950    -734.0463  0.3069 
   00955    0.6275    -750.7659  0.3347 
   00956    0.6200    -713.3928  0.3495 
   00957    0.6375    -771.2168  0.3121 
   00958    0.6200    -749.8200  0.3239 
   00959    0.6425    -763.7804  0.3335 
   00960    0.6200    -734.4993  0.3135 
   00961    0.6100    -702.0948  0.3489 
   00962    0.6000    -723.6182  0.3346 
   00963    0.6100    -749.6395  0.3322 
   00964    0.6675    -713.6220  0.3258 
   00965    0.6250    -727.9025  0.3006 
   00966    0.6325    -659.2420  0.3030 
   00967    0.6500    -731.1922  0.2831 
   00968    0.6100    -760.8402  0.2808 
   00969    0.6050    -781.6356  0.2673 
   00970    0.6000    -765.8587  0.2726 
   00971    0.6475    -717.4103  0.2995 
   00972    0.6200    -710.3274  0.3139 
   00973    0.6300    -720.7342  0.3348 
   00974    0.6175    -715.5858  0.3099 
   00975    0.6725    -699.6153  0.3226 
   00976    0.6000    -729.6555  0.3281 
   00977    0.6675    -703.7698  0.3745 
   00978    0.6375    -737.9534  0.3994 
   00979    0.6350    -735.0310  0.4156 
   00980    0.6275    -731.3575  0.3865 
   00981    0.6400    -753.9920  0.4012 
   00982    0.6525    -747.7682  0.3598 
   00983    0.6350    -747.2609  0.3461 
   00984    0.6175    -709.7518  0.3681 
   00985    0.6325    -707.3132  0.3205 
   00986    0.6100    -743.6556  0.3251 
   00987    0.6175    -714.8258  0.3129 
   00988    0.6100    -736.1713  0.3066 
   00989    0.5850    -780.9853  0.3312 
   00990    0.5925    -751.8375  0.3517 
   00991    0.6550    -714.6662  0.3745 
   00992    0.6250    -711.6390  0.3376 
   00993    0.6425    -737.4616  0.3503 
   00994    0.5975    -737.1194  0.3057 
   00995    0.6350    -763.7131  0.3287 
   00996    0.6050    -761.0548  0.2817 
   00997    0.6325    -709.0864  0.2629 
   00998    0.6575    -683.2057  0.2868 
   00999    0.5875    -748.2606  0.2916 
   01000    0.6100    -766.9774  0.2713 
