#=====================================================
# File created:        Sun-10-Mar-2024-at-03-55-36PM
# Size of lattice:     20x20
# Number of MC steps:  1000
# Reduced temperature: 0.650
# Run time (s):        0.803999
#=====================================================
# MC step:  Ratio:     Energy:   Order:
#=====================================================
   00000    0.5000     -31.0343  0.4075 
   00001    0.5200     -37.9388  0.3395 
   00002    0.6400     -48.1284  0.4518 
   00003    0.7600     -58.8777  0.6370 
   00004    0.5200     -57.0796  0.6035 
   00005    0.4400     -57.2504  0.6027 
   00006    0.5600     -64.0971  0.7051 
   00007    0.4000     -61.4750  0.6507 
   00008    0.5200     -62.1994  0.6789 
   00009    0.4000     -61.8002  0.6713 
   00010    0.3600     -60.8548  0.6279 
   00011    0.4800     -66.9046  0.6545 
   00012    0.3600     -64.7730  0.6162 
   00013    0.4800     -57.8371  0.5796 
   00014    0.4800     -59.1128  0.6437 
   00015    0.3200     -65.0966  0.6866 
   00016    0.5200     -70.6546  0.7620 
   00017    0.4800     -69.9446  0.7407 
   00018    0.3600     -72.5054  0.7809 
   00019    0.4000     -75.8008  0.8307 
   00020    0.4000     -74.3283  0.8241 
   00021    0.4400     -85.1602  0.8942 
   00022    0.4000     -83.5541  0.9107 
   00023    0.5200     -80.7279  0.8877 
   00024    0.2800     -81.7663  0.8979 
   00025    0.3600     -82.9193  0.8856 
   00026    0.2800     -84.7506  0.8857 
   00027    0.4400     -86.5911  0.8965 
   00028    0.3200     -86.5487  0.9108 
   00029    0.3600     -74.3383  0.8341 
   00030    0.4000     -80.9974  0.8769 
   00031    0.3600     -84.1431  0.9169 
   00032    0.4800     -82.5546  0.9104 
   00033    0.2400     -81.2856  0.9102 
   00034    0.4000     -82.9361  0.8957 
   00035    0.3200     -74.5693  0.8492 
   00036    0.5600     -77.4789  0.8501 
   00037    0.2000     -79.4599  0.8682 
   00038    0.3600     -82.8308  0.8955 
   00039    0.4400     -83.5759  0.8893 
   00040    0.4000     -79.6813  0.8817 
   00041    0.3200     -79.4062  0.8503 
   00042    0.4400     -84.8928  0.8933 
   00043    0.3200     -85.9152  0.8945 
   00044    0.6400     -78.2308  0.8606 
   00045    0.2000     -76.5555  0.8367 
   00046    0.4800     -79.1582  0.8673 
   00047    0.5200     -87.1463  0.9269 
   00048    0.4800     -85.7128  0.9278 
   00049    0.5600     -87.2921  0.9272 
   00050    0.3600     -88.3450  0.9432 
   00051    0.4400     -85.5718  0.9279 
   00052    0.3200     -88.1085  0.9436 
   00053    0.2800     -88.7526  0.9437 
   00054    0.2400     -91.6068  0.9456 
   00055    0.3600     -85.5969  0.9317 
   00056    0.3600     -86.4995  0.9279 
   00057    0.4400     -87.4148  0.9348 
   00058    0.3600     -88.6636  0.9424 
   00059    0.4000     -81.5386  0.8977 
   00060    0.2400     -83.6921  0.9048 
   00061    0.4400     -86.8563  0.9153 
   00062    0.6400     -87.4786  0.9279 
   00063    0.4800     -88.6544  0.9361 
   00064    0.4000     -83.1644  0.9002 
   00065    0.5200     -78.9866  0.8893 
   00066    0.4000     -78.5172  0.8417 
   00067    0.5600     -72.5584  0.7632 
   00068    0.2000     -71.8408  0.7626 
   00069    0.3600     -75.5495  0.8021 
   00070    0.4400     -79.4771  0.8464 
   00071    0.2800     -74.4900  0.8282 
   00072    0.5200     -73.1163  0.8295 
   00073    0.4000     -80.1868  0.8667 
   00074    0.4800     -76.8704  0.8420 
   00075    0.4000     -82.1200  0.8713 
   00076    0.4000     -82.6893  0.8837 
   00077    0.2400     -85.0310  0.8741 
   00078    0.4400     -85.3683  0.8839 
   00079    0.3600     -86.3622  0.9042 
   00080    0.3600     -83.9521  0.8989 
   00081    0.4000     -86.7365  0.9173 
   00082    0.4000     -87.9855  0.9192 
   00083    0.3600     -90.7852  0.9345 
   00084    0.3200     -88.3354  0.9210 
   00085    0.4800     -85.1218  0.8932 
   00086    0.3200     -86.1666  0.9008 
   00087    0.3600     -80.0581  0.8721 
   00088    0.5600     -82.8281  0.8792 
   00089    0.4800     -79.7888  0.8811 
   00090    0.4400     -83.6750  0.8898 
   00091    0.4400     -84.0794  0.8896 
   00092    0.4000     -81.1315  0.8797 
   00093    0.4800     -83.3785  0.8729 
   00094    0.3600     -82.8857  0.8740 
   00095    0.2800     -81.7504  0.8870 
   00096    0.4800     -81.5849  0.8497 
   00097    0.2800     -78.8774  0.8390 
   00098    0.3200     -77.6517  0.8274 
   00099    0.3600     -79.8292  0.8045 
   00100    0.3600     -78.5545  0.7730 
   00101    0.2800     -78.4077  0.7867 
   00102    0.4400     -82.1316  0.8415 
   00103    0.3200     -80.7194  0.8588 
   00104    0.3200     -75.9981  0.8128 
   00105    0.3600     -78.1263  0.8427 
   00106    0.5200     -74.1259  0.8318 
   00107    0.5600     -80.9856  0.8952 
   00108    0.3200     -82.4128  0.9029 
   00109    0.3200     -88.2903  0.9269 
   00110    0.5200     -87.5031  0.9263 
   00111    0.4400     -82.0980  0.8939 
   00112    0.4000     -84.7314  0.9094 
   00113    0.2400     -82.2559  0.8892 
   00114    0.4800     -83.8311  0.9069 
   00115    0.2800     -82.9605  0.9087 
   00116    0.3600     -83.6096  0.9263 
   00117    0.5200     -88.9410  0.9285 
   00118    0.3200     -87.1097  0.9114 
   00119    0.2800     -87.5947  0.9144 
   00120    0.3600     -84.6473  0.9160 
   00121    0.4000     -82.3303  0.8929 
   00122    0.2800     -84.3409  0.8946 
   00123    0.3600     -83.0739  0.8839 
   00124    0.5200     -80.1280  0.8542 
   00125    0.3600     -77.8029  0.8062 
   00126    0.5200     -69.5529  0.7433 
   00127    0.2800     -75.4337  0.7949 
   00128    0.4000     -81.3154  0.8567 
   00129    0.4000     -81.3201  0.8417 
   00130    0.3600     -73.3221  0.7575 
   00131    0.4400     -74.8034  0.8068 
   00132    0.2800     -68.1927  0.7278 
   00133    0.2800     -70.6672  0.7290 
   00134    0.4000     -74.8178  0.7326 
   00135    0.5600     -63.9783  0.6463 
   00136    0.3600     -73.0361  0.7580 
   00137    0.7200     -71.5201  0.7561 
   00138    0.3200     -75.9223  0.7974 
   00139    0.4000     -76.2351  0.7886 
   00140    0.6400     -73.6361  0.7821 
   00141    0.4000     -75.3306  0.8187 
   00142    0.3600     -80.4896  0.8654 
   00143    0.4400     -79.0383  0.8673 
   00144    0.3600     -84.7291  0.9132 
   00145    0.2400     -78.0121  0.8843 
   00146    0.2800     -78.5324  0.8696 
   00147    0.4000     -76.4428  0.8582 
   00148    0.2400     -77.3533  0.8277 
   00149    0.6000     -72.6685  0.8070 
   00150    0.3600     -72.3479  0.8241 
   00151    0.4800     -74.3465  0.8342 
   00152    0.4800     -74.0915  0.8370 
   00153    0.3200     -76.6738  0.8662 
   00154    0.4400     -71.6733  0.8480 
   00155    0.4400     -75.7994  0.8689 
   00156    0.4000     -82.7368  0.9051 
   00157    0.2400     -81.3799  0.8864 
   00158    0.4400     -81.2477  0.8955 
   00159    0.3200     -81.1448  0.8715 
   00160    0.3600     -79.4775  0.8446 
   00161    0.4000     -81.9649  0.8605 
   00162    0.3600     -81.1314  0.8548 
   00163    0.4000     -84.3225  0.8651 
   00164    0.3200     -82.8825  0.8467 
   00165    0.4800     -79.5979  0.8485 
   00166    0.3200     -81.5042  0.8708 
   00167    0.4000     -83.4742  0.8625 
   00168    0.3600     -80.2621  0.8085 
   00169    0.4000     -77.0661  0.7658 
   00170    0.2800     -76.8845  0.8043 
   00171    0.3600     -77.4588  0.8357 
   00172    0.3600     -74.2392  0.8358 
   00173    0.4800     -86.1807  0.9178 
   00174    0.4000     -87.4419  0.9327 
   00175    0.3200     -88.1312  0.9277 
   00176    0.4800     -83.7553  0.9126 
   00177    0.2000     -82.2153  0.9084 
   00178    0.5200     -75.6946  0.8373 
   00179    0.4400     -76.8744  0.7844 
   00180    0.6400     -76.1739  0.8063 
   00181    0.4400     -72.3740  0.7715 
   00182    0.4800     -74.0480  0.7379 
   00183    0.4400     -71.7435  0.7906 
   00184    0.3600     -77.1056  0.8120 
   00185    0.4000     -75.8489  0.8011 
   00186    0.6000     -74.1086  0.7922 
   00187    0.2800     -76.9249  0.8162 
   00188    0.4000     -80.6880  0.8573 
   00189    0.3200     -80.2609  0.8850 
   00190    0.4400     -86.4305  0.9106 
   00191    0.5200     -86.4310  0.9096 
   00192    0.3600     -87.0599  0.9101 
   00193    0.6000     -84.8121  0.8933 
   00194    0.2000     -84.9805  0.8959 
   00195    0.5200     -84.6873  0.9180 
   00196    0.2000     -83.3434  0.9045 
   00197    0.5200     -81.9674  0.9062 
   00198    0.3200     -77.5892  0.8864 
   00199    0.2800     -77.8035  0.8719 
   00200    0.5200     -85.8082  0.8971 
   00201    0.4400     -84.5763  0.9116 
   00202    0.4400     -90.9404  0.9532 
   00203    0.2400     -90.0505  0.9392 
   00204    0.3200     -90.1259  0.9340 
   00205    0.4000     -84.2456  0.9065 
   00206    0.3600     -85.4003  0.9141 
   00207    0.3600     -84.5240  0.9081 
   00208    0.4000     -86.1488  0.9015 
   00209    0.2800     -85.1543  0.8743 
   00210    0.4400     -80.5818  0.8469 
   00211    0.4000     -74.4301  0.8272 
   00212    0.5200     -79.7221  0.8649 
   00213    0.4400     -80.3539  0.8491 
   00214    0.3200     -86.8934  0.8814 
   00215    0.3200     -80.7280  0.8499 
   00216    0.2800     -73.6900  0.8079 
   00217    0.4000     -77.8560  0.8384 
   00218    0.4400     -78.6961  0.8339 
   00219    0.2400     -78.4128  0.8394 
   00220    0.5600     -79.1985  0.8874 
   00221    0.3600     -83.9135  0.9007 
   00222    0.5600     -76.9661  0.8675 
   00223    0.3200     -81.2644  0.8942 
   00224    0.3600     -85.4833  0.9256 
   00225    0.3200     -85.4909  0.9191 
   00226    0.4800     -88.4998  0.9347 
   00227    0.4000     -89.8592  0.9351 
   00228    0.4800     -90.9424  0.9387 
   00229    0.3600     -85.8461  0.9262 
   00230    0.4400     -82.1646  0.9085 
   00231    0.3600     -80.7768  0.9024 
   00232    0.4400     -91.9036  0.9619 
   00233    0.3200     -90.6604  0.9458 
   00234    0.2400     -87.9639  0.9337 
   00235    0.4800     -88.4891  0.9439 
   00236    0.3600     -85.1664  0.8975 
   00237    0.4000     -86.9197  0.9130 
   00238    0.4000     -86.5782  0.8958 
   00239    0.2800     -85.5291  0.8864 
   00240    0.3200     -86.4867  0.9064 
   00241    0.4000     -80.5169  0.8643 
   00242    0.3600     -85.6432  0.9020 
   00243    0.3200     -83.3775  0.8872 
   00244    0.2400     -81.8111  0.8689 
   00245    0.3200     -78.0220  0.8377 
   00246    0.4400     -85.0787  0.8873 
   00247    0.4000     -86.2355  0.9021 
   00248    0.3600     -86.9961  0.9027 
   00249    0.3600     -84.0516  0.8706 
   00250    0.4400     -81.1507  0.8338 
   00251    0.4400     -78.6135  0.8055 
   00252    0.4000     -78.0958  0.8378 
   00253    0.4800     -75.8224  0.7941 
   00254    0.3600     -77.0495  0.8007 
   00255    0.4400     -77.7653  0.8312 
   00256    0.4400     -78.4648  0.8608 
   00257    0.2800     -86.5190  0.8898 
   00258    0.4000     -86.5419  0.8666 
   00259    0.5600     -88.8653  0.9215 
   00260    0.3600     -85.0694  0.9198 
   00261    0.4400     -84.0240  0.9138 
   00262    0.4000     -84.0334  0.8800 
   00263    0.4400     -88.2655  0.9181 
   00264    0.5600     -80.3722  0.8543 
   00265    0.4000     -82.9960  0.8605 
   00266    0.4400     -82.9963  0.8562 
   00267    0.5200     -83.4902  0.8838 
   00268    0.3600     -87.4543  0.9303 
   00269    0.3600     -83.9349  0.9088 
   00270    0.4000     -80.9077  0.8791 
   00271    0.4000     -81.1701  0.8817 
   00272    0.2800     -81.7800  0.9089 
   00273    0.3600     -83.8317  0.9034 
   00274    0.1600     -81.7139  0.8637 
   00275    0.3600     -74.8004  0.8114 
   00276    0.4800     -73.3766  0.8451 
   00277    0.5200     -75.1176  0.8367 
   00278    0.4800     -79.8019  0.8784 
   00279    0.3600     -86.1208  0.9258 
   00280    0.2800     -84.9055  0.9150 
   00281    0.4000     -82.4940  0.9077 
   00282    0.5600     -85.1892  0.9042 
   00283    0.2800     -81.4898  0.8948 
   00284    0.3200     -81.4971  0.8988 
   00285    0.4400     -75.9121  0.8642 
   00286    0.4400     -84.4288  0.9017 
   00287    0.3200     -84.3583  0.9021 
   00288    0.4800     -90.0331  0.9273 
   00289    0.2800     -81.7817  0.8679 
   00290    0.3600     -79.6843  0.8611 
   00291    0.3600     -74.4470  0.8543 
   00292    0.5600     -78.3673  0.8580 
   00293    0.3600     -77.1458  0.8327 
   00294    0.5200     -77.0784  0.8279 
   00295    0.4000     -80.7889  0.8516 
   00296    0.4000     -81.6727  0.8663 
   00297    0.4800     -76.9807  0.8151 
   00298    0.4000     -77.8818  0.8367 
   00299    0.4400     -75.4211  0.8440 
   00300    0.5200     -79.6828  0.8660 
   00301    0.2800     -81.7720  0.8828 
   00302    0.4000     -82.3656  0.8877 
   00303    0.4000     -78.9917  0.8689 
   00304    0.4000     -83.7399  0.8942 
   00305    0.2400     -83.3271  0.8860 
   00306    0.4400     -80.6555  0.9075 
   00307    0.2000     -83.7733  0.9091 
   00308    0.4000     -79.7685  0.8633 
   00309    0.3600     -81.7377  0.8673 
   00310    0.4800     -78.3071  0.8602 
   00311    0.3200     -77.7619  0.8735 
   00312    0.4400     -91.1644  0.9378 
   00313    0.2800     -92.5426  0.9529 
   00314    0.2000     -88.9232  0.9281 
   00315    0.4000     -82.3408  0.9022 
   00316    0.4000     -85.1452  0.9215 
   00317    0.4400     -87.5731  0.9297 
   00318    0.4000     -88.3060  0.9331 
   00319    0.4400     -80.8786  0.8935 
   00320    0.3200     -78.5553  0.8731 
   00321    0.4400     -82.8855  0.8976 
   00322    0.4000     -83.8665  0.9087 
   00323    0.3600     -84.2152  0.9059 
   00324    0.2800     -90.2279  0.9400 
   00325    0.4000     -87.3618  0.9076 
   00326    0.2800     -82.9538  0.9004 
   00327    0.4000     -84.8735  0.9146 
   00328    0.3200     -85.8254  0.9130 
   00329    0.3200     -84.9327  0.9033 
   00330    0.4000     -77.9551  0.8601 
   00331    0.3200     -82.8217  0.8700 
   00332    0.2000     -79.4557  0.8610 
   00333    0.5600     -79.7206  0.8440 
   00334    0.4800     -82.2278  0.8601 
   00335    0.4400     -85.1351  0.9102 
   00336    0.5200     -86.8792  0.9117 
   00337    0.2400     -80.8127  0.8823 
   00338    0.5200     -79.9238  0.8413 
   00339    0.3200     -76.6341  0.8379 
   00340    0.5200     -80.4225  0.8509 
   00341    0.2800     -77.1893  0.8342 
   00342    0.4400     -78.1433  0.8323 
   00343    0.3600     -80.7728  0.8501 
   00344    0.2800     -81.6995  0.8604 
   00345    0.3200     -80.0124  0.8458 
   00346    0.5200     -79.2288  0.8304 
   00347    0.4400     -80.3662  0.8426 
   00348    0.3200     -75.8279  0.8053 
   00349    0.2000     -78.6045  0.8563 
   00350    0.4800     -77.7383  0.8079 
   00351    0.2400     -75.8139  0.8147 
   00352    0.4000     -77.7026  0.8396 
   00353    0.3600     -85.6523  0.8776 
   00354    0.4000     -79.9237  0.8485 
   00355    0.4800     -85.2867  0.8955 
   00356    0.3200     -80.1119  0.8786 
   00357    0.2000     -82.1047  0.8857 
   00358    0.3200     -78.4184  0.8548 
   00359    0.4400     -75.7491  0.8214 
   00360    0.4400     -78.7949  0.8419 
   00361    0.3600     -78.3453  0.8444 
   00362    0.4800     -84.7542  0.8727 
   00363    0.6000     -72.4853  0.7963 
   00364    0.4000     -75.9591  0.8314 
   00365    0.3200     -75.5076  0.8212 
   00366    0.3200     -78.3903  0.8285 
   00367    0.4400     -81.1237  0.8657 
   00368    0.4000     -78.6193  0.8600 
   00369    0.5600     -84.0793  0.9038 
   00370    0.2800     -86.1640  0.9105 
   00371    0.2800     -85.9653  0.9123 
   00372    0.2400     -86.0777  0.9065 
   00373    0.4000     -87.0952  0.9279 
   00374    0.4000     -86.5092  0.9322 
   00375    0.2800     -87.7077  0.9236 
   00376    0.2000     -88.6317  0.9172 
   00377    0.3200     -81.8993  0.8868 
   00378    0.4400     -83.4913  0.9135 
   00379    0.2800     -85.2927  0.9154 
   00380    0.3600     -86.9107  0.9239 
   00381    0.4000     -82.4771  0.9106 
   00382    0.4400     -81.5872  0.9111 
   00383    0.3600     -81.9866  0.9010 
   00384    0.1600     -82.0376  0.9088 
   00385    0.3600     -85.5707  0.9182 
   00386    0.2400     -88.5451  0.9320 
   00387    0.5200     -89.5673  0.9431 
   00388    0.5200     -87.8969  0.9298 
   00389    0.3200     -90.1581  0.9425 
   00390    0.4400     -89.3288  0.9438 
   00391    0.3600     -90.1616  0.9529 
   00392    0.3600     -88.5580  0.9343 
   00393    0.2000     -88.9763  0.9324 
   00394    0.2800     -87.7939  0.9304 
   00395    0.4400     -87.8177  0.9243 
   00396    0.2800     -85.4158  0.9073 
   00397    0.4400     -81.4261  0.8339 
   00398    0.6000     -73.6087  0.7546 
   00399    0.4800     -76.2203  0.7990 
   00400    0.4400     -76.3274  0.8363 
   00401    0.4400     -74.7127  0.8231 
   00402    0.4400     -71.1442  0.8032 
   00403    0.2800     -73.5039  0.8296 
   00404    0.3200     -78.8358  0.8645 
   00405    0.3600     -77.7683  0.8814 
   00406    0.2800     -84.1908  0.9019 
   00407    0.4000     -83.9030  0.9091 
   00408    0.3200     -81.2524  0.9145 
   00409    0.5600     -83.0359  0.8921 
   00410    0.4400     -87.6793  0.9100 
   00411    0.6400     -84.6909  0.9242 
   00412    0.3200     -83.7716  0.9177 
   00413    0.3200     -79.9802  0.8724 
   00414    0.3600     -81.0541  0.8793 
   00415    0.2800     -79.0682  0.8795 
   00416    0.3600     -78.4956  0.8679 
   00417    0.3600     -79.6600  0.8683 
   00418    0.5200     -80.9281  0.8607 
   00419    0.4800     -75.9939  0.8319 
   00420    0.4000     -79.5857  0.8514 
   00421    0.4800     -79.1417  0.8284 
   00422    0.4400     -76.3317  0.8404 
   00423    0.2000     -77.8847  0.8504 
   00424    0.3600     -77.4888  0.8449 
   00425    0.3200     -82.3532  0.8730 
   00426    0.6000     -84.4523  0.9004 
   00427    0.5200     -83.6604  0.9024 
   00428    0.3200     -79.7078  0.8869 
   00429    0.4800     -78.3460  0.8471 
   00430    0.5600     -78.3938  0.8621 
   00431    0.4000     -82.8649  0.8721 
   00432    0.3600     -83.2421  0.8826 
   00433    0.2800     -83.7546  0.9097 
   00434    0.4000     -84.9292  0.9015 
   00435    0.2400     -82.4863  0.8818 
   00436    0.3200     -78.3394  0.8426 
   00437    0.1600     -77.9533  0.8355 
   00438    0.5200     -79.2333  0.8408 
   00439    0.4000     -80.4803  0.8708 
   00440    0.3200     -80.0639  0.8456 
   00441    0.6400     -79.5291  0.8454 
   00442    0.0800     -80.2228  0.8581 
   00443    0.4400     -79.0651  0.8373 
   00444    0.6000     -79.8050  0.8119 
   00445    0.4400     -70.9680  0.7498 
   00446    0.2800     -71.8454  0.7950 
   00447    0.2800     -73.7408  0.8158 
   00448    0.5200     -71.3461  0.7647 
   00449    0.2800     -77.9766  0.7910 
   00450    0.4400     -76.7902  0.8145 
   00451    0.4800     -76.1874  0.8326 
   00452    0.4800     -75.1538  0.8241 
   00453    0.3600     -74.3427  0.8317 
   00454    0.3200     -78.7244  0.8501 
   00455    0.4800     -76.7408  0.8388 
   00456    0.4400     -89.3394  0.9075 
   00457    0.3200     -88.8507  0.9069 
   00458    0.4800     -83.0175  0.8834 
   00459    0.5200     -85.0146  0.9182 
   00460    0.2400     -84.0767  0.9086 
   00461    0.6400     -83.3292  0.9123 
   00462    0.2000     -89.6215  0.9431 
   00463    0.5200     -86.4410  0.9103 
   00464    0.2800     -84.8150  0.9029 
   00465    0.4000     -82.2910  0.8896 
   00466    0.2800     -83.2609  0.8965 
   00467    0.2800     -84.2413  0.9013 
   00468    0.2800     -88.0159  0.9314 
   00469    0.4800     -90.7353  0.9457 
   00470    0.2800     -87.9233  0.9260 
   00471    0.1600     -89.7076  0.9338 
   00472    0.4800     -89.5222  0.9416 
   00473    0.4800     -93.7939  0.9666 
   00474    0.2800     -90.4193  0.9528 
   00475    0.3600     -86.5201  0.9224 
   00476    0.2800     -78.3332  0.8842 
   00477    0.4800     -76.2270  0.8381 
   00478    0.4000     -77.7631  0.8394 
   00479    0.5200     -80.5404  0.8795 
   00480    0.2800     -80.1878  0.8758 
   00481    0.3200     -80.8391  0.8948 
   00482    0.4400     -89.7532  0.9374 
   00483    0.2800     -87.6211  0.9184 
   00484    0.3200     -84.1755  0.9043 
   00485    0.5200     -85.8953  0.9187 
   00486    0.3200     -87.6287  0.9288 
   00487    0.3600     -85.7080  0.9064 
   00488    0.4000     -85.0087  0.9092 
   00489    0.2400     -81.6662  0.8957 
   00490    0.3200     -84.7269  0.9043 
   00491    0.5600     -86.9169  0.9239 
   00492    0.4000     -88.1969  0.9210 
   00493    0.4400     -85.9883  0.9139 
   00494    0.3200     -85.9184  0.9095 
   00495    0.4800     -82.7636  0.8792 
   00496    0.4400     -83.6418  0.8909 
   00497    0.5200     -81.6284  0.8893 
   00498    0.2000     -82.9364  0.8781 
   00499    0.3600     -80.4815  0.8749 
   00500    0.4400     -84.3113  0.8698 
   00501    0.4400     -88.1429  0.9087 
   00502    0.3200     -86.9804  0.8964 
   00503    0.3600     -83.3858  0.8897 
   00504    0.4400     -81.5019  0.8913 
   00505    0.6400     -80.7295  0.8758 
   00506    0.5200     -84.3215  0.8754 
   00507    0.4000     -83.2513  0.8998 
   00508    0.3600     -87.7747  0.8940 
   00509    0.4800     -78.0986  0.8501 
   00510    0.2800     -75.0133  0.8368 
   00511    0.3600     -74.6159  0.8422 
   00512    0.2800     -82.5220  0.8889 
   00513    0.3600     -79.3505  0.8739 
   00514    0.6800     -78.4756  0.8589 
   00515    0.4000     -79.5711  0.8812 
   00516    0.4400     -83.1269  0.8971 
   00517    0.4400     -88.7657  0.9423 
   00518    0.2800     -86.7595  0.9279 
   00519    0.4400     -85.5720  0.9170 
   00520    0.4800     -77.7717  0.8844 
   00521    0.3200     -83.3184  0.8954 
   00522    0.3200     -76.0305  0.8546 
   00523    0.5200     -72.9225  0.7942 
   00524    0.4400     -72.7175  0.7919 
   00525    0.5200     -69.8200  0.7722 
   00526    0.4400     -73.2194  0.8294 
   00527    0.4000     -77.7677  0.8330 
   00528    0.3600     -81.7768  0.8756 
   00529    0.3600     -83.0739  0.8811 
   00530    0.3600     -85.0481  0.8917 
   00531    0.2000     -85.1675  0.8991 
   00532    0.4000     -83.6165  0.8793 
   00533    0.4800     -84.2987  0.8863 
   00534    0.4400     -78.5258  0.8413 
   00535    0.5200     -79.5890  0.8840 
   00536    0.4400     -88.7428  0.9357 
   00537    0.3200     -87.9001  0.9097 
   00538    0.3600     -87.9828  0.9005 
   00539    0.3200     -85.4001  0.9008 
   00540    0.5600     -85.2042  0.9059 
   00541    0.5200     -86.5918  0.9146 
   00542    0.4800     -87.2587  0.9256 
   00543    0.3600     -87.6463  0.9274 
   00544    0.3600     -86.6441  0.9150 
   00545    0.4400     -90.5259  0.9290 
   00546    0.2800     -84.2552  0.8901 
   00547    0.2400     -84.8170  0.8920 
   00548    0.4000     -85.1882  0.9005 
   00549    0.4400     -85.5658  0.8966 
   00550    0.4000     -80.3676  0.8596 
   00551    0.4800     -80.3274  0.8626 
   00552    0.4000     -84.0662  0.8981 
   00553    0.4000     -83.2297  0.9063 
   00554    0.3600     -83.5661  0.8921 
   00555    0.4800     -80.5296  0.8554 
   00556    0.3600     -78.9756  0.8570 
   00557    0.4000     -79.1004  0.8874 
   00558    0.5200     -82.1029  0.8989 
   00559    0.3600     -75.8393  0.8799 
   00560    0.5200     -74.0478  0.8603 
   00561    0.4400     -75.7522  0.8482 
   00562    0.6400     -77.0408  0.8463 
   00563    0.3200     -79.8768  0.8728 
   00564    0.4400     -89.2272  0.9263 
   00565    0.2400     -90.1565  0.9416 
   00566    0.4000     -89.4938  0.9345 
   00567    0.2400     -89.9065  0.9292 
   00568    0.2800     -86.4653  0.9210 
   00569    0.4400     -83.9117  0.8906 
   00570    0.6800     -75.1861  0.8235 
   00571    0.4400     -70.7670  0.7683 
   00572    0.4400     -72.0555  0.8010 
   00573    0.3600     -72.2359  0.8082 
   00574    0.4000     -70.9541  0.8064 
   00575    0.3600     -61.4797  0.7574 
   00576    0.5200     -66.8045  0.8036 
   00577    0.5200     -74.5359  0.8169 
   00578    0.4400     -75.2210  0.8255 
   00579    0.4400     -75.0564  0.8185 
   00580    0.4800     -78.7315  0.8108 
   00581    0.4800     -74.8195  0.7956 
   00582    0.5200     -71.7965  0.8328 
   00583    0.4000     -84.0214  0.9067 
   00584    0.4800     -85.5632  0.9064 
   00585    0.1600     -85.2119  0.9031 
   00586    0.3200     -88.3748  0.9251 
   00587    0.3200     -85.0500  0.9163 
   00588    0.3200     -85.9683  0.9274 
   00589    0.3600     -85.7024  0.9205 
   00590    0.3600     -83.2869  0.9099 
   00591    0.4000     -82.4698  0.9009 
   00592    0.3600     -83.4181  0.9142 
   00593    0.4000     -81.6249  0.8898 
   00594    0.2800     -81.8655  0.8981 
   00595    0.2000     -82.9443  0.9004 
   00596    0.4800     -84.2608  0.9022 
   00597    0.4800     -86.0352  0.9073 
   00598    0.5200     -82.0567  0.8899 
   00599    0.5200     -80.1228  0.8841 
   00600    0.3600     -83.7493  0.9056 
   00601    0.5200     -84.0211  0.9037 
   00602    0.4800     -84.0695  0.9015 
   00603    0.4800     -77.6660  0.8563 
   00604    0.4800     -70.6827  0.8081 
   00605    0.3600     -71.8172  0.8237 
   00606    0.4800     -69.2767  0.7887 
   00607    0.2800     -71.0780  0.8190 
   00608    0.4800     -75.3102  0.8458 
   00609    0.4800     -77.9335  0.8734 
   00610    0.4800     -82.8722  0.9074 
   00611    0.4400     -82.1992  0.8699 
   00612    0.2000     -81.5542  0.8757 
   00613    0.2800     -82.1050  0.8837 
   00614    0.3200     -83.8243  0.8757 
   00615    0.3200     -80.9971  0.8623 
   00616    0.3200     -81.4994  0.8723 
   00617    0.4000     -85.1703  0.8862 
   00618    0.4000     -82.2937  0.8622 
   00619    0.4400     -82.0410  0.9068 
   00620    0.4400     -84.2812  0.8765 
   00621    0.4000     -85.2912  0.8811 
   00622    0.3200     -89.6769  0.9148 
   00623    0.3600     -88.8495  0.9168 
   00624    0.3200     -88.0582  0.9208 
   00625    0.4400     -85.2031  0.9080 
   00626    0.5200     -79.9943  0.8831 
   00627    0.2800     -76.1981  0.8430 
   00628    0.4000     -78.9597  0.8654 
   00629    0.2400     -78.5735  0.8690 
   00630    0.6000     -77.8877  0.8780 
   00631    0.4400     -84.3394  0.8788 
   00632    0.2800     -83.2981  0.8594 
   00633    0.4800     -84.1353  0.8719 
   00634    0.2400     -78.4708  0.8507 
   00635    0.4800     -76.8037  0.8201 
   00636    0.4000     -76.6582  0.8510 
   00637    0.4400     -73.7871  0.8142 
   00638    0.3200     -77.3578  0.8365 
   00639    0.3600     -76.7996  0.8548 
   00640    0.4000     -81.0137  0.8715 
   00641    0.5200     -79.0215  0.8872 
   00642    0.4000     -83.2144  0.8985 
   00643    0.4800     -84.5183  0.9104 
   00644    0.5200     -84.3763  0.8994 
   00645    0.3600     -87.9748  0.9053 
   00646    0.1600     -84.3615  0.8795 
   00647    0.4000     -84.7512  0.9083 
   00648    0.4400     -87.0461  0.9152 
   00649    0.3600     -87.2069  0.9239 
   00650    0.3600     -88.7097  0.9296 
   00651    0.3200     -82.9548  0.8862 
   00652    0.4800     -78.9215  0.8742 
   00653    0.5600     -73.8344  0.8061 
   00654    0.4000     -76.5644  0.8403 
   00655    0.3600     -78.2761  0.8689 
   00656    0.4400     -81.0356  0.8913 
   00657    0.1600     -85.6505  0.9110 
   00658    0.3600     -79.9248  0.8600 
   00659    0.4400     -78.9806  0.8694 
   00660    0.6000     -75.2952  0.8414 
   00661    0.4800     -67.8659  0.7872 
   00662    0.4400     -72.0623  0.8302 
   00663    0.4800     -73.8339  0.8218 
   00664    0.4000     -72.9529  0.8185 
   00665    0.4400     -71.7177  0.7980 
   00666    0.2400     -77.1061  0.8337 
   00667    0.3600     -82.2397  0.8518 
   00668    0.4000     -79.0048  0.8460 
   00669    0.4400     -82.1920  0.8766 
   00670    0.4000     -80.3974  0.8700 
   00671    0.5200     -84.6985  0.8807 
   00672    0.4800     -86.0113  0.8988 
   00673    0.4000     -85.2886  0.8999 
   00674    0.4000     -86.3596  0.9090 
   00675    0.2800     -89.8522  0.9368 
   00676    0.3600     -87.3231  0.9314 
   00677    0.3600     -84.8216  0.9042 
   00678    0.5200     -81.2990  0.8765 
   00679    0.4800     -82.3248  0.8958 
   00680    0.4400     -86.2940  0.9325 
   00681    0.3600     -86.8948  0.9130 
   00682    0.3200     -88.7546  0.9192 
   00683    0.3600     -87.4542  0.9167 
   00684    0.4400     -85.0926  0.9171 
   00685    0.4400     -86.1076  0.9174 
   00686    0.3200     -89.0861  0.9298 
   00687    0.3600     -85.1753  0.9245 
   00688    0.6000     -83.9697  0.9287 
   00689    0.4800     -83.2236  0.9229 
   00690    0.6000     -86.2670  0.9165 
   00691    0.2000     -84.9400  0.9114 
   00692    0.2800     -87.1930  0.9278 
   00693    0.4800     -84.1356  0.9032 
   00694    0.4400     -80.3927  0.8833 
   00695    0.2400     -86.4943  0.9122 
   00696    0.6000     -80.5252  0.8689 
   00697    0.2800     -77.3606  0.8429 
   00698    0.4800     -80.8596  0.8736 
   00699    0.5200     -80.2563  0.8606 
   00700    0.2000     -78.4076  0.8192 
   00701    0.2400     -78.9981  0.8237 
   00702    0.4800     -77.5048  0.7911 
   00703    0.3600     -79.8496  0.8240 
   00704    0.6400     -80.2323  0.8083 
   00705    0.2800     -79.4061  0.7926 
   00706    0.6000     -64.8213  0.6698 
   00707    0.5600     -64.3207  0.6830 
   00708    0.5200     -70.8645  0.7422 
   00709    0.3600     -70.4338  0.7466 
   00710    0.4000     -74.5855  0.8076 
   00711    0.3600     -73.5283  0.8230 
   00712    0.4400     -76.1321  0.8632 
   00713    0.4400     -81.5667  0.8846 
   00714    0.6400     -80.4956  0.8629 
   00715    0.3600     -66.1736  0.7797 
   00716    0.4400     -68.3863  0.7813 
   00717    0.4000     -67.2541  0.7479 
   00718    0.5200     -62.9440  0.6986 
   00719    0.7200     -71.0592  0.7712 
   00720    0.5200     -77.6255  0.8390 
   00721    0.3200     -74.3979  0.8301 
   00722    0.3200     -76.5928  0.8245 
   00723    0.4800     -78.2546  0.8158 
   00724    0.5600     -78.9905  0.8388 
   00725    0.2800     -76.0008  0.8050 
   00726    0.2800     -77.6224  0.8096 
   00727    0.3200     -80.9785  0.8636 
   00728    0.4000     -80.8083  0.8503 
   00729    0.3600     -77.7736  0.8358 
   00730    0.4000     -78.6474  0.8223 
   00731    0.5600     -84.3044  0.8758 
   00732    0.3200     -83.3935  0.8401 
   00733    0.2800     -81.9632  0.8446 
   00734    0.3600     -84.6163  0.8560 
   00735    0.4400     -85.5416  0.8845 
   00736    0.4800     -83.5092  0.8761 
   00737    0.4800     -83.5643  0.8709 
   00738    0.4800     -76.4174  0.7925 
   00739    0.2800     -76.9967  0.8069 
   00740    0.5600     -78.6075  0.8364 
   00741    0.2800     -81.7978  0.8533 
   00742    0.4800     -82.1543  0.8538 
   00743    0.5200     -81.7775  0.8472 
   00744    0.5600     -79.0344  0.8353 
   00745    0.5200     -80.8359  0.8463 
   00746    0.2800     -80.6517  0.8497 
   00747    0.6000     -74.5579  0.8408 
   00748    0.5200     -78.4295  0.8461 
   00749    0.3200     -75.3057  0.8395 
   00750    0.3200     -78.7069  0.8407 
   00751    0.2800     -80.0822  0.8566 
   00752    0.4800     -78.4441  0.8560 
   00753    0.4400     -76.6158  0.8454 
   00754    0.4000     -82.4735  0.8659 
   00755    0.3200     -81.0063  0.8592 
   00756    0.5200     -76.6934  0.8543 
   00757    0.3600     -80.3419  0.8781 
   00758    0.3600     -78.0622  0.8650 
   00759    0.4800     -83.2545  0.8823 
   00760    0.4400     -81.5419  0.8916 
   00761    0.5200     -83.3875  0.8841 
   00762    0.3200     -82.5743  0.8910 
   00763    0.5600     -83.3350  0.8824 
   00764    0.3600     -81.0325  0.8900 
   00765    0.4000     -83.4430  0.9056 
   00766    0.4400     -78.8950  0.8565 
   00767    0.3600     -79.2198  0.8410 
   00768    0.4800     -71.6380  0.8256 
   00769    0.3600     -78.7543  0.8476 
   00770    0.3600     -81.2675  0.8442 
   00771    0.4000     -73.3298  0.7863 
   00772    0.3200     -73.4681  0.7686 
   00773    0.4400     -77.2697  0.8087 
   00774    0.4400     -76.3153  0.7998 
   00775    0.6000     -76.4778  0.8126 
   00776    0.4800     -79.5972  0.8461 
   00777    0.4400     -74.8768  0.8226 
   00778    0.2800     -73.1901  0.7872 
   00779    0.2800     -72.3592  0.7809 
   00780    0.6400     -69.4246  0.7962 
   00781    0.4400     -71.2238  0.7276 
   00782    0.3600     -71.4059  0.7717 
   00783    0.4800     -74.3710  0.8158 
   00784    0.4000     -80.4779  0.8785 
   00785    0.4400     -74.0127  0.8116 
   00786    0.5200     -78.9587  0.8893 
   00787    0.6000     -80.7750  0.9012 
   00788    0.4400     -81.5530  0.9008 
   00789    0.4400     -83.3573  0.9015 
   00790    0.4800     -82.8761  0.8963 
   00791    0.4000     -79.7470  0.8879 
   00792    0.2400     -81.4417  0.8823 
   00793    0.3600     -82.3911  0.8801 
   00794    0.4000     -85.3843  0.8942 
   00795    0.3600     -81.7946  0.8888 
   00796    0.3200     -81.1531  0.8767 
   00797    0.4400     -81.9016  0.8935 
   00798    0.3600     -80.6521  0.8751 
   00799    0.3200     -80.0441  0.8780 
   00800    0.3600     -79.6089  0.8782 
   00801    0.3200     -71.9326  0.8148 
   00802    0.5200     -71.1066  0.8305 
   00803    0.4400     -75.7550  0.8677 
   00804    0.4000     -77.5676  0.8630 
   00805    0.4000     -79.6330  0.8766 
   00806    0.5200     -82.5998  0.9021 
   00807    0.3200     -82.7013  0.8966 
   00808    0.5200     -73.0168  0.8611 
   00809    0.4400     -79.9815  0.8853 
   00810    0.4000     -81.7385  0.8659 
   00811    0.4000     -80.6257  0.8777 
   00812    0.3600     -82.8530  0.8962 
   00813    0.4400     -83.8573  0.9168 
   00814    0.3600     -81.4782  0.9060 
   00815    0.2800     -85.2562  0.9324 
   00816    0.4400     -84.0280  0.9166 
   00817    0.3200     -81.0272  0.8673 
   00818    0.4800     -87.8452  0.9092 
   00819    0.4000     -85.0051  0.8937 
   00820    0.2800     -79.2040  0.8690 
   00821    0.2400     -84.9228  0.8973 
   00822    0.2800     -90.6937  0.9361 
   00823    0.2800     -87.3567  0.9229 
   00824    0.4400     -85.5498  0.9169 
   00825    0.4000     -78.8739  0.8870 
   00826    0.5200     -88.3571  0.9135 
   00827    0.3600     -86.7209  0.9155 
   00828    0.4400     -87.5504  0.9162 
   00829    0.3200     -86.8801  0.8904 
   00830    0.4000     -85.8695  0.8808 
   00831    0.4000     -86.0926  0.8921 
   00832    0.3200     -86.8900  0.9232 
   00833    0.4800     -85.1360  0.9215 
   00834    0.1600     -84.6033  0.9198 
   00835    0.3200     -80.6084  0.8883 
   00836    0.5200     -83.5882  0.9128 
   00837    0.4400     -79.3171  0.8591 
   00838    0.2400     -80.7070  0.8646 
   00839    0.4000     -70.7978  0.7820 
   00840    0.5600     -74.2435  0.8127 
   00841    0.2800     -77.2219  0.8475 
   00842    0.3600     -87.2911  0.9267 
   00843    0.2800     -86.2381  0.9199 
   00844    0.6800     -85.7039  0.9047 
   00845    0.3200     -85.5725  0.8966 
   00846    0.3600     -87.7608  0.9120 
   00847    0.2400     -87.2176  0.9117 
   00848    0.3200     -88.4590  0.9193 
   00849    0.4000     -82.5272  0.9053 
   00850    0.3600     -85.4399  0.9144 
   00851    0.3200     -83.7266  0.8964 
   00852    0.2800     -78.6126  0.8664 
   00853    0.3200     -80.6091  0.8883 
   00854    0.3200     -75.7204  0.8640 
   00855    0.4400     -80.4279  0.8769 
   00856    0.2000     -80.8574  0.8773 
   00857    0.4400     -85.1291  0.9125 
   00858    0.4400     -85.1835  0.9085 
   00859    0.4800     -84.1859  0.9101 
   00860    0.3600     -82.0076  0.9037 
   00861    0.3600     -84.1730  0.9180 
   00862    0.4400     -84.2677  0.8918 
   00863    0.4800     -83.1953  0.8648 
   00864    0.4400     -83.4558  0.8907 
   00865    0.4000     -84.2062  0.9161 
   00866    0.4400     -88.8618  0.9306 
   00867    0.3200     -89.4298  0.9199 
   00868    0.2800     -88.9073  0.9080 
   00869    0.4400     -90.0760  0.9364 
   00870    0.3600     -90.2549  0.9491 
   00871    0.2800     -83.2818  0.9238 
   00872    0.3600     -81.5316  0.9109 
   00873    0.3600     -80.6602  0.8922 
   00874    0.2800     -81.5153  0.8888 
   00875    0.4000     -85.5077  0.9084 
   00876    0.4400     -83.5332  0.9021 
   00877    0.2400     -84.3850  0.9269 
   00878    0.3200     -83.3895  0.9164 
   00879    0.3200     -84.0593  0.8962 
   00880    0.4400     -84.4959  0.9145 
   00881    0.4000     -82.6863  0.9151 
   00882    0.5200     -82.9744  0.8933 
   00883    0.3600     -77.7379  0.8597 
   00884    0.5200     -73.1340  0.8438 
   00885    0.3600     -81.5662  0.8620 
   00886    0.3200     -86.8696  0.9018 
   00887    0.2800     -86.0336  0.9002 
   00888    0.4000     -86.1124  0.9183 
   00889    0.2400     -85.7332  0.9098 
   00890    0.3600     -86.0561  0.9107 
   00891    0.2800     -84.0843  0.8952 
   00892    0.4400     -84.1037  0.8943 
   00893    0.3600     -77.9550  0.8407 
   00894    0.4400     -81.9306  0.8676 
   00895    0.4400     -76.8464  0.8543 
   00896    0.2000     -73.8831  0.8051 
   00897    0.4400     -72.4627  0.7791 
   00898    0.3600     -76.0040  0.8107 
   00899    0.4400     -81.8099  0.8630 
   00900    0.6000     -83.4280  0.8860 
   00901    0.2400     -84.5935  0.8915 
   00902    0.4800     -83.7478  0.9032 
   00903    0.2400     -80.4976  0.8555 
   00904    0.3600     -78.7608  0.7886 
   00905    0.3600     -81.7229  0.8244 
   00906    0.4400     -76.8778  0.7754 
   00907    0.2400     -76.0258  0.7789 
   00908    0.4400     -71.4145  0.7200 
   00909    0.5600     -70.5294  0.7105 
   00910    0.4800     -63.2475  0.6270 
   00911    0.5200     -66.0610  0.6298 
   00912    0.5200     -63.3020  0.7020 
   00913    0.5600     -71.7421  0.7907 
   00914    0.4400     -70.4027  0.7770 
   00915    0.2800     -71.4101  0.8119 
   00916    0.4000     -72.4344  0.8263 
   00917    0.2000     -74.2442  0.8253 
   00918    0.4000     -78.5299  0.8694 
   00919    0.2400     -85.8420  0.9120 
   00920    0.4000     -88.3822  0.9157 
   00921    0.3200     -87.7035  0.9145 
   00922    0.3600     -87.6773  0.9033 
   00923    0.3600     -86.6737  0.8869 
   00924    0.4800     -78.5958  0.8149 
   00925    0.2800     -75.1807  0.7971 
   00926    0.4000     -77.1192  0.8178 
   00927    0.4800     -69.1024  0.8085 
   00928    0.5600     -66.5465  0.6909 
   00929    0.3200     -68.8749  0.7219 
   00930    0.3600     -64.3293  0.6650 
   00931    0.6000     -60.9709  0.6939 
   00932    0.3200     -59.1561  0.7112 
   00933    0.5200     -68.7617  0.7619 
   00934    0.4800     -69.1547  0.7309 
   00935    0.2800     -69.4746  0.7277 
   00936    0.4400     -75.2413  0.8307 
   00937    0.4000     -78.2716  0.8493 
   00938    0.2800     -86.7159  0.8896 
   00939    0.3600     -83.9266  0.9106 
   00940    0.2000     -80.7242  0.8950 
   00941    0.4400     -79.2493  0.8751 
   00942    0.5200     -84.8535  0.9074 
   00943    0.2800     -84.4591  0.9052 
   00944    0.3600     -80.0112  0.8781 
   00945    0.3200     -82.3943  0.8877 
   00946    0.4000     -77.5017  0.8556 
   00947    0.5600     -84.2323  0.8938 
   00948    0.2800     -81.1234  0.8688 
   00949    0.4800     -82.5647  0.8921 
   00950    0.3200     -84.3558  0.8807 
   00951    0.4000     -87.8541  0.9179 
   00952    0.3600     -88.4994  0.9286 
   00953    0.4400     -87.4882  0.9252 
   00954    0.4400     -86.5483  0.9222 
   00955    0.4400     -86.2359  0.9173 
   00956    0.4800     -85.7003  0.9222 
   00957    0.2800     -87.2278  0.9226 
   00958    0.6400     -85.4602  0.9271 
   00959    0.3200     -89.8191  0.9526 
   00960    0.4800     -83.6100  0.9139 
   00961    0.4000     -88.6652  0.9432 
   00962    0.3600     -83.8004  0.9226 
   00963    0.4400     -80.5687  0.8831 
   00964    0.4400     -87.3109  0.9163 
   00965    0.2000     -86.2977  0.9126 
   00966    0.3600     -83.3602  0.8978 
   00967    0.4000     -84.8954  0.9193 
   00968    0.4800     -84.9520  0.9056 
   00969    0.3200     -89.9306  0.9396 
   00970    0.2800     -86.9884  0.9286 
   00971    0.4400     -82.0584  0.8847 
   00972    0.4400     -81.8695  0.8713 
   00973    0.4400     -80.6560  0.8814 
   00974    0.4000     -85.0168  0.9171 
   00975    0.3200     -86.6564  0.9165 
   00976    0.2000     -87.6255  0.9225 
   00977    0.4000     -85.6157  0.9062 
   00978    0.4000     -84.3933  0.9032 
   00979    0.4000     -85.9140  0.8959 
   00980    0.2000     -86.1512  0.9167 
   00981    0.2400     -84.1095  0.9168 
   00982    0.4800     -83.0534  0.9102 
   00983    0.2000     -83.5557  0.9103 
   00984    0.2400     -79.4508  0.8819 
   00985    0.5600     -80.8278  0.8945 
   00986    0.4800     -86.2790  0.8989 
   00987    0.3200     -86.8872  0.9058 
   00988    0.5200     -84.7567  0.8956 
   00989    0.3200     -86.6024  0.9173 
   00990    0.4000     -84.8107  0.9075 
   00991    0.3200     -85.9704  0.8922 
   00992    0.3200     -88.8705  0.9099 
   00993    0.2800     -88.6103  0.9187 
   00994    0.2400     -86.9436  0.9205 
   00995    0.2400     -90.1948  0.9426 
   00996    0.3600     -93.0540  0.9600 
   00997    0.4000     -93.6887  0.9665 
   00998    0.4400     -90.3743  0.9501 
   00999    0.2800     -89.1186  0.9429 
   01000    0.4800     -84.8037  0.8969 
