#=====================================================
# File created:        Sat-09-Mar-2024-at-11-46-45PM
# Size of lattice:     20x20
# Number of MC steps:  1000
# Reduced temperature: 0.950
# Run time (s):        9.627998
#=====================================================
# MC step:  Ratio:     Energy:   Order:
#=====================================================
   00000    0.5000    -388.7424  0.2835 
   00001    0.6800    -585.7803  0.2874 
   00002    0.6350    -687.9892  0.3280 
   00003    0.6225    -744.1832  0.3534 
   00004    0.5525    -797.3879  0.3473 
   00005    0.5325    -818.3020  0.3495 
   00006    0.5200    -902.3112  0.3581 
   00007    0.5100    -925.7550  0.3265 
   00008    0.5225    -927.3815  0.3270 
   00009    0.5125    -938.7421  0.3455 
   00010    0.5000    -940.3195  0.3444 
   00011    0.4975    -927.2256  0.3486 
   00012    0.5375    -896.2280  0.3703 
   00013    0.5225    -923.5543  0.3731 
   00014    0.5375    -916.2292  0.3682 
   00015    0.4850    -922.7131  0.3757 
   00016    0.4675    -934.5011  0.3569 
   00017    0.4400    -925.9218  0.3467 
   00018    0.4850    -909.5459  0.3554 
   00019    0.5075    -958.3403  0.3647 
   00020    0.5000    -954.0473  0.3689 
   00021    0.4800    -976.6538  0.3922 
   00022    0.4975    -969.6312  0.3687 
   00023    0.4825    -987.0207  0.3997 
   00024    0.4925    -951.9933  0.4036 
   00025    0.4950    -983.6485  0.4316 
   00026    0.4900    -964.8910  0.4142 
   00027    0.5000    -950.0581  0.4169 
   00028    0.5000    -974.3233  0.4159 
   00029    0.5200    -961.3624  0.4337 
   00030    0.4575    -960.3963  0.4122 
   00031    0.4850    -948.7766  0.4082 
   00032    0.4850    -960.0653  0.4341 
   00033    0.4875    -968.6816  0.4472 
   00034    0.4775    -955.6241  0.3984 
   00035    0.4825    -923.3524  0.4104 
   00036    0.5275    -899.1244  0.4094 
   00037    0.5400    -934.0131  0.4033 
   00038    0.5050    -942.4012  0.3925 
   00039    0.5225    -902.8932  0.3771 
   00040    0.4500    -939.0456  0.3676 
   00041    0.4900    -946.4129  0.3767 
   00042    0.4975    -982.5421  0.3835 
   00043    0.4950    -949.9478  0.3579 
   00044    0.4925    -954.3829  0.3763 
   00045    0.4825    -977.1256  0.3849 
   00046    0.4925    -949.7196  0.4169 
   00047    0.4650    -974.2550  0.4199 
   00048    0.4125    -964.8795  0.4482 
   00049    0.4725   -1009.9623  0.4632 
   00050    0.4200   -1032.5092  0.4398 
   00051    0.4600   -1031.6048  0.4341 
   00052    0.4775   -1032.2822  0.4553 
   00053    0.4425   -1012.5341  0.4471 
   00054    0.4625   -1000.5557  0.4262 
   00055    0.4250    -988.9488  0.4166 
   00056    0.4775    -983.5691  0.4050 
   00057    0.4575    -978.3119  0.4011 
   00058    0.4675    -976.9689  0.4026 
   00059    0.4375    -948.8906  0.4295 
   00060    0.4950    -954.0012  0.4113 
   00061    0.4575    -987.8094  0.4246 
   00062    0.4900    -994.3341  0.4107 
   00063    0.4950    -945.4286  0.4172 
   00064    0.4850    -969.5887  0.4451 
   00065    0.4450   -1005.4532  0.4675 
   00066    0.4500   -1001.0337  0.4536 
   00067    0.4675    -978.2510  0.4188 
   00068    0.4850   -1023.3362  0.4275 
   00069    0.4925   -1034.6750  0.4132 
   00070    0.4275   -1023.5765  0.4440 
   00071    0.4425   -1016.5797  0.4347 
   00072    0.4650   -1004.8564  0.4035 
   00073    0.4525   -1008.9758  0.4357 
   00074    0.5000    -975.0354  0.3951 
   00075    0.5200    -997.5225  0.3994 
   00076    0.4800   -1013.6362  0.4290 
   00077    0.4900   -1047.6297  0.4501 
   00078    0.4725   -1039.0389  0.4614 
   00079    0.4800   -1056.0524  0.4826 
   00080    0.3900   -1054.2676  0.4799 
   00081    0.4550   -1013.2206  0.4753 
   00082    0.4850   -1020.3033  0.4744 
   00083    0.4825   -1014.1206  0.4936 
   00084    0.4325   -1008.1909  0.4791 
   00085    0.4525   -1029.6463  0.4723 
   00086    0.4500   -1035.9270  0.4556 
   00087    0.4275   -1057.4819  0.4814 
   00088    0.4225   -1118.6641  0.4886 
   00089    0.4525   -1079.8464  0.4574 
   00090    0.4375   -1051.1965  0.4538 
   00091    0.4725   -1019.1008  0.4317 
   00092    0.4400   -1040.6936  0.4335 
   00093    0.4625   -1002.9377  0.4085 
   00094    0.4800   -1004.1698  0.4117 
   00095    0.4575    -999.8306  0.4144 
   00096    0.4975   -1011.5790  0.3763 
   00097    0.5175    -990.2107  0.3422 
   00098    0.4975   -1003.2679  0.3406 
   00099    0.4650   -1019.0750  0.3364 
   00100    0.4500   -1006.4808  0.3309 
   00101    0.4475    -991.9341  0.3653 
   00102    0.4775    -997.4122  0.3668 
   00103    0.4800   -1019.9111  0.3657 
   00104    0.4300   -1010.3281  0.3515 
   00105    0.4500    -992.2591  0.3297 
   00106    0.5100    -978.7873  0.3334 
   00107    0.4750   -1008.0412  0.3348 
   00108    0.3950   -1012.8880  0.3059 
   00109    0.4675   -1006.3578  0.2805 
   00110    0.4250    -994.4518  0.2697 
   00111    0.5000    -975.4126  0.2690 
   00112    0.4650    -977.6875  0.2628 
   00113    0.4875   -1009.0298  0.2755 
   00114    0.4700   -1030.2662  0.2604 
   00115    0.4275    -994.7788  0.2708 
   00116    0.4525    -990.2202  0.2917 
   00117    0.4750    -990.6656  0.3023 
   00118    0.4825    -990.1840  0.3019 
   00119    0.4350   -1015.4347  0.3077 
   00120    0.4850   -1032.3062  0.2939 
   00121    0.5025    -999.3173  0.3062 
   00122    0.5025   -1007.8982  0.2882 
   00123    0.4600    -981.4331  0.2863 
   00124    0.4300    -982.5905  0.2608 
   00125    0.4550    -995.6101  0.2877 
   00126    0.4600   -1000.5025  0.3085 
   00127    0.4775   -1012.2629  0.3025 
   00128    0.4750    -984.7872  0.3223 
   00129    0.4975    -992.4629  0.3296 
   00130    0.4775    -991.9165  0.3361 
   00131    0.4550   -1016.1042  0.3193 
   00132    0.4775    -970.2717  0.3277 
   00133    0.4750    -985.1644  0.3111 
   00134    0.4775    -985.3861  0.3178 
   00135    0.4625    -969.9175  0.3256 
   00136    0.4675    -979.7130  0.3021 
   00137    0.4900    -950.3813  0.3285 
   00138    0.4625    -957.0585  0.3207 
   00139    0.4875    -988.7473  0.3358 
   00140    0.5025   -1018.6029  0.3470 
   00141    0.4175    -985.6103  0.3395 
   00142    0.4900    -972.9300  0.3329 
   00143    0.4750    -982.1702  0.3502 
   00144    0.4500    -948.7488  0.3280 
   00145    0.4600    -925.5094  0.3308 
   00146    0.5350    -909.6231  0.3214 
   00147    0.4700    -929.8523  0.3488 
   00148    0.4975    -918.7629  0.3260 
   00149    0.5550    -871.4881  0.3521 
   00150    0.5475    -900.5043  0.3620 
   00151    0.4850    -935.8512  0.3523 
   00152    0.5075    -933.5958  0.3177 
   00153    0.4875    -970.9412  0.3397 
   00154    0.4825    -957.9169  0.3569 
   00155    0.4750    -926.1758  0.3536 
   00156    0.4825    -947.5406  0.3624 
   00157    0.5050    -949.1281  0.3733 
   00158    0.5200    -928.6444  0.3517 
   00159    0.4700    -948.5590  0.3558 
   00160    0.4925    -936.8151  0.3586 
   00161    0.4875    -972.0052  0.3941 
   00162    0.4825    -947.2653  0.3682 
   00163    0.5275    -922.0504  0.3755 
   00164    0.4975    -951.5858  0.3842 
   00165    0.4700    -963.5462  0.4317 
   00166    0.5000    -976.8689  0.4297 
   00167    0.4750    -969.1623  0.4474 
   00168    0.4725    -951.0519  0.4259 
   00169    0.4525    -968.5523  0.4351 
   00170    0.4650   -1002.4350  0.4093 
   00171    0.4750    -992.7881  0.3860 
   00172    0.4850   -1001.0582  0.3850 
   00173    0.4325   -1025.0693  0.3619 
   00174    0.3900   -1041.9339  0.3593 
   00175    0.4800    -986.4633  0.3913 
   00176    0.4550   -1027.3103  0.4225 
   00177    0.4225   -1041.3616  0.4404 
   00178    0.4750   -1015.5363  0.4412 
   00179    0.4750   -1041.2102  0.4312 
   00180    0.4725   -1002.7382  0.4492 
   00181    0.4450   -1031.7457  0.4735 
   00182    0.4250    -991.3993  0.4668 
   00183    0.4600    -999.4203  0.4652 
   00184    0.4350   -1009.8121  0.4631 
   00185    0.4575    -965.6053  0.4801 
   00186    0.5250    -935.5742  0.4633 
   00187    0.5000    -955.5108  0.4522 
   00188    0.4775    -964.6319  0.4342 
   00189    0.5550    -935.7881  0.4193 
   00190    0.5125    -932.9515  0.4102 
   00191    0.5400    -900.4950  0.4216 
   00192    0.5250    -886.1721  0.4281 
   00193    0.5125    -937.1252  0.4109 
   00194    0.4850    -967.9436  0.4236 
   00195    0.4475    -983.8888  0.4218 
   00196    0.4925    -963.4019  0.4275 
   00197    0.4525    -965.4954  0.4146 
   00198    0.4475    -978.9740  0.4184 
   00199    0.4575    -973.4722  0.3930 
   00200    0.4800    -957.9009  0.3827 
   00201    0.5150    -951.8063  0.3688 
   00202    0.4400    -965.9050  0.4163 
   00203    0.4675   -1008.3830  0.4479 
   00204    0.4675   -1002.2791  0.4597 
   00205    0.4950    -970.0033  0.4508 
   00206    0.4625    -979.0779  0.4474 
   00207    0.5175    -953.9053  0.4391 
   00208    0.4850    -951.6837  0.4388 
   00209    0.4675    -958.0471  0.4180 
   00210    0.4900    -956.6319  0.3954 
   00211    0.4850   -1002.8409  0.3571 
   00212    0.4650   -1017.1821  0.3893 
   00213    0.4425   -1027.4310  0.3863 
   00214    0.4650    -998.8051  0.3962 
   00215    0.4600   -1007.1637  0.4260 
   00216    0.4525    -959.0629  0.4123 
   00217    0.5275    -950.1276  0.3873 
   00218    0.4900   -1003.9710  0.4080 
   00219    0.4450   -1016.0032  0.4058 
   00220    0.4275   -1034.9512  0.4071 
   00221    0.4700   -1023.5192  0.4242 
   00222    0.4950    -976.3978  0.3906 
   00223    0.5150    -976.5802  0.3586 
   00224    0.4625    -946.2737  0.3702 
   00225    0.5000    -932.1962  0.3994 
   00226    0.5075    -935.5559  0.3844 
   00227    0.4750    -944.0958  0.4036 
   00228    0.4525    -943.9369  0.3665 
   00229    0.5075    -958.4614  0.3763 
   00230    0.5000    -969.7026  0.3717 
   00231    0.4425    -996.8393  0.3552 
   00232    0.4575    -960.8696  0.3429 
   00233    0.5400    -938.6307  0.3143 
   00234    0.4975    -999.7024  0.3258 
   00235    0.4200    -980.5735  0.3305 
   00236    0.4675    -952.6654  0.3302 
   00237    0.4550    -933.8563  0.3438 
   00238    0.5100    -961.3152  0.3272 
   00239    0.4700    -991.9710  0.3621 
   00240    0.4825    -963.5169  0.3672 
   00241    0.5225    -966.2129  0.3498 
   00242    0.4650    -980.9258  0.3372 
   00243    0.4975    -965.8691  0.3658 
   00244    0.4825    -990.8581  0.3811 
   00245    0.4825    -971.7140  0.3791 
   00246    0.5000    -974.7767  0.3509 
   00247    0.4475    -990.3039  0.3711 
   00248    0.4975    -965.4394  0.3757 
   00249    0.4850    -982.4153  0.3590 
   00250    0.5150    -934.3482  0.3284 
   00251    0.4900    -929.7405  0.3411 
   00252    0.4850    -975.5855  0.3075 
   00253    0.4550    -996.5112  0.3143 
   00254    0.5000   -1019.5466  0.3069 
   00255    0.4825   -1025.0400  0.3054 
   00256    0.4725   -1029.1784  0.2724 
   00257    0.4250   -1060.1463  0.2933 
   00258    0.4725   -1061.7098  0.3004 
   00259    0.4575   -1074.9751  0.2820 
   00260    0.4025   -1085.8696  0.3192 
   00261    0.4025   -1084.5038  0.3060 
   00262    0.4400   -1055.1685  0.2907 
   00263    0.4575   -1039.0991  0.2739 
   00264    0.4225   -1029.7364  0.2919 
   00265    0.4925   -1000.2080  0.2891 
   00266    0.4150   -1009.3390  0.2700 
   00267    0.4700    -998.6728  0.2780 
   00268    0.4375    -985.2128  0.2778 
   00269    0.4850    -980.2426  0.2893 
   00270    0.4250    -961.2419  0.3073 
   00271    0.5050    -996.7182  0.3201 
   00272    0.5200    -973.8933  0.3366 
   00273    0.4850    -989.5202  0.3112 
   00274    0.4950   -1006.9977  0.3041 
   00275    0.4275    -991.0547  0.3005 
   00276    0.4775    -992.7845  0.3091 
   00277    0.4250   -1025.3484  0.3033 
   00278    0.4575    -993.7994  0.3012 
   00279    0.4575    -996.2566  0.2954 
   00280    0.4550   -1024.2261  0.2874 
   00281    0.4675    -996.7304  0.2835 
   00282    0.4500    -995.2057  0.2929 
   00283    0.4600   -1033.0320  0.3051 
   00284    0.4400    -968.6680  0.3207 
   00285    0.4675    -993.1800  0.3265 
   00286    0.4750   -1000.2487  0.3225 
   00287    0.4500   -1006.9350  0.3052 
   00288    0.4725    -989.2358  0.2915 
   00289    0.4350    -983.1958  0.3133 
   00290    0.4550   -1007.9988  0.3173 
   00291    0.4775    -999.8076  0.3063 
   00292    0.4425    -985.7084  0.2721 
   00293    0.4275    -985.0308  0.2899 
   00294    0.4775    -988.5594  0.3128 
   00295    0.4875   -1006.2026  0.2958 
   00296    0.4725   -1009.6520  0.2949 
   00297    0.4650   -1004.7600  0.2947 
   00298    0.4800    -979.4129  0.2844 
   00299    0.4675    -954.5532  0.2768 
   00300    0.4900    -978.0585  0.2667 
   00301    0.4600   -1024.0314  0.2939 
   00302    0.4800    -993.1897  0.3024 
   00303    0.4850    -951.4092  0.3119 
   00304    0.5150    -926.5175  0.2904 
   00305    0.5275    -969.9813  0.2876 
   00306    0.4525    -998.5173  0.3375 
   00307    0.4725   -1015.3023  0.3223 
   00308    0.5000   -1004.1226  0.2981 
   00309    0.4575   -1005.1920  0.2983 
   00310    0.4550   -1005.1967  0.2742 
   00311    0.4850    -995.7459  0.2829 
   00312    0.4775    -978.1454  0.2917 
   00313    0.5175    -961.9606  0.2768 
   00314    0.4500    -951.2592  0.2628 
   00315    0.4875    -974.2741  0.2774 
   00316    0.4825    -947.1984  0.2892 
   00317    0.5325    -950.3657  0.2868 
   00318    0.5200    -969.2771  0.2890 
   00319    0.4625    -980.7966  0.2558 
   00320    0.4975    -958.1956  0.2852 
   00321    0.4800    -970.8572  0.3145 
   00322    0.4975    -961.2185  0.3509 
   00323    0.4575    -994.9678  0.3615 
   00324    0.4725    -956.1771  0.3737 
   00325    0.4900   -1011.7483  0.3712 
   00326    0.4825   -1016.4934  0.3493 
   00327    0.4850    -991.5925  0.3377 
   00328    0.4775    -986.2658  0.3433 
   00329    0.4775    -957.2950  0.3394 
   00330    0.4600    -956.2717  0.3556 
   00331    0.4975    -960.8038  0.3448 
   00332    0.4825    -943.0931  0.3556 
   00333    0.5225    -927.7437  0.3356 
   00334    0.5150    -942.7627  0.3415 
   00335    0.4800    -930.0687  0.3169 
   00336    0.5000    -958.0450  0.2969 
   00337    0.5000    -935.3935  0.2957 
   00338    0.5150    -949.2038  0.3013 
   00339    0.4525    -968.4711  0.3009 
   00340    0.4725    -983.3731  0.3009 
   00341    0.4625    -957.0110  0.2774 
   00342    0.5300    -964.5313  0.2926 
   00343    0.5225   -1002.4817  0.2802 
   00344    0.4675   -1000.2001  0.2781 
   00345    0.4650   -1010.1024  0.3043 
   00346    0.5225    -985.8759  0.3346 
   00347    0.4875    -970.4496  0.3477 
   00348    0.5000    -968.1144  0.3545 
   00349    0.4250    -977.7428  0.3376 
   00350    0.4700    -993.5412  0.3797 
   00351    0.4600    -979.6284  0.3900 
   00352    0.5275    -931.8265  0.3841 
   00353    0.5025    -949.1061  0.3858 
   00354    0.4850    -975.9171  0.3778 
   00355    0.4700    -956.6327  0.3702 
   00356    0.5325    -943.6657  0.3891 
   00357    0.4875    -939.1925  0.3842 
   00358    0.4525    -937.3989  0.3443 
   00359    0.4850    -982.9860  0.3212 
   00360    0.4575    -960.2184  0.3348 
   00361    0.4900    -958.9128  0.3104 
   00362    0.4825    -965.4451  0.3244 
   00363    0.4500    -967.5143  0.3152 
   00364    0.5225    -941.7236  0.3102 
   00365    0.4725    -960.4256  0.3179 
   00366    0.4925    -936.0865  0.3003 
   00367    0.5225    -931.4359  0.2962 
   00368    0.4850    -927.3882  0.2927 
   00369    0.5150    -934.8316  0.3113 
   00370    0.5050    -954.9689  0.3426 
   00371    0.4925    -945.0338  0.3067 
   00372    0.4750    -910.4714  0.2771 
   00373    0.4800    -926.9516  0.3041 
   00374    0.5325    -937.2383  0.3303 
   00375    0.4700    -913.2661  0.3367 
   00376    0.4875    -919.8843  0.3520 
   00377    0.5325    -953.3482  0.3667 
   00378    0.5000    -933.6431  0.3530 
   00379    0.4800    -918.9722  0.3539 
   00380    0.4850    -908.3431  0.3647 
   00381    0.5275    -902.8935  0.3575 
   00382    0.5325    -913.0558  0.3922 
   00383    0.4900    -909.4031  0.3860 
   00384    0.5000    -906.4898  0.3766 
   00385    0.4900    -946.8535  0.3900 
   00386    0.4950    -972.4515  0.4359 
   00387    0.4500   -1013.7153  0.4632 
   00388    0.4675    -997.5917  0.4739 
   00389    0.4650   -1000.2959  0.4971 
   00390    0.4900    -988.2830  0.4827 
   00391    0.4550   -1003.1998  0.4925 
   00392    0.4825   -1011.8504  0.4710 
   00393    0.4750    -977.9956  0.4590 
   00394    0.4875   -1022.1994  0.4914 
   00395    0.5400    -983.2948  0.4748 
   00396    0.4675    -987.4983  0.4763 
   00397    0.4525    -989.8090  0.4683 
   00398    0.4375   -1021.9629  0.4741 
   00399    0.5100   -1025.5327  0.4548 
   00400    0.4375    -971.4531  0.4598 
   00401    0.4875    -977.2607  0.4608 
   00402    0.4450   -1041.0057  0.4379 
   00403    0.4725   -1050.1977  0.4549 
   00404    0.5000   -1009.0429  0.4436 
   00405    0.4550   -1016.5226  0.4264 
   00406    0.5075   -1008.7557  0.4505 
   00407    0.4250   -1032.4878  0.4656 
   00408    0.4400   -1037.2779  0.4741 
   00409    0.4400   -1031.3773  0.4758 
   00410    0.4575   -1060.1789  0.4509 
   00411    0.4275   -1047.4340  0.4270 
   00412    0.4450   -1063.2581  0.4249 
   00413    0.4650   -1033.3961  0.4636 
   00414    0.4575   -1048.3652  0.4481 
   00415    0.4450    -977.7997  0.4356 
   00416    0.4750    -968.7743  0.4246 
   00417    0.4725    -975.9232  0.4407 
   00418    0.4525    -994.1137  0.4671 
   00419    0.4750   -1016.7290  0.4720 
   00420    0.4350   -1074.7991  0.4995 
   00421    0.4075   -1047.0521  0.4928 
   00422    0.4675   -1005.7755  0.4596 
   00423    0.4975    -949.3803  0.4212 
   00424    0.4675    -978.3421  0.4153 
   00425    0.4925   -1017.9323  0.4340 
   00426    0.4925    -988.0412  0.4188 
   00427    0.4875    -993.9969  0.3790 
   00428    0.5275    -973.6310  0.3817 
   00429    0.5325    -978.9108  0.3899 
   00430    0.5025    -982.8531  0.3788 
   00431    0.4800    -970.5135  0.3515 
   00432    0.5025    -978.3985  0.3656 
   00433    0.4750    -986.8441  0.3596 
   00434    0.4825    -977.6932  0.3529 
   00435    0.4400   -1003.0843  0.3369 
   00436    0.5250    -977.3942  0.3215 
   00437    0.4950    -999.9002  0.3301 
   00438    0.4225    -983.2612  0.3350 
   00439    0.4675    -975.0150  0.3079 
   00440    0.4725    -986.8034  0.3311 
   00441    0.4475    -999.7753  0.3310 
   00442    0.5025    -984.7046  0.3405 
   00443    0.4900    -963.0269  0.3739 
   00444    0.4925   -1005.7904  0.3503 
   00445    0.4500    -969.5233  0.3682 
   00446    0.4825    -939.2466  0.3468 
   00447    0.4975    -964.3682  0.3175 
   00448    0.4850    -944.8070  0.3326 
   00449    0.4925    -945.8409  0.3655 
   00450    0.4950    -961.4476  0.3720 
   00451    0.5525    -966.1392  0.3750 
   00452    0.5325    -909.6419  0.3554 
   00453    0.5100    -929.7701  0.3901 
   00454    0.5425    -918.0315  0.3866 
   00455    0.5250    -932.1011  0.3725 
   00456    0.4875    -948.9497  0.3475 
   00457    0.4925    -950.6233  0.3595 
   00458    0.4650    -972.7698  0.3634 
   00459    0.4550    -993.4635  0.3809 
   00460    0.5525    -959.7338  0.3616 
   00461    0.4975    -951.5112  0.4137 
   00462    0.4775    -982.0583  0.4104 
   00463    0.4725    -981.5259  0.4290 
   00464    0.4425    -996.9688  0.4502 
   00465    0.5075    -984.7747  0.4481 
   00466    0.4725    -983.9034  0.4494 
   00467    0.4500    -993.3733  0.4445 
   00468    0.4675    -986.1384  0.4381 
   00469    0.4525    -995.3207  0.4466 
   00470    0.5150    -981.2450  0.4200 
   00471    0.4200    -948.6377  0.4033 
   00472    0.4600   -1000.4983  0.4127 
   00473    0.4900    -978.9497  0.4213 
   00474    0.4700    -977.5352  0.4334 
   00475    0.4675    -978.1805  0.4342 
   00476    0.4750   -1003.3185  0.4474 
   00477    0.4700   -1031.1931  0.4793 
   00478    0.4625   -1018.8826  0.4687 
   00479    0.4700   -1036.0045  0.4751 
   00480    0.4350   -1059.6771  0.4708 
   00481    0.4400   -1084.6046  0.4643 
   00482    0.4275   -1061.0585  0.4716 
   00483    0.4375   -1034.5345  0.4773 
   00484    0.4875   -1037.6199  0.4479 
   00485    0.4275   -1029.6031  0.4357 
   00486    0.4375   -1013.4983  0.4296 
   00487    0.4725   -1025.4655  0.4167 
   00488    0.4575   -1028.6373  0.4324 
   00489    0.4225   -1037.8085  0.4311 
   00490    0.4525   -1040.2128  0.4109 
   00491    0.4950   -1013.9536  0.4117 
   00492    0.4425   -1013.2945  0.4233 
   00493    0.4300    -975.6860  0.4202 
   00494    0.5100    -989.8584  0.4571 
   00495    0.4525    -988.5332  0.4807 
   00496    0.4575    -973.1809  0.4679 
   00497    0.4925    -948.5443  0.4643 
   00498    0.4675    -937.6726  0.4324 
   00499    0.5275    -937.6598  0.4232 
   00500    0.5200    -954.5573  0.4381 
   00501    0.4950    -952.1670  0.4137 
   00502    0.4925    -937.3792  0.4101 
   00503    0.5250    -963.7864  0.4188 
   00504    0.4675    -936.4532  0.4179 
   00505    0.4725    -945.1719  0.4266 
   00506    0.4950    -962.3107  0.4294 
   00507    0.4925    -963.3923  0.4314 
   00508    0.5150    -969.1613  0.4273 
   00509    0.4775    -996.1321  0.4350 
   00510    0.4325    -988.6763  0.3934 
   00511    0.4575    -997.0883  0.3695 
   00512    0.5175    -997.9966  0.3771 
   00513    0.4600   -1012.0292  0.3640 
   00514    0.5000   -1015.5465  0.3518 
   00515    0.4950    -996.2347  0.3177 
   00516    0.4675    -967.8825  0.3075 
   00517    0.4475   -1023.4483  0.3660 
   00518    0.4525   -1014.3805  0.3673 
   00519    0.4375   -1042.2273  0.3423 
   00520    0.4800   -1052.7543  0.3560 
   00521    0.4375   -1054.5407  0.3441 
   00522    0.4925   -1022.0395  0.3499 
   00523    0.4475    -987.8047  0.3587 
   00524    0.4800   -1018.1765  0.3350 
   00525    0.4225   -1008.2110  0.3385 
   00526    0.4350   -1011.2974  0.3090 
   00527    0.4375   -1013.1747  0.3019 
   00528    0.4775    -985.4111  0.3135 
   00529    0.4900   -1002.3933  0.3521 
   00530    0.4850   -1022.0340  0.3623 
   00531    0.4850    -983.5365  0.3647 
   00532    0.5100    -965.0989  0.3573 
   00533    0.5225    -983.0247  0.3597 
   00534    0.4600    -973.3598  0.3371 
   00535    0.5225    -947.5225  0.3139 
   00536    0.5200    -968.0875  0.3274 
   00537    0.4875    -966.5763  0.3465 
   00538    0.4700    -975.4337  0.3284 
   00539    0.4900    -976.6298  0.3507 
   00540    0.4700   -1010.8297  0.3957 
   00541    0.4525   -1001.9176  0.3941 
   00542    0.4700    -940.4866  0.3791 
   00543    0.5075    -994.6144  0.4126 
   00544    0.4700    -985.8507  0.4230 
   00545    0.4900    -972.1388  0.4292 
   00546    0.4775    -963.0972  0.4592 
   00547    0.4775    -998.7038  0.4729 
   00548    0.4625    -992.3196  0.4659 
   00549    0.4625   -1023.5062  0.4619 
   00550    0.4550   -1004.4942  0.4432 
   00551    0.4325   -1011.5401  0.4562 
   00552    0.4650   -1003.6200  0.4687 
   00553    0.4475   -1000.9164  0.4463 
   00554    0.4650   -1029.9816  0.4417 
   00555    0.4675   -1021.4092  0.4289 
   00556    0.4725   -1020.5032  0.4246 
   00557    0.4675   -1027.5563  0.4414 
   00558    0.4400   -1031.4237  0.4668 
   00559    0.4775    -991.7817  0.4639 
   00560    0.4900   -1019.3659  0.4666 
   00561    0.4700    -985.8660  0.4568 
   00562    0.4600   -1035.4268  0.4620 
   00563    0.4650   -1006.2382  0.4606 
   00564    0.4775   -1004.7914  0.4344 
   00565    0.5100   -1011.1420  0.4662 
   00566    0.4675   -1002.5983  0.4667 
   00567    0.4425   -1012.6241  0.4560 
   00568    0.5025   -1002.1215  0.4837 
   00569    0.4275    -995.8483  0.4852 
   00570    0.4275   -1022.7751  0.4963 
   00571    0.4350   -1067.5709  0.5163 
   00572    0.4200   -1069.1458  0.5187 
   00573    0.4475   -1088.6913  0.5133 
   00574    0.3975   -1068.3912  0.5246 
   00575    0.4600   -1063.1282  0.5225 
   00576    0.4500   -1038.8091  0.5133 
   00577    0.4200   -1076.3648  0.5397 
   00578    0.4625   -1045.9245  0.5570 
   00579    0.4125   -1052.7220  0.5567 
   00580    0.4400   -1030.9063  0.5545 
   00581    0.4400    -993.4537  0.5508 
   00582    0.4675   -1021.9271  0.5498 
   00583    0.4375   -1014.8493  0.5811 
   00584    0.4600   -1038.4324  0.5774 
   00585    0.4525    -970.1192  0.5522 
   00586    0.5150    -978.4591  0.5507 
   00587    0.4825    -995.7462  0.5594 
   00588    0.4600    -996.4639  0.5548 
   00589    0.5000    -978.0477  0.5586 
   00590    0.4850    -998.1222  0.5751 
   00591    0.4950    -976.1050  0.5695 
   00592    0.4800    -975.1296  0.5284 
   00593    0.4900    -998.1448  0.5253 
   00594    0.4275   -1012.4037  0.5273 
   00595    0.4675    -994.0375  0.5377 
   00596    0.4850   -1028.9167  0.5689 
   00597    0.4500   -1032.2814  0.5716 
   00598    0.4550   -1011.5525  0.5429 
   00599    0.5125   -1034.0052  0.5402 
   00600    0.4575   -1013.7643  0.5320 
   00601    0.4400    -995.0713  0.5282 
   00602    0.4750    -986.0340  0.5071 
   00603    0.4600    -993.4771  0.4865 
   00604    0.4675    -947.0291  0.4894 
   00605    0.4825    -943.1781  0.4891 
   00606    0.5075    -953.2397  0.4853 
   00607    0.5050    -965.5767  0.4789 
   00608    0.4325    -985.2057  0.5106 
   00609    0.4900    -970.4377  0.5153 
   00610    0.4125   -1000.5398  0.5198 
   00611    0.4550   -1038.6901  0.5099 
   00612    0.4650   -1010.4384  0.4942 
   00613    0.4925    -984.8400  0.5143 
   00614    0.4175    -974.1768  0.5291 
   00615    0.4800    -978.2056  0.5471 
   00616    0.4625    -984.3121  0.5606 
   00617    0.4700    -995.5115  0.5499 
   00618    0.5125    -979.3902  0.5491 
   00619    0.4975   -1005.4049  0.5302 
   00620    0.4325    -988.4529  0.5409 
   00621    0.4725   -1005.0283  0.5500 
   00622    0.4925    -995.2666  0.5269 
   00623    0.4650    -998.3736  0.5391 
   00624    0.4725    -982.6378  0.5235 
   00625    0.4600   -1037.2167  0.5668 
   00626    0.4450   -1041.9923  0.5704 
   00627    0.4450   -1039.3084  0.5859 
   00628    0.4325   -1003.5448  0.5623 
   00629    0.4800   -1024.8790  0.5389 
   00630    0.4325   -1028.2550  0.5448 
   00631    0.4325    -973.6722  0.5122 
   00632    0.4650    -982.5136  0.5166 
   00633    0.4600    -989.8257  0.5217 
   00634    0.4500   -1014.2951  0.4938 
   00635    0.4225   -1033.0380  0.5007 
   00636    0.4700   -1006.3000  0.5293 
   00637    0.4500   -1005.3686  0.5085 
   00638    0.4825    -967.7053  0.4854 
   00639    0.5075    -975.3783  0.4471 
   00640    0.4900    -956.2273  0.4185 
   00641    0.5000    -938.7643  0.3961 
   00642    0.4875    -964.1562  0.4233 
   00643    0.4525   -1001.8423  0.4216 
   00644    0.4725   -1042.8163  0.4205 
   00645    0.4475   -1054.2153  0.4407 
   00646    0.4750   -1010.7774  0.4312 
   00647    0.4800    -985.9728  0.4293 
   00648    0.4800    -979.5302  0.4215 
   00649    0.4925    -980.9202  0.4168 
   00650    0.4625    -984.2741  0.4299 
   00651    0.4600   -1002.6371  0.4361 
   00652    0.5325    -943.2072  0.3762 
   00653    0.4975    -958.8636  0.3609 
   00654    0.4550    -920.6331  0.3543 
   00655    0.5350    -936.4501  0.3682 
   00656    0.4550    -921.8397  0.3625 
   00657    0.5050    -934.0075  0.3755 
   00658    0.4900    -932.8719  0.4026 
   00659    0.4875    -935.5726  0.4007 
   00660    0.4875    -972.0709  0.4068 
   00661    0.5025    -951.7746  0.4285 
   00662    0.4400    -976.4839  0.4220 
   00663    0.4550    -943.4872  0.3926 
   00664    0.5000    -955.3804  0.4170 
   00665    0.5300    -924.9466  0.3702 
   00666    0.5000    -899.2016  0.3752 
   00667    0.4900    -879.6367  0.3826 
   00668    0.4750    -897.0356  0.3693 
   00669    0.5175    -906.8096  0.3546 
   00670    0.4850    -898.7797  0.3771 
   00671    0.4825    -881.4282  0.3804 
   00672    0.5250    -925.9086  0.4097 
   00673    0.5425    -894.2096  0.4135 
   00674    0.4875    -902.9650  0.4055 
   00675    0.5125    -931.2841  0.4151 
   00676    0.5125    -928.4637  0.4131 
   00677    0.4750    -947.4319  0.3942 
   00678    0.4650    -955.5603  0.4061 
   00679    0.4850    -975.3874  0.3898 
   00680    0.5025    -985.7946  0.3984 
   00681    0.4825   -1001.2648  0.4105 
   00682    0.5075   -1014.9740  0.4282 
   00683    0.4900   -1001.7252  0.4110 
   00684    0.4925    -971.1112  0.4048 
   00685    0.5125    -960.8026  0.4015 
   00686    0.4525    -948.4453  0.3850 
   00687    0.4600    -969.4062  0.3869 
   00688    0.4600    -963.0131  0.4056 
   00689    0.4900    -905.3932  0.4240 
   00690    0.4700    -936.4170  0.3765 
   00691    0.4675    -935.1223  0.4221 
   00692    0.4900    -958.7716  0.4017 
   00693    0.4825    -935.6463  0.4070 
   00694    0.5050    -934.3876  0.3932 
   00695    0.5225    -914.4730  0.4211 
   00696    0.5750    -904.6429  0.4149 
   00697    0.5150    -921.4286  0.4059 
   00698    0.5100    -928.5873  0.3989 
   00699    0.4900    -943.9699  0.3861 
   00700    0.4950    -956.7336  0.3933 
   00701    0.4700    -984.5586  0.3781 
   00702    0.5000    -946.5736  0.3487 
   00703    0.5175    -927.8633  0.3790 
   00704    0.4750    -899.7074  0.3705 
   00705    0.5550    -954.9351  0.3959 
   00706    0.4875    -969.9359  0.4012 
   00707    0.4450    -932.0317  0.3885 
   00708    0.5300    -911.3086  0.3673 
   00709    0.5050    -945.5111  0.3849 
   00710    0.4700    -998.9896  0.3995 
   00711    0.4925    -985.3939  0.3913 
   00712    0.4825    -980.4398  0.4090 
   00713    0.4825    -957.0966  0.3978 
   00714    0.4750    -959.5088  0.4207 
   00715    0.5000    -956.7775  0.4180 
   00716    0.4650    -968.4269  0.4101 
   00717    0.4675   -1007.4174  0.3973 
   00718    0.4300    -982.9673  0.3434 
   00719    0.4950    -955.3007  0.3407 
   00720    0.4975    -967.4754  0.3255 
   00721    0.4800   -1006.1610  0.3034 
   00722    0.4650   -1027.3603  0.3299 
   00723    0.4850    -983.8651  0.3205 
   00724    0.4750    -976.8494  0.3079 
   00725    0.4950   -1022.6959  0.3111 
   00726    0.4450    -993.7693  0.3602 
   00727    0.4225   -1018.8870  0.3352 
   00728    0.4475   -1020.5307  0.3200 
   00729    0.4900   -1047.2734  0.3211 
   00730    0.4150   -1039.4199  0.3379 
   00731    0.4425   -1018.1442  0.3244 
   00732    0.4625   -1015.1960  0.3350 
   00733    0.4475   -1028.2935  0.3210 
   00734    0.4500   -1048.4206  0.3300 
   00735    0.4275   -1040.3275  0.3102 
   00736    0.4425   -1039.8612  0.3384 
   00737    0.4750   -1048.9056  0.3039 
   00738    0.4575   -1053.7641  0.2898 
   00739    0.4900   -1059.2924  0.3006 
   00740    0.4450   -1080.5263  0.2939 
   00741    0.4725   -1032.8882  0.3105 
   00742    0.4275   -1010.0484  0.3191 
   00743    0.4550   -1035.1490  0.3327 
   00744    0.4950   -1021.2807  0.3317 
   00745    0.4875   -1052.6026  0.3441 
   00746    0.4250   -1045.5566  0.3417 
   00747    0.4475   -1034.7733  0.3666 
   00748    0.5425    -966.6919  0.3834 
   00749    0.5125    -940.6425  0.3572 
   00750    0.4950    -963.5623  0.3812 
   00751    0.4800    -987.4616  0.3752 
   00752    0.4575    -989.5590  0.3275 
   00753    0.4925    -921.7309  0.3195 
   00754    0.4775    -957.5136  0.3236 
   00755    0.4900    -947.0743  0.3390 
   00756    0.5200   -1016.4986  0.3515 
   00757    0.4775   -1003.7555  0.3466 
   00758    0.5150   -1012.8434  0.3497 
   00759    0.4975   -1000.0233  0.3782 
   00760    0.4450    -978.6609  0.3656 
   00761    0.4925    -973.2958  0.3618 
   00762    0.5000    -966.4445  0.3667 
   00763    0.4700    -962.2569  0.3605 
   00764    0.4825    -987.3585  0.3563 
   00765    0.4850   -1000.8485  0.3817 
   00766    0.4375    -985.1578  0.3929 
   00767    0.4825    -972.1038  0.3664 
   00768    0.4475    -973.6636  0.3554 
   00769    0.4800    -979.0789  0.3555 
   00770    0.4800    -951.9436  0.3309 
   00771    0.5150    -992.7461  0.3447 
   00772    0.5025    -950.4933  0.3135 
   00773    0.5200    -940.6383  0.2892 
   00774    0.4375    -979.0878  0.2673 
   00775    0.5100    -923.6718  0.2865 
   00776    0.5500    -948.6503  0.2682 
   00777    0.5225    -925.1219  0.2911 
   00778    0.5125    -979.9488  0.3266 
   00779    0.4800    -942.0872  0.3427 
   00780    0.4800    -980.5726  0.3491 
   00781    0.4775    -971.6112  0.3728 
   00782    0.4475    -955.6392  0.3855 
   00783    0.4375    -928.8775  0.3806 
   00784    0.5275    -929.8156  0.3902 
   00785    0.5075    -951.1410  0.3924 
   00786    0.4975    -924.7995  0.3826 
   00787    0.4800    -974.6586  0.3965 
   00788    0.4825    -972.9931  0.4253 
   00789    0.4875    -977.1406  0.4303 
   00790    0.4950    -987.9268  0.4503 
   00791    0.4725   -1012.3094  0.4570 
   00792    0.4325   -1001.4504  0.4712 
   00793    0.4650    -970.2903  0.4312 
   00794    0.4550   -1004.8871  0.4393 
   00795    0.4525    -999.1816  0.4483 
   00796    0.4725    -987.6771  0.4370 
   00797    0.5025    -975.8496  0.4288 
   00798    0.4800    -973.8068  0.4515 
   00799    0.4500    -973.2988  0.4414 
   00800    0.4425    -961.6398  0.4363 
   00801    0.4875    -977.3976  0.4655 
   00802    0.5175    -963.8207  0.4689 
   00803    0.4525    -960.6021  0.4795 
   00804    0.4575    -949.3875  0.4584 
   00805    0.4975    -952.4836  0.5057 
   00806    0.5025    -956.9542  0.4761 
   00807    0.4425    -959.7219  0.4847 
   00808    0.5375    -998.0714  0.5051 
   00809    0.4825    -978.8638  0.4956 
   00810    0.4875    -983.4403  0.4880 
   00811    0.4350    -980.8305  0.4782 
   00812    0.4575   -1022.0530  0.4639 
   00813    0.4650    -988.0661  0.4768 
   00814    0.4900    -927.7074  0.4206 
   00815    0.4825    -961.2468  0.4430 
   00816    0.4925    -960.3727  0.4241 
   00817    0.4575    -978.7919  0.4326 
   00818    0.4175   -1028.4541  0.4526 
   00819    0.4975   -1018.8484  0.4759 
   00820    0.4950    -994.0705  0.4378 
   00821    0.4800    -970.9295  0.3881 
   00822    0.4525    -974.0720  0.3986 
   00823    0.5175    -995.9718  0.4042 
   00824    0.4550    -993.3957  0.4060 
   00825    0.4375    -965.7927  0.4235 
   00826    0.4925    -983.5894  0.4137 
   00827    0.4450    -978.7599  0.3750 
   00828    0.4675    -971.4462  0.4142 
   00829    0.5200    -982.2765  0.4191 
   00830    0.4675    -980.2462  0.4345 
   00831    0.5000    -944.3628  0.4046 
   00832    0.5375    -960.0802  0.4103 
   00833    0.4850    -951.4409  0.3945 
   00834    0.4850    -937.3373  0.3552 
   00835    0.4975    -948.7561  0.3505 
   00836    0.4775    -966.6217  0.3363 
   00837    0.4625    -956.9757  0.3224 
   00838    0.5125    -946.8688  0.2893 
   00839    0.4825    -934.2283  0.2971 
   00840    0.5225    -954.0594  0.3163 
   00841    0.5475    -939.5700  0.2926 
   00842    0.4925    -948.9740  0.2962 
   00843    0.4975    -963.4645  0.3048 
   00844    0.4575    -969.5767  0.3121 
   00845    0.4550    -945.5558  0.3337 
   00846    0.4925    -950.0671  0.3203 
   00847    0.5025    -928.6921  0.3581 
   00848    0.4400    -936.4326  0.3540 
   00849    0.5025    -964.3978  0.3830 
   00850    0.4750    -962.1460  0.3870 
   00851    0.4900    -958.8807  0.3966 
   00852    0.4650    -976.2079  0.3942 
   00853    0.5125    -961.1289  0.4143 
   00854    0.4975    -966.4986  0.4264 
   00855    0.4750    -992.7123  0.4474 
   00856    0.4925    -981.4240  0.4559 
   00857    0.4475    -945.2976  0.4661 
   00858    0.4850    -950.9410  0.4630 
   00859    0.4350    -955.7542  0.5062 
   00860    0.4675    -928.0201  0.4893 
   00861    0.5025    -966.4034  0.4911 
   00862    0.4975    -962.6793  0.4856 
   00863    0.4750   -1014.7229  0.5087 
   00864    0.4475   -1014.6686  0.5111 
   00865    0.4325   -1040.5660  0.5240 
   00866    0.4650   -1039.7260  0.5214 
   00867    0.4650   -1034.9596  0.5196 
   00868    0.5050    -987.0596  0.5068 
   00869    0.4550    -984.8302  0.5160 
   00870    0.5100   -1011.4330  0.4935 
   00871    0.4950   -1022.9017  0.4665 
   00872    0.4250   -1037.5121  0.4709 
   00873    0.4475   -1046.4976  0.4701 
   00874    0.4900   -1009.8091  0.4779 
   00875    0.4800   -1005.1845  0.4879 
   00876    0.4625    -991.7557  0.4617 
   00877    0.4950    -959.3811  0.4525 
   00878    0.4600    -949.8096  0.4443 
   00879    0.4975    -979.3223  0.4416 
   00880    0.4875    -979.5577  0.4441 
   00881    0.5025    -987.3185  0.4503 
   00882    0.5700    -964.2938  0.4456 
   00883    0.4950    -945.3494  0.4432 
   00884    0.4775    -973.0698  0.4258 
   00885    0.5175    -945.8036  0.4151 
   00886    0.4475    -926.5075  0.4158 
   00887    0.4750    -937.6374  0.4002 
   00888    0.4450    -940.7506  0.4001 
   00889    0.4900    -956.2613  0.4272 
   00890    0.4625    -949.7655  0.4227 
   00891    0.5150    -956.9874  0.4250 
   00892    0.4750    -913.9147  0.4203 
   00893    0.4575    -909.7352  0.4309 
   00894    0.5550    -943.8768  0.4530 
   00895    0.4850    -981.7450  0.4477 
   00896    0.4475   -1012.3602  0.4245 
   00897    0.4650    -961.8640  0.4237 
   00898    0.5200    -963.5520  0.4165 
   00899    0.4625    -980.4598  0.4255 
   00900    0.4675    -930.5058  0.4089 
   00901    0.5550    -909.4678  0.4185 
   00902    0.4850    -933.6860  0.4232 
   00903    0.4875    -936.0956  0.3810 
   00904    0.4950    -956.2853  0.3795 
   00905    0.4975    -953.8013  0.3992 
   00906    0.4800    -950.1012  0.3811 
   00907    0.4425    -906.5304  0.4099 
   00908    0.4975    -924.1283  0.3925 
   00909    0.4650    -929.3147  0.3504 
   00910    0.5025    -913.4583  0.3822 
   00911    0.5175    -972.6421  0.3762 
   00912    0.4800    -951.6810  0.3857 
   00913    0.4800    -935.3846  0.3761 
   00914    0.5025    -979.2980  0.3821 
   00915    0.4575    -986.0236  0.3637 
   00916    0.4875    -983.7709  0.3547 
   00917    0.5025    -984.1011  0.3561 
   00918    0.4400    -956.5380  0.3569 
   00919    0.4925    -968.4339  0.3800 
   00920    0.4975    -959.1876  0.4177 
   00921    0.4850    -965.0269  0.4051 
   00922    0.4825    -990.9143  0.3818 
   00923    0.4600   -1005.9582  0.4047 
   00924    0.4925   -1016.8573  0.4106 
   00925    0.4950   -1008.4341  0.4045 
   00926    0.4725    -969.9809  0.3917 
   00927    0.4500    -974.6317  0.3605 
   00928    0.4700    -995.2604  0.3735 
   00929    0.4575    -976.9500  0.3599 
   00930    0.4950    -993.9699  0.3645 
   00931    0.4750    -976.2072  0.3671 
   00932    0.4950    -998.0233  0.3623 
   00933    0.4875    -986.7142  0.3548 
   00934    0.5000    -986.0344  0.3464 
   00935    0.4750    -965.8474  0.3496 
   00936    0.4975    -957.5349  0.3485 
   00937    0.4675    -942.7114  0.3570 
   00938    0.4600    -903.5379  0.3642 
   00939    0.5600    -937.4857  0.3556 
   00940    0.4900    -950.4514  0.3500 
   00941    0.4650    -926.1321  0.3348 
   00942    0.5025    -910.6890  0.3506 
   00943    0.4650    -932.5055  0.3790 
   00944    0.5650    -897.1516  0.3552 
   00945    0.4950    -949.5098  0.3630 
   00946    0.5000    -956.6818  0.3661 
   00947    0.4800    -940.3131  0.3749 
   00948    0.4550    -968.8791  0.3808 
   00949    0.4950    -946.7914  0.3539 
   00950    0.5300    -928.5873  0.3404 
   00951    0.5325    -940.7721  0.3100 
   00952    0.4750    -928.4478  0.3024 
   00953    0.5700    -883.0213  0.3291 
   00954    0.5500    -927.3092  0.3563 
   00955    0.4975    -900.7327  0.4071 
   00956    0.5125    -969.0903  0.4231 
   00957    0.4825    -970.7300  0.4302 
   00958    0.4650    -959.1587  0.4307 
   00959    0.4875    -977.5571  0.4249 
   00960    0.4950    -948.6656  0.4080 
   00961    0.4400    -969.2372  0.4095 
   00962    0.4350    -929.6700  0.3926 
   00963    0.4550    -923.6098  0.4093 
   00964    0.4775    -931.6469  0.4397 
   00965    0.4900    -949.5049  0.4362 
   00966    0.4850    -922.5874  0.4446 
   00967    0.5175    -958.6668  0.4683 
   00968    0.4700    -931.4881  0.4448 
   00969    0.4850    -975.8622  0.4214 
   00970    0.4875    -952.8776  0.4282 
   00971    0.4600    -958.6731  0.4092 
   00972    0.4450    -969.4497  0.4266 
   00973    0.4650    -982.0729  0.4333 
   00974    0.4275    -959.4265  0.4080 
   00975    0.5150    -950.8982  0.4219 
   00976    0.4675    -983.5535  0.4039 
   00977    0.4850    -992.4359  0.3969 
   00978    0.4750    -970.9030  0.3966 
   00979    0.4750    -978.1843  0.3898 
   00980    0.4750    -978.9950  0.4172 
   00981    0.4550    -976.1453  0.4095 
   00982    0.5300    -932.4355  0.4040 
   00983    0.4550    -938.1128  0.3768 
   00984    0.4600    -932.5166  0.3641 
   00985    0.4875    -938.8386  0.3654 
   00986    0.5375    -944.8440  0.3480 
   00987    0.5075    -919.2634  0.3407 
   00988    0.4650    -903.0310  0.3542 
   00989    0.5250    -905.4973  0.3739 
   00990    0.5025    -903.6201  0.3764 
   00991    0.4475    -906.3183  0.3847 
   00992    0.5075    -936.0829  0.3919 
   00993    0.4875    -943.4116  0.3861 
   00994    0.4950    -982.1250  0.3747 
   00995    0.5075   -1011.2593  0.3901 
   00996    0.4575    -984.7958  0.4011 
   00997    0.5050    -968.1141  0.3696 
   00998    0.4775    -990.8227  0.3530 
   00999    0.4825   -1024.0419  0.3502 
   01000    0.4550    -992.6059  0.3642 
