#=====================================================
# File created:        Sun-10-Mar-2024-at-03-47-42PM
# Size of lattice:     20x20
# Number of MC steps:  1000
# Reduced temperature: 0.650
# Run time (s):        0.828002
#=====================================================
# MC step:  Ratio:     Energy:   Order:
#=====================================================
   00000    0.5000     -32.5322  0.4873 
   00001    0.6400     -47.0353  0.4418 
   00002    0.4400     -54.4027  0.5253 
   00003    0.4800     -59.5879  0.5878 
   00004    0.4400     -61.9939  0.6284 
   00005    0.5600     -57.7681  0.6429 
   00006    0.4000     -62.8967  0.7203 
   00007    0.4400     -63.7104  0.7704 
   00008    0.4400     -64.9554  0.7887 
   00009    0.4000     -76.4290  0.8289 
   00010    0.2000     -79.3581  0.8239 
   00011    0.4000     -74.2305  0.7753 
   00012    0.3200     -73.4071  0.7744 
   00013    0.4000     -74.7462  0.7939 
   00014    0.2800     -76.3750  0.8023 
   00015    0.3600     -67.8887  0.7862 
   00016    0.3200     -73.5393  0.8010 
   00017    0.4000     -70.4894  0.8008 
   00018    0.4800     -70.6977  0.7914 
   00019    0.4000     -82.7916  0.8624 
   00020    0.4000     -84.5847  0.8691 
   00021    0.4400     -75.9363  0.8411 
   00022    0.4000     -65.8014  0.7638 
   00023    0.6000     -68.0806  0.7528 
   00024    0.4400     -71.5776  0.7806 
   00025    0.2800     -68.5298  0.7555 
   00026    0.6000     -60.6921  0.7109 
   00027    0.3600     -67.2462  0.7650 
   00028    0.6400     -66.5037  0.7796 
   00029    0.3600     -75.4578  0.8202 
   00030    0.6000     -73.7112  0.8228 
   00031    0.3600     -75.4489  0.8582 
   00032    0.2800     -79.1810  0.8663 
   00033    0.4800     -74.0925  0.8421 
   00034    0.4000     -74.4335  0.8507 
   00035    0.2800     -81.7111  0.8983 
   00036    0.4400     -81.9240  0.9086 
   00037    0.4400     -80.6395  0.8819 
   00038    0.4800     -71.7133  0.8395 
   00039    0.4800     -76.1608  0.8753 
   00040    0.5600     -76.9266  0.8450 
   00041    0.5600     -76.5488  0.8556 
   00042    0.4000     -73.4202  0.8167 
   00043    0.6000     -78.9466  0.8478 
   00044    0.4000     -79.5993  0.8807 
   00045    0.5200     -81.2811  0.8850 
   00046    0.4000     -83.1083  0.9169 
   00047    0.2800     -83.6343  0.9245 
   00048    0.4400     -83.8747  0.9024 
   00049    0.4000     -85.5669  0.9246 
   00050    0.2800     -82.5500  0.9029 
   00051    0.2400     -79.1528  0.8786 
   00052    0.2800     -76.0830  0.8655 
   00053    0.3600     -83.2179  0.9066 
   00054    0.2400     -79.9275  0.8744 
   00055    0.3600     -78.5420  0.8768 
   00056    0.3600     -81.4610  0.8773 
   00057    0.4400     -81.5903  0.9024 
   00058    0.4400     -85.3929  0.9314 
   00059    0.6400     -82.4017  0.9103 
   00060    0.4000     -81.4951  0.8903 
   00061    0.4800     -85.4535  0.9186 
   00062    0.5200     -87.9068  0.9204 
   00063    0.3200     -87.4916  0.9189 
   00064    0.3200     -88.2736  0.9275 
   00065    0.2400     -85.4318  0.9128 
   00066    0.3600     -85.5409  0.9099 
   00067    0.4000     -81.7877  0.8778 
   00068    0.4400     -83.7515  0.8957 
   00069    0.3600     -86.1960  0.9021 
   00070    0.4000     -85.0649  0.8959 
   00071    0.3200     -85.4750  0.9203 
   00072    0.3200     -87.5230  0.9146 
   00073    0.4800     -87.6826  0.9007 
   00074    0.5200     -88.1090  0.9127 
   00075    0.4000     -89.3508  0.9402 
   00076    0.4000     -88.0331  0.9246 
   00077    0.3200     -89.2504  0.9275 
   00078    0.5600     -86.2169  0.8850 
   00079    0.2800     -86.5170  0.8867 
   00080    0.4000     -83.8389  0.8905 
   00081    0.4800     -88.4529  0.9228 
   00082    0.4400     -88.9107  0.9033 
   00083    0.2800     -89.6404  0.8916 
   00084    0.4800     -79.9991  0.8389 
   00085    0.4800     -84.6094  0.8968 
   00086    0.3600     -80.3641  0.8931 
   00087    0.4000     -77.8178  0.8289 
   00088    0.4800     -75.3492  0.8562 
   00089    0.4800     -75.5625  0.8309 
   00090    0.5200     -77.0784  0.8219 
   00091    0.3200     -74.0596  0.8135 
   00092    0.4800     -74.3148  0.8333 
   00093    0.6800     -81.6228  0.8444 
   00094    0.4000     -80.8130  0.8494 
   00095    0.2000     -82.4883  0.8639 
   00096    0.4000     -82.3773  0.8721 
   00097    0.3600     -82.0847  0.8777 
   00098    0.3600     -85.1613  0.8799 
   00099    0.3600     -82.0440  0.8592 
   00100    0.3600     -81.5158  0.8775 
   00101    0.2000     -78.8734  0.8541 
   00102    0.5200     -81.1990  0.8605 
   00103    0.3600     -81.5570  0.8720 
   00104    0.5600     -75.2987  0.8184 
   00105    0.4400     -70.2797  0.7920 
   00106    0.4000     -73.3601  0.8251 
   00107    0.3600     -74.9519  0.8202 
   00108    0.4000     -74.0810  0.8144 
   00109    0.4400     -78.6731  0.8610 
   00110    0.3600     -77.4977  0.8578 
   00111    0.3600     -86.2268  0.9105 
   00112    0.3600     -76.0304  0.8419 
   00113    0.3600     -78.1530  0.8391 
   00114    0.4400     -73.8588  0.7845 
   00115    0.3600     -77.1165  0.8238 
   00116    0.2800     -77.8003  0.8112 
   00117    0.5200     -82.2942  0.8923 
   00118    0.2800     -85.6995  0.9029 
   00119    0.4000     -89.7919  0.9209 
   00120    0.6400     -80.6810  0.8494 
   00121    0.5200     -80.7145  0.8566 
   00122    0.3600     -83.9436  0.8954 
   00123    0.5200     -80.1021  0.8684 
   00124    0.5200     -73.4078  0.8288 
   00125    0.4000     -76.0190  0.8187 
   00126    0.5200     -78.9263  0.8338 
   00127    0.7200     -75.2487  0.8075 
   00128    0.6000     -70.8968  0.7822 
   00129    0.4800     -76.4525  0.8251 
   00130    0.3600     -82.7636  0.8890 
   00131    0.2400     -85.6360  0.9303 
   00132    0.5200     -76.5826  0.8709 
   00133    0.3200     -80.8739  0.8938 
   00134    0.4400     -79.5796  0.8799 
   00135    0.4800     -77.2969  0.8507 
   00136    0.4400     -76.3140  0.8604 
   00137    0.3600     -75.6028  0.8363 
   00138    0.3200     -76.7048  0.8615 
   00139    0.2800     -76.5253  0.8490 
   00140    0.5600     -83.8039  0.9198 
   00141    0.4800     -81.6760  0.9003 
   00142    0.3600     -84.1540  0.9029 
   00143    0.3200     -85.7761  0.9001 
   00144    0.4400     -78.5093  0.8450 
   00145    0.4800     -70.3441  0.8130 
   00146    0.5200     -74.2454  0.8254 
   00147    0.3200     -77.1505  0.8525 
   00148    0.4000     -72.5018  0.7766 
   00149    0.4800     -77.1311  0.7868 
   00150    0.4800     -75.9911  0.8073 
   00151    0.3200     -78.5830  0.8357 
   00152    0.4800     -73.3417  0.8028 
   00153    0.4800     -68.8852  0.7622 
   00154    0.3200     -69.2123  0.7477 
   00155    0.4400     -71.3855  0.7542 
   00156    0.3200     -78.3813  0.7967 
   00157    0.3600     -84.0101  0.8595 
   00158    0.4000     -81.7068  0.8890 
   00159    0.4800     -82.6339  0.8700 
   00160    0.5600     -79.3727  0.8597 
   00161    0.4000     -85.2745  0.8924 
   00162    0.2400     -89.1713  0.9153 
   00163    0.3200     -89.9138  0.9256 
   00164    0.4000     -85.8790  0.9006 
   00165    0.5600     -80.0774  0.8742 
   00166    0.2000     -82.1121  0.8798 
   00167    0.3200     -80.6230  0.8588 
   00168    0.3600     -79.8919  0.8586 
   00169    0.2400     -79.6973  0.8577 
   00170    0.4000     -82.0337  0.8914 
   00171    0.4800     -75.2093  0.8145 
   00172    0.5200     -76.0627  0.8442 
   00173    0.2800     -75.1595  0.8285 
   00174    0.6000     -72.3577  0.8125 
   00175    0.7200     -75.1551  0.8460 
   00176    0.4800     -75.1964  0.8687 
   00177    0.4000     -79.2667  0.8796 
   00178    0.4400     -83.0948  0.9035 
   00179    0.2400     -87.2433  0.9291 
   00180    0.3600     -84.1381  0.9025 
   00181    0.6400     -78.9729  0.8646 
   00182    0.4800     -80.6073  0.8752 
   00183    0.5200     -85.6450  0.8937 
   00184    0.4800     -80.8121  0.8650 
   00185    0.4000     -80.3276  0.8782 
   00186    0.5200     -83.8052  0.9091 
   00187    0.3200     -83.5360  0.9045 
   00188    0.4800     -83.3657  0.9113 
   00189    0.4000     -80.3562  0.8902 
   00190    0.2000     -78.7083  0.8911 
   00191    0.3200     -85.9220  0.9216 
   00192    0.3200     -81.0450  0.8798 
   00193    0.2000     -82.2486  0.8922 
   00194    0.4000     -79.6491  0.8884 
   00195    0.4000     -78.7084  0.8789 
   00196    0.4000     -81.7830  0.8818 
   00197    0.4800     -73.5699  0.8200 
   00198    0.3200     -76.6253  0.8084 
   00199    0.5600     -77.0203  0.8266 
   00200    0.2800     -75.4750  0.8512 
   00201    0.4000     -76.8725  0.8655 
   00202    0.5200     -81.0441  0.8552 
   00203    0.3600     -82.9802  0.8680 
   00204    0.4800     -86.2735  0.9075 
   00205    0.3200     -85.1146  0.9043 
   00206    0.3200     -87.3657  0.9073 
   00207    0.3600     -83.7651  0.8967 
   00208    0.4800     -86.0726  0.9096 
   00209    0.6000     -87.3280  0.9231 
   00210    0.4400     -84.0019  0.8867 
   00211    0.2400     -81.1114  0.8841 
   00212    0.4800     -83.9244  0.9023 
   00213    0.4800     -88.7605  0.9213 
   00214    0.4400     -87.4133  0.9145 
   00215    0.3200     -86.0274  0.9175 
   00216    0.3200     -83.2073  0.9192 
   00217    0.3200     -85.7483  0.9291 
   00218    0.4800     -85.4559  0.9166 
   00219    0.2400     -80.9765  0.8802 
   00220    0.4400     -80.9461  0.9005 
   00221    0.5600     -85.2454  0.9121 
   00222    0.3200     -83.4440  0.9193 
   00223    0.3600     -84.4076  0.9082 
   00224    0.4400     -83.0099  0.8979 
   00225    0.5200     -80.5879  0.8505 
   00226    0.3200     -79.4956  0.8299 
   00227    0.2000     -79.6834  0.8384 
   00228    0.2800     -78.3807  0.8285 
   00229    0.3200     -77.6622  0.8398 
   00230    0.3200     -92.2827  0.9339 
   00231    0.2800     -93.6980  0.9478 
   00232    0.3600     -90.4627  0.9117 
   00233    0.2000     -88.0859  0.8906 
   00234    0.3600     -89.0377  0.9102 
   00235    0.3600     -84.5297  0.8748 
   00236    0.5600     -88.3170  0.9150 
   00237    0.4000     -89.9905  0.9174 
   00238    0.3200     -88.0504  0.9238 
   00239    0.2800     -89.4900  0.9435 
   00240    0.2800     -88.8240  0.9374 
   00241    0.3200     -90.7272  0.9415 
   00242    0.4000     -90.8802  0.9415 
   00243    0.3600     -90.2743  0.9469 
   00244    0.0800     -92.7194  0.9554 
   00245    0.2000     -89.2548  0.9449 
   00246    0.3600     -87.2224  0.9360 
   00247    0.3200     -87.6637  0.9335 
   00248    0.4800     -81.0000  0.9058 
   00249    0.2400     -86.6636  0.9286 
   00250    0.4400     -90.2483  0.9449 
   00251    0.3200     -89.6345  0.9458 
   00252    0.2800     -89.3144  0.9422 
   00253    0.4800     -84.4219  0.9010 
   00254    0.2800     -84.1903  0.8936 
   00255    0.2800     -78.5324  0.8592 
   00256    0.5200     -79.3197  0.8593 
   00257    0.4400     -84.6269  0.8728 
   00258    0.7200     -79.8585  0.8699 
   00259    0.2000     -79.7303  0.8838 
   00260    0.4000     -82.8497  0.8854 
   00261    0.2800     -80.6785  0.8620 
   00262    0.4800     -83.9650  0.8770 
   00263    0.4800     -80.7722  0.8664 
   00264    0.3200     -78.4045  0.8670 
   00265    0.2800     -86.8030  0.9084 
   00266    0.3600     -83.8835  0.9026 
   00267    0.3600     -84.5177  0.8954 
   00268    0.5600     -81.6631  0.8646 
   00269    0.5200     -81.9169  0.8841 
   00270    0.3200     -83.9130  0.8984 
   00271    0.4000     -83.0846  0.9163 
   00272    0.1600     -83.3434  0.9125 
   00273    0.5600     -83.0416  0.8798 
   00274    0.6800     -83.4669  0.8908 
   00275    0.5600     -84.7103  0.9023 
   00276    0.4400     -84.6358  0.8995 
   00277    0.4000     -79.0994  0.8758 
   00278    0.3600     -80.5385  0.8955 
   00279    0.5200     -75.9723  0.8680 
   00280    0.5200     -74.9148  0.8547 
   00281    0.4400     -82.3880  0.8783 
   00282    0.4400     -83.8904  0.9120 
   00283    0.2400     -85.9978  0.9218 
   00284    0.2400     -86.7922  0.9349 
   00285    0.2000     -86.5210  0.9317 
   00286    0.4400     -79.7095  0.8851 
   00287    0.5200     -82.4810  0.8937 
   00288    0.5200     -80.8004  0.8802 
   00289    0.4800     -79.0087  0.8494 
   00290    0.5200     -81.9689  0.8444 
   00291    0.2800     -81.4416  0.8442 
   00292    0.4400     -78.4192  0.8263 
   00293    0.4800     -79.4136  0.8611 
   00294    0.5600     -86.2674  0.9113 
   00295    0.2800     -81.4986  0.9028 
   00296    0.2000     -81.7310  0.8781 
   00297    0.2800     -84.5960  0.8849 
   00298    0.2800     -85.1451  0.8935 
   00299    0.5200     -87.1890  0.9335 
   00300    0.2800     -83.4822  0.8977 
   00301    0.1600     -81.3005  0.8840 
   00302    0.3600     -75.6073  0.8408 
   00303    0.5600     -72.0409  0.7648 
   00304    0.3600     -71.2607  0.7418 
   00305    0.3200     -71.0262  0.7401 
   00306    0.4000     -68.0245  0.6989 
   00307    0.4400     -79.4483  0.8243 
   00308    0.3600     -83.5519  0.8534 
   00309    0.4800     -81.8559  0.8334 
   00310    0.4400     -79.3409  0.7970 
   00311    0.4000     -85.1671  0.8584 
   00312    0.2800     -86.1141  0.8635 
   00313    0.4800     -84.7416  0.8932 
   00314    0.2000     -85.4376  0.8890 
   00315    0.4800     -85.0644  0.8732 
   00316    0.1600     -84.7948  0.8674 
   00317    0.5200     -86.2681  0.9099 
   00318    0.4400     -88.6314  0.9202 
   00319    0.2400     -84.6598  0.8881 
   00320    0.5600     -79.8673  0.8621 
   00321    0.4000     -78.5863  0.8600 
   00322    0.5200     -80.4053  0.8797 
   00323    0.3600     -84.1327  0.8916 
   00324    0.5200     -83.5569  0.8626 
   00325    0.5200     -79.0892  0.8185 
   00326    0.4000     -79.4408  0.8213 
   00327    0.3200     -79.2485  0.8046 
   00328    0.5200     -76.7456  0.7890 
   00329    0.4400     -76.1012  0.8099 
   00330    0.4000     -74.6653  0.7663 
   00331    0.4000     -67.8050  0.8018 
   00332    0.4400     -77.5708  0.8599 
   00333    0.5200     -71.3275  0.8324 
   00334    0.4800     -78.6355  0.8483 
   00335    0.2800     -71.8411  0.8115 
   00336    0.4000     -73.6200  0.8194 
   00337    0.4400     -77.6373  0.8112 
   00338    0.5200     -76.4792  0.8487 
   00339    0.3600     -82.7709  0.8886 
   00340    0.6000     -86.0250  0.9087 
   00341    0.4400     -85.4134  0.9087 
   00342    0.2800     -86.1257  0.9112 
   00343    0.2000     -84.7662  0.9107 
   00344    0.5200     -85.4283  0.8888 
   00345    0.2400     -82.8567  0.8494 
   00346    0.2400     -84.5015  0.8770 
   00347    0.4000     -90.8515  0.9385 
   00348    0.2800     -88.1500  0.9172 
   00349    0.3600     -87.3432  0.9174 
   00350    0.4400     -84.2617  0.9116 
   00351    0.4800     -65.0303  0.7719 
   00352    0.6000     -72.9911  0.8294 
   00353    0.3600     -69.8596  0.8111 
   00354    0.4000     -79.6899  0.8858 
   00355    0.5200     -81.9278  0.8856 
   00356    0.6000     -86.2934  0.9161 
   00357    0.4000     -80.5128  0.8827 
   00358    0.4000     -75.1602  0.8257 
   00359    0.2000     -79.0484  0.8297 
   00360    0.4000     -80.1147  0.8508 
   00361    0.6000     -82.6868  0.8606 
   00362    0.4400     -84.2544  0.8661 
   00363    0.3600     -85.8137  0.8726 
   00364    0.2000     -86.4127  0.8763 
   00365    0.4400     -85.8681  0.8926 
   00366    0.3200     -84.9946  0.8837 
   00367    0.3600     -90.4377  0.9312 
   00368    0.2800     -91.5104  0.9393 
   00369    0.3600     -86.8375  0.9234 
   00370    0.2400     -86.9980  0.9317 
   00371    0.4800     -82.8466  0.8972 
   00372    0.3600     -78.9900  0.8523 
   00373    0.4000     -77.6400  0.8496 
   00374    0.3600     -85.2708  0.9092 
   00375    0.4000     -81.3196  0.8822 
   00376    0.3200     -82.4016  0.8523 
   00377    0.5200     -82.7264  0.8677 
   00378    0.4000     -80.5846  0.8600 
   00379    0.4000     -82.7497  0.8988 
   00380    0.2800     -82.3392  0.9020 
   00381    0.2000     -84.1303  0.9248 
   00382    0.4000     -89.6569  0.9416 
   00383    0.3200     -86.7217  0.9373 
   00384    0.3200     -88.6797  0.9351 
   00385    0.4400     -85.0360  0.9247 
   00386    0.4800     -85.4125  0.9239 
   00387    0.3200     -84.2539  0.9115 
   00388    0.2400     -88.9038  0.9385 
   00389    0.5200     -90.2309  0.9445 
   00390    0.4000     -89.8540  0.9517 
   00391    0.2800     -87.8459  0.9412 
   00392    0.4000     -88.1882  0.9389 
   00393    0.2400     -83.6991  0.9174 
   00394    0.2800     -80.8451  0.9163 
   00395    0.3200     -79.3309  0.9001 
   00396    0.4400     -78.6147  0.8705 
   00397    0.4800     -62.8618  0.7624 
   00398    0.4800     -68.2490  0.7883 
   00399    0.4800     -75.3274  0.8155 
   00400    0.4000     -78.8249  0.8509 
   00401    0.4400     -77.8273  0.8643 
   00402    0.5200     -85.0492  0.9077 
   00403    0.4800     -77.0970  0.8716 
   00404    0.6000     -78.0869  0.8585 
   00405    0.5200     -73.8580  0.7876 
   00406    0.4800     -73.6036  0.8061 
   00407    0.4000     -76.2098  0.8333 
   00408    0.4800     -76.2993  0.8101 
   00409    0.3600     -76.1924  0.8105 
   00410    0.4400     -74.9339  0.7895 
   00411    0.2800     -72.0746  0.7506 
   00412    0.4400     -78.7441  0.7828 
   00413    0.3200     -72.5620  0.7208 
   00414    0.3600     -72.8693  0.6571 
   00415    0.5600     -67.9712  0.6476 
   00416    0.4400     -67.6150  0.6564 
   00417    0.4400     -73.1256  0.7080 
   00418    0.4000     -74.0122  0.7505 
   00419    0.3200     -79.2777  0.8051 
   00420    0.4800     -77.6361  0.8243 
   00421    0.4000     -78.8512  0.8112 
   00422    0.4800     -80.3455  0.8238 
   00423    0.4400     -79.2403  0.8392 
   00424    0.2800     -78.6794  0.8587 
   00425    0.2800     -69.4165  0.8286 
   00426    0.4000     -68.4354  0.7904 
   00427    0.4000     -65.1971  0.7508 
   00428    0.4800     -74.3884  0.8344 
   00429    0.3600     -77.5142  0.8635 
   00430    0.4000     -79.6053  0.8596 
   00431    0.4000     -83.4265  0.8623 
   00432    0.4000     -83.4251  0.8739 
   00433    0.2400     -87.4497  0.9071 
   00434    0.2800     -86.3949  0.8707 
   00435    0.2400     -91.2855  0.9185 
   00436    0.2800     -89.8347  0.9166 
   00437    0.3200     -87.5506  0.9261 
   00438    0.3600     -87.1691  0.9143 
   00439    0.3200     -86.9571  0.9360 
   00440    0.3600     -87.6539  0.9395 
   00441    0.4000     -89.1466  0.9423 
   00442    0.3600     -87.9615  0.9349 
   00443    0.3200     -84.0319  0.9071 
   00444    0.2400     -87.5613  0.9256 
   00445    0.4000     -86.3886  0.9257 
   00446    0.3200     -87.8863  0.9397 
   00447    0.4400     -86.9705  0.9314 
   00448    0.4000     -83.0867  0.9214 
   00449    0.4000     -84.1371  0.9064 
   00450    0.4000     -83.5963  0.8921 
   00451    0.1200     -83.3372  0.8981 
   00452    0.3200     -83.6519  0.8922 
   00453    0.3200     -82.4718  0.8860 
   00454    0.4400     -87.4558  0.9257 
   00455    0.3600     -81.2066  0.8744 
   00456    0.3600     -73.0749  0.8238 
   00457    0.5600     -72.9139  0.8076 
   00458    0.4400     -79.0294  0.8426 
   00459    0.4000     -78.3579  0.8687 
   00460    0.4400     -88.4193  0.9317 
   00461    0.1600     -87.7109  0.9331 
   00462    0.3200     -88.6622  0.9347 
   00463    0.4400     -89.6051  0.9424 
   00464    0.3600     -92.1362  0.9521 
   00465    0.2400     -93.9800  0.9629 
   00466    0.2000     -93.1925  0.9557 
   00467    0.4800     -88.3930  0.9379 
   00468    0.4000     -85.0436  0.9196 
   00469    0.4400     -86.7315  0.9139 
   00470    0.5200     -90.2453  0.9343 
   00471    0.4400     -85.3628  0.9142 
   00472    0.4000     -83.8453  0.9184 
   00473    0.4800     -85.1057  0.9151 
   00474    0.5200     -90.2535  0.9488 
   00475    0.3200     -86.5253  0.9300 
   00476    0.3600     -90.9381  0.9447 
   00477    0.4000     -92.7174  0.9538 
   00478    0.2800     -91.5557  0.9573 
   00479    0.3600     -92.2463  0.9628 
   00480    0.4000     -91.3905  0.9591 
   00481    0.3600     -95.0677  0.9732 
   00482    0.2000     -90.3285  0.9429 
   00483    0.3600     -88.1343  0.9338 
   00484    0.4800     -78.6904  0.8572 
   00485    0.4800     -70.4769  0.7804 
   00486    0.5200     -76.8252  0.8503 
   00487    0.5600     -76.3028  0.8402 
   00488    0.2800     -78.8182  0.8600 
   00489    0.4000     -82.8968  0.8850 
   00490    0.4000     -82.6008  0.8756 
   00491    0.4000     -83.1171  0.8684 
   00492    0.3600     -83.6222  0.8695 
   00493    0.4000     -79.0944  0.8341 
   00494    0.4400     -82.7292  0.8836 
   00495    0.4800     -78.7555  0.8524 
   00496    0.3600     -82.6738  0.8255 
   00497    0.3600     -81.8324  0.8114 
   00498    0.3200     -80.9084  0.8147 
   00499    0.4000     -78.9264  0.8068 
   00500    0.3600     -78.8639  0.8386 
   00501    0.5200     -78.5482  0.8390 
   00502    0.4000     -74.0283  0.8137 
   00503    0.6000     -76.5701  0.8625 
   00504    0.4800     -81.6688  0.8878 
   00505    0.3200     -82.3810  0.8765 
   00506    0.4800     -85.3179  0.8871 
   00507    0.4800     -79.8661  0.8679 
   00508    0.3600     -77.1861  0.8337 
   00509    0.4800     -75.6297  0.8638 
   00510    0.3600     -80.0230  0.8870 
   00511    0.3200     -80.5768  0.8860 
   00512    0.4400     -77.3310  0.8495 
   00513    0.6000     -81.2074  0.8377 
   00514    0.4000     -71.8874  0.8158 
   00515    0.5200     -78.6731  0.8553 
   00516    0.4000     -77.2606  0.8468 
   00517    0.4400     -81.2238  0.8528 
   00518    0.4800     -80.4398  0.8402 
   00519    0.4400     -75.4835  0.8089 
   00520    0.4000     -78.2025  0.7802 
   00521    0.4000     -76.8674  0.8349 
   00522    0.2000     -75.4726  0.8079 
   00523    0.5600     -80.2112  0.8770 
   00524    0.4800     -81.8332  0.8715 
   00525    0.3600     -75.1373  0.8318 
   00526    0.3200     -78.5655  0.8485 
   00527    0.4000     -79.3967  0.8508 
   00528    0.4800     -79.5085  0.8308 
   00529    0.4800     -76.2341  0.8239 
   00530    0.3200     -77.5917  0.8333 
   00531    0.4800     -80.4057  0.8500 
   00532    0.3600     -77.5857  0.8363 
   00533    0.4400     -79.8582  0.8451 
   00534    0.4000     -84.3557  0.8863 
   00535    0.5200     -83.0628  0.8793 
   00536    0.4400     -84.6485  0.8816 
   00537    0.4400     -86.4740  0.9028 
   00538    0.3600     -82.9795  0.9027 
   00539    0.2400     -78.9920  0.8604 
   00540    0.3200     -80.1734  0.8585 
   00541    0.4800     -89.7938  0.9162 
   00542    0.3600     -85.3899  0.8808 
   00543    0.2800     -87.5698  0.9049 
   00544    0.2800     -78.2560  0.8515 
   00545    0.4000     -80.9850  0.8962 
   00546    0.4800     -78.7377  0.8519 
   00547    0.4400     -77.4432  0.8564 
   00548    0.4800     -75.0702  0.8394 
   00549    0.3600     -82.3088  0.8454 
   00550    0.3600     -84.8426  0.8841 
   00551    0.4800     -87.4380  0.8941 
   00552    0.4400     -86.4231  0.8920 
   00553    0.3200     -85.4483  0.9136 
   00554    0.3200     -84.9431  0.9101 
   00555    0.2800     -89.6063  0.9198 
   00556    0.2800     -87.8017  0.9061 
   00557    0.4800     -89.2179  0.9121 
   00558    0.2800     -87.7033  0.9046 
   00559    0.0800     -88.7766  0.8853 
   00560    0.2800     -86.9782  0.8894 
   00561    0.4800     -84.6778  0.8937 
   00562    0.5600     -71.5443  0.7896 
   00563    0.1600     -71.7578  0.7903 
   00564    0.4800     -69.4638  0.8135 
   00565    0.5600     -76.7274  0.8742 
   00566    0.4000     -76.6291  0.8442 
   00567    0.4400     -84.6860  0.9059 
   00568    0.3600     -89.5212  0.9261 
   00569    0.3200     -88.9205  0.9242 
   00570    0.4000     -89.7847  0.9297 
   00571    0.4000     -84.1973  0.8986 
   00572    0.5600     -81.1582  0.8489 
   00573    0.4400     -79.1162  0.8207 
   00574    0.5600     -76.8395  0.8470 
   00575    0.3200     -76.3943  0.8470 
   00576    0.3200     -79.0941  0.8332 
   00577    0.4800     -75.8924  0.8102 
   00578    0.4400     -78.0492  0.8053 
   00579    0.3600     -75.1225  0.8278 
   00580    0.5600     -76.1206  0.8038 
   00581    0.2000     -78.5265  0.8298 
   00582    0.4000     -76.2387  0.8399 
   00583    0.5200     -74.0280  0.8516 
   00584    0.4000     -71.7277  0.8319 
   00585    0.3200     -73.1889  0.8132 
   00586    0.4000     -70.8237  0.8011 
   00587    0.5200     -72.4720  0.8503 
   00588    0.3600     -74.9349  0.8621 
   00589    0.4800     -80.7298  0.9063 
   00590    0.5200     -79.2401  0.8963 
   00591    0.4400     -77.2533  0.8681 
   00592    0.3600     -84.5007  0.8994 
   00593    0.4000     -79.3324  0.8912 
   00594    0.6000     -76.5598  0.8705 
   00595    0.3200     -83.2797  0.8941 
   00596    0.3600     -78.5650  0.8808 
   00597    0.5600     -78.9112  0.8685 
   00598    0.6000     -80.2320  0.8651 
   00599    0.4800     -83.1222  0.8898 
   00600    0.5600     -78.6224  0.8584 
   00601    0.4800     -71.0842  0.7698 
   00602    0.2400     -76.2854  0.8199 
   00603    0.3200     -73.4395  0.8069 
   00604    0.3200     -78.0911  0.8430 
   00605    0.3200     -80.1090  0.8435 
   00606    0.3200     -86.5457  0.8848 
   00607    0.3200     -85.0550  0.8734 
   00608    0.4800     -85.1516  0.8681 
   00609    0.2800     -83.5500  0.8783 
   00610    0.3600     -84.9031  0.8882 
   00611    0.4400     -88.7984  0.9175 
   00612    0.3600     -81.8595  0.8799 
   00613    0.2400     -81.1686  0.8801 
   00614    0.3600     -83.6526  0.9034 
   00615    0.5200     -84.7659  0.9102 
   00616    0.4400     -83.0136  0.8853 
   00617    0.3600     -75.1631  0.8368 
   00618    0.2800     -73.6525  0.8286 
   00619    0.4000     -76.9683  0.8381 
   00620    0.5200     -79.9834  0.8611 
   00621    0.4400     -81.6169  0.8654 
   00622    0.5200     -87.5546  0.8947 
   00623    0.4400     -84.7364  0.8673 
   00624    0.4000     -81.3899  0.8556 
   00625    0.4400     -87.2943  0.9017 
   00626    0.3200     -85.7767  0.8720 
   00627    0.2800     -87.2306  0.9103 
   00628    0.2400     -85.0500  0.8736 
   00629    0.4400     -87.2260  0.8950 
   00630    0.5200     -85.7246  0.8765 
   00631    0.3600     -85.8221  0.8903 
   00632    0.4800     -81.8341  0.8458 
   00633    0.4400     -75.6565  0.8171 
   00634    0.4800     -68.5749  0.8034 
   00635    0.3200     -71.8341  0.8034 
   00636    0.4000     -66.8447  0.7932 
   00637    0.5200     -69.4031  0.7820 
   00638    0.3600     -75.9231  0.8414 
   00639    0.2400     -76.4206  0.8555 
   00640    0.3600     -78.4738  0.8765 
   00641    0.3200     -82.4269  0.9022 
   00642    0.4000     -73.3729  0.8491 
   00643    0.2800     -78.3279  0.8808 
   00644    0.4800     -81.7115  0.9097 
   00645    0.3600     -82.1393  0.9010 
   00646    0.3200     -81.8597  0.8901 
   00647    0.3200     -81.8718  0.9048 
   00648    0.4400     -87.7086  0.9337 
   00649    0.3200     -89.3872  0.9451 
   00650    0.4400     -90.2946  0.9455 
   00651    0.4000     -90.6681  0.9473 
   00652    0.4800     -92.0475  0.9383 
   00653    0.4400     -89.6951  0.9337 
   00654    0.2400     -90.0839  0.9349 
   00655    0.4000     -88.0811  0.9170 
   00656    0.3200     -85.5165  0.8945 
   00657    0.4800     -81.4021  0.8646 
   00658    0.4000     -80.0430  0.8618 
   00659    0.3600     -87.7763  0.9129 
   00660    0.3200     -88.8702  0.9280 
   00661    0.2400     -89.5696  0.9204 
   00662    0.4000     -89.7945  0.9272 
   00663    0.3600     -84.4707  0.9053 
   00664    0.4400     -81.3311  0.8825 
   00665    0.3200     -75.8870  0.8441 
   00666    0.4000     -79.1210  0.8692 
   00667    0.3600     -80.1353  0.8347 
   00668    0.3200     -78.7936  0.8378 
   00669    0.4000     -81.5560  0.8735 
   00670    0.4000     -83.5097  0.8977 
   00671    0.3200     -84.1076  0.9072 
   00672    0.3200     -81.4955  0.8722 
   00673    0.2400     -84.6485  0.9094 
   00674    0.3200     -86.2354  0.9183 
   00675    0.2800     -84.8111  0.9016 
   00676    0.2800     -84.0206  0.8908 
   00677    0.4000     -84.0738  0.9034 
   00678    0.4400     -84.9756  0.9238 
   00679    0.4000     -77.7928  0.8691 
   00680    0.5600     -70.6777  0.7836 
   00681    0.4800     -69.9399  0.7893 
   00682    0.4800     -71.6129  0.7995 
   00683    0.5200     -68.4064  0.7697 
   00684    0.3600     -72.4736  0.7940 
   00685    0.4400     -72.9252  0.7909 
   00686    0.6400     -76.4814  0.8433 
   00687    0.4000     -82.4311  0.8778 
   00688    0.3600     -84.3433  0.8915 
   00689    0.4000     -82.0090  0.8895 
   00690    0.2800     -79.4351  0.8795 
   00691    0.4800     -85.4403  0.8936 
   00692    0.4400     -82.6495  0.8602 
   00693    0.3600     -82.4686  0.8675 
   00694    0.6000     -77.1403  0.8585 
   00695    0.4400     -80.9460  0.8741 
   00696    0.3200     -85.0677  0.8901 
   00697    0.4000     -80.3512  0.8781 
   00698    0.2800     -81.0718  0.8564 
   00699    0.2400     -79.9176  0.8447 
   00700    0.3600     -87.1233  0.8820 
   00701    0.3200     -83.4966  0.8683 
   00702    0.3200     -84.9602  0.8800 
   00703    0.3200     -86.6795  0.9092 
   00704    0.2800     -86.4714  0.9092 
   00705    0.2400     -84.8300  0.9004 
   00706    0.3600     -85.5167  0.8945 
   00707    0.2400     -83.6177  0.8813 
   00708    0.4400     -79.6304  0.8627 
   00709    0.4000     -80.4730  0.8569 
   00710    0.1600     -78.2055  0.8271 
   00711    0.2800     -77.9862  0.8231 
   00712    0.3200     -80.1342  0.8691 
   00713    0.4400     -77.8162  0.8412 
   00714    0.4000     -78.4626  0.8564 
   00715    0.2800     -78.0332  0.8154 
   00716    0.4800     -78.7960  0.8343 
   00717    0.2800     -80.4974  0.8585 
   00718    0.2800     -81.9954  0.8696 
   00719    0.3600     -85.1734  0.9113 
   00720    0.2000     -86.9655  0.9221 
   00721    0.3600     -89.6472  0.9394 
   00722    0.3200     -86.1510  0.9220 
   00723    0.3600     -81.2571  0.9005 
   00724    0.6400     -80.2567  0.8743 
   00725    0.2800     -80.2848  0.8613 
   00726    0.3600     -83.6878  0.8939 
   00727    0.4800     -83.6226  0.8974 
   00728    0.4400     -78.0546  0.8420 
   00729    0.1600     -79.2922  0.8595 
   00730    0.4400     -70.3744  0.7834 
   00731    0.4400     -72.3496  0.7835 
   00732    0.4400     -76.0277  0.8068 
   00733    0.4000     -76.6245  0.8011 
   00734    0.4800     -76.9875  0.8014 
   00735    0.6400     -77.6139  0.8434 
   00736    0.3200     -79.2168  0.8477 
   00737    0.4800     -81.8262  0.8959 
   00738    0.4000     -80.2510  0.8901 
   00739    0.3600     -81.6664  0.8870 
   00740    0.4000     -75.3950  0.8593 
   00741    0.4400     -81.2997  0.8979 
   00742    0.4000     -83.4438  0.9079 
   00743    0.4000     -81.2438  0.9070 
   00744    0.2000     -83.2866  0.8914 
   00745    0.4400     -81.5841  0.8797 
   00746    0.4000     -75.6710  0.8504 
   00747    0.4800     -78.4163  0.8627 
   00748    0.4000     -79.9490  0.8499 
   00749    0.3600     -82.6372  0.8739 
   00750    0.3200     -82.3851  0.8707 
   00751    0.4400     -85.6693  0.8951 
   00752    0.5200     -85.3699  0.9016 
   00753    0.5200     -87.0620  0.9172 
   00754    0.4400     -82.3419  0.9003 
   00755    0.4000     -85.2874  0.9117 
   00756    0.2800     -81.9125  0.8873 
   00757    0.4000     -84.7519  0.8978 
   00758    0.5600     -86.3000  0.9088 
   00759    0.3600     -90.8194  0.9319 
   00760    0.4400     -88.6528  0.8973 
   00761    0.5200     -87.8287  0.9002 
   00762    0.5200     -80.7108  0.8576 
   00763    0.4800     -78.8509  0.8442 
   00764    0.3600     -80.6059  0.8582 
   00765    0.2800     -82.0414  0.8630 
   00766    0.4400     -76.3819  0.8488 
   00767    0.2800     -79.8232  0.8719 
   00768    0.4000     -77.1569  0.8494 
   00769    0.5600     -83.3699  0.9007 
   00770    0.3600     -81.2980  0.9034 
   00771    0.2000     -79.3540  0.8722 
   00772    0.3600     -82.9001  0.8848 
   00773    0.2400     -82.2936  0.8849 
   00774    0.4000     -78.9965  0.8575 
   00775    0.4000     -79.4853  0.8562 
   00776    0.4000     -77.9677  0.8459 
   00777    0.3600     -85.4224  0.8847 
   00778    0.4400     -78.0574  0.8579 
   00779    0.3200     -77.9567  0.8658 
   00780    0.2800     -80.0652  0.8771 
   00781    0.5200     -79.5081  0.8434 
   00782    0.4000     -79.5395  0.8560 
   00783    0.5600     -84.4883  0.8673 
   00784    0.4000     -80.8059  0.8421 
   00785    0.1600     -81.5507  0.8511 
   00786    0.3600     -82.1642  0.8692 
   00787    0.3200     -80.4751  0.8704 
   00788    0.3600     -79.3022  0.8592 
   00789    0.6800     -80.8028  0.8480 
   00790    0.4000     -75.0996  0.8148 
   00791    0.4400     -78.3045  0.8412 
   00792    0.3600     -75.0487  0.8236 
   00793    0.3600     -75.9851  0.8197 
   00794    0.4000     -76.9930  0.8257 
   00795    0.3600     -77.5697  0.8352 
   00796    0.3600     -81.9688  0.8446 
   00797    0.4800     -79.5201  0.8605 
   00798    0.1600     -80.7564  0.8776 
   00799    0.4800     -89.0789  0.9229 
   00800    0.3600     -84.7022  0.9127 
   00801    0.3600     -79.7869  0.9069 
   00802    0.5200     -83.5600  0.9154 
   00803    0.4400     -82.1070  0.8927 
   00804    0.4000     -84.8382  0.9032 
   00805    0.3600     -88.2859  0.9245 
   00806    0.5600     -85.9220  0.9131 
   00807    0.3600     -81.4972  0.8830 
   00808    0.2800     -81.2349  0.8756 
   00809    0.5200     -82.1322  0.8617 
   00810    0.3600     -80.0089  0.8544 
   00811    0.3600     -77.3642  0.8447 
   00812    0.5600     -77.6136  0.8686 
   00813    0.4400     -85.2685  0.9094 
   00814    0.3200     -82.9003  0.8925 
   00815    0.3600     -86.1092  0.8997 
   00816    0.4000     -85.6991  0.9125 
   00817    0.3600     -86.5334  0.9075 
   00818    0.5600     -87.1424  0.9128 
   00819    0.4800     -85.2101  0.9039 
   00820    0.5600     -86.2976  0.9154 
   00821    0.4000     -83.3182  0.8963 
   00822    0.4000     -82.7062  0.8883 
   00823    0.6400     -81.6406  0.9150 
   00824    0.5200     -85.1681  0.9159 
   00825    0.1600     -81.0938  0.9006 
   00826    0.3200     -79.6208  0.8894 
   00827    0.4400     -75.5341  0.8329 
   00828    0.6000     -74.3984  0.7889 
   00829    0.2800     -74.0478  0.8058 
   00830    0.5200     -77.2635  0.8666 
   00831    0.3200     -75.9047  0.8347 
   00832    0.5200     -73.5838  0.8179 
   00833    0.6400     -73.1125  0.7948 
   00834    0.5200     -73.2859  0.7983 
   00835    0.4000     -79.0712  0.8396 
   00836    0.4400     -75.1101  0.8463 
   00837    0.2400     -77.4214  0.8386 
   00838    0.3200     -76.8377  0.8319 
   00839    0.3200     -77.1148  0.8527 
   00840    0.4800     -82.6939  0.8880 
   00841    0.4800     -82.7780  0.8884 
   00842    0.4800     -80.0144  0.8535 
   00843    0.4400     -75.0667  0.8017 
   00844    0.4000     -74.5365  0.8077 
   00845    0.3200     -76.3122  0.7981 
   00846    0.2800     -80.4595  0.8217 
   00847    0.5200     -79.7123  0.8055 
   00848    0.3200     -79.5637  0.8238 
   00849    0.2800     -83.8280  0.8406 
   00850    0.3200     -83.4418  0.8469 
   00851    0.4000     -84.0671  0.8576 
   00852    0.2800     -80.8294  0.8612 
   00853    0.3600     -77.9317  0.8680 
   00854    0.2800     -82.7586  0.8921 
   00855    0.4000     -78.1675  0.8650 
   00856    0.4000     -80.4716  0.8672 
   00857    0.5200     -84.7086  0.9056 
   00858    0.4400     -85.7544  0.9090 
   00859    0.4400     -86.2236  0.9023 
   00860    0.2400     -85.3078  0.8955 
   00861    0.4000     -86.2958  0.8868 
   00862    0.4400     -85.5079  0.8650 
   00863    0.3200     -86.2730  0.8619 
   00864    0.2800     -83.1701  0.8466 
   00865    0.4000     -70.8570  0.8090 
   00866    0.4000     -67.7957  0.7647 
   00867    0.3200     -73.0313  0.7604 
   00868    0.4400     -77.7222  0.8263 
   00869    0.4000     -78.1729  0.8248 
   00870    0.2800     -79.6740  0.8346 
   00871    0.5200     -76.3578  0.8247 
   00872    0.4400     -79.0379  0.8594 
   00873    0.4000     -72.1632  0.7665 
   00874    0.2800     -74.4154  0.7779 
   00875    0.3600     -77.2266  0.8217 
   00876    0.3600     -77.0765  0.8279 
   00877    0.4000     -80.3860  0.8429 
   00878    0.4400     -81.9552  0.8480 
   00879    0.5200     -82.0494  0.8494 
   00880    0.3200     -77.3499  0.8169 
   00881    0.5200     -72.9095  0.7697 
   00882    0.4400     -65.5966  0.7765 
   00883    0.4400     -74.6005  0.8323 
   00884    0.4800     -73.4018  0.8444 
   00885    0.3200     -81.9429  0.8713 
   00886    0.3200     -75.3647  0.8678 
   00887    0.4400     -79.5628  0.8647 
   00888    0.4000     -77.6869  0.8842 
   00889    0.5600     -84.5642  0.8913 
   00890    0.4800     -80.7237  0.8714 
   00891    0.4800     -77.7542  0.8644 
   00892    0.4000     -72.9062  0.8147 
   00893    0.4800     -67.9499  0.7353 
   00894    0.5200     -75.7833  0.8177 
   00895    0.4400     -67.1958  0.7345 
   00896    0.4800     -64.5326  0.7238 
   00897    0.4400     -67.9712  0.7578 
   00898    0.5200     -68.1819  0.7432 
   00899    0.3600     -69.3702  0.7450 
   00900    0.4800     -63.5184  0.7209 
   00901    0.3600     -66.4475  0.7266 
   00902    0.3200     -71.7733  0.7485 
   00903    0.4000     -78.9776  0.8268 
   00904    0.2400     -79.7771  0.8408 
   00905    0.6000     -78.5389  0.8107 
   00906    0.6400     -72.3943  0.7837 
   00907    0.5600     -72.8700  0.7473 
   00908    0.4000     -71.5881  0.7269 
   00909    0.3600     -72.5355  0.7404 
   00910    0.6000     -71.1400  0.7624 
   00911    0.4800     -75.7427  0.8525 
   00912    0.3600     -80.4464  0.8983 
   00913    0.4000     -80.7751  0.8717 
   00914    0.4000     -84.9291  0.8991 
   00915    0.2800     -83.6473  0.8836 
   00916    0.4000     -82.3993  0.8670 
   00917    0.4800     -85.4803  0.8908 
   00918    0.4000     -81.0795  0.8949 
   00919    0.3600     -81.4135  0.8898 
   00920    0.3200     -82.1479  0.8847 
   00921    0.4400     -86.4270  0.8803 
   00922    0.2000     -84.6977  0.8961 
   00923    0.5200     -84.5099  0.9014 
   00924    0.4400     -87.1812  0.9015 
   00925    0.6000     -82.8990  0.9084 
   00926    0.6400     -84.1582  0.9009 
   00927    0.4000     -72.6587  0.8164 
   00928    0.6400     -84.7241  0.8553 
   00929    0.5200     -83.2534  0.8534 
   00930    0.2000     -80.8818  0.8202 
   00931    0.2400     -78.2761  0.8188 
   00932    0.4800     -80.3906  0.8166 
   00933    0.2400     -82.7216  0.8641 
   00934    0.3600     -83.2665  0.8849 
   00935    0.4400     -82.3645  0.8779 
   00936    0.3600     -83.1833  0.8756 
   00937    0.3600     -81.7360  0.8706 
   00938    0.3200     -78.1251  0.8627 
   00939    0.2800     -83.0184  0.8715 
   00940    0.3600     -83.7913  0.8826 
   00941    0.3600     -84.1095  0.8818 
   00942    0.3600     -87.0760  0.9029 
   00943    0.2800     -85.5501  0.9061 
   00944    0.3200     -85.4215  0.8867 
   00945    0.3600     -78.1306  0.8583 
   00946    0.4000     -80.0133  0.8881 
   00947    0.4800     -82.8596  0.9111 
   00948    0.2400     -81.7889  0.9011 
   00949    0.3600     -78.9673  0.8615 
   00950    0.3200     -77.5221  0.8602 
   00951    0.3600     -84.9368  0.9116 
   00952    0.4400     -89.7870  0.9342 
   00953    0.4000     -84.6288  0.8913 
   00954    0.3600     -85.5065  0.9011 
   00955    0.3200     -77.0338  0.8514 
   00956    0.3600     -79.7884  0.8736 
   00957    0.3200     -80.4499  0.8803 
   00958    0.3200     -82.7796  0.8957 
   00959    0.3200     -82.4738  0.9019 
   00960    0.4400     -87.2662  0.9274 
   00961    0.3200     -88.5168  0.9336 
   00962    0.3200     -91.7435  0.9340 
   00963    0.4400     -87.1416  0.9089 
   00964    0.2800     -87.3785  0.9126 
   00965    0.2400     -87.1323  0.9126 
   00966    0.3600     -89.8920  0.9343 
   00967    0.2800     -85.9037  0.9177 
   00968    0.4000     -91.4108  0.9412 
   00969    0.4000     -91.4893  0.9510 
   00970    0.5200     -90.9963  0.9298 
   00971    0.2400     -90.4081  0.9305 
   00972    0.3600     -83.9579  0.8708 
   00973    0.4400     -81.9014  0.8518 
   00974    0.4400     -85.2678  0.8900 
   00975    0.2400     -81.6272  0.8837 
   00976    0.2800     -81.6279  0.8906 
   00977    0.4400     -88.6111  0.9279 
   00978    0.2800     -88.5010  0.9209 
   00979    0.2800     -80.6490  0.8839 
   00980    0.4800     -82.0720  0.9093 
   00981    0.3600     -86.2397  0.9327 
   00982    0.4000     -88.0730  0.9439 
   00983    0.3600     -85.0911  0.9192 
   00984    0.4800     -87.6603  0.9427 
   00985    0.5200     -90.3428  0.9413 
   00986    0.5200     -84.1983  0.9017 
   00987    0.6000     -82.5584  0.8925 
   00988    0.3200     -83.8419  0.9009 
   00989    0.2800     -83.9668  0.8760 
   00990    0.5600     -81.7315  0.8578 
   00991    0.4000     -75.9407  0.8328 
   00992    0.2800     -74.7694  0.8053 
   00993    0.4800     -78.1684  0.8193 
   00994    0.4400     -83.9156  0.8742 
   00995    0.4000     -89.0555  0.9270 
   00996    0.5200     -91.2163  0.9280 
   00997    0.3600     -90.3759  0.9331 
   00998    0.4000     -84.8746  0.9133 
   00999    0.4000     -82.4897  0.9020 
   01000    0.4000     -80.7818  0.8916 
