#=====================================================
# File created:        Sun-10-Mar-2024-at-04-28-22PM
# Size of lattice:     20x20
# Number of MC steps:  1000
# Reduced temperature: 0.650
# Run time (s):        9.019004
#=====================================================
# MC step:  Ratio:     Energy:   Order:
#=====================================================
   00000    0.5000    -399.9702  0.2780 
   00001    0.6775    -576.2936  0.2823 
   00002    0.6150    -717.9904  0.3243 
   00003    0.5750    -799.0029  0.3539 
   00004    0.5825    -833.4740  0.3327 
   00005    0.5150    -908.4237  0.3418 
   00006    0.4950    -935.3157  0.3418 
   00007    0.4675    -989.9018  0.3688 
   00008    0.5300    -991.0877  0.3907 
   00009    0.5200    -985.2681  0.3876 
   00010    0.4925   -1037.6058  0.3896 
   00011    0.4375   -1036.8342  0.3816 
   00012    0.4825   -1052.3803  0.3934 
   00013    0.4825   -1028.1859  0.4208 
   00014    0.4950   -1069.1351  0.4105 
   00015    0.4450   -1083.0930  0.4170 
   00016    0.4100   -1092.9611  0.4264 
   00017    0.4450   -1118.0239  0.4458 
   00018    0.4325   -1117.7369  0.4458 
   00019    0.4750   -1125.8757  0.4546 
   00020    0.4300   -1152.2304  0.4608 
   00021    0.5000   -1171.5496  0.4778 
   00022    0.4175   -1167.4038  0.4838 
   00023    0.4550   -1141.4548  0.4775 
   00024    0.4175   -1170.7093  0.4936 
   00025    0.4075   -1167.4788  0.4834 
   00026    0.4950   -1165.7815  0.5073 
   00027    0.4250   -1172.0542  0.5160 
   00028    0.4150   -1167.2234  0.5177 
   00029    0.4375   -1155.7580  0.5201 
   00030    0.4725   -1168.4158  0.5237 
   00031    0.3875   -1181.6700  0.5372 
   00032    0.3950   -1176.0794  0.5488 
   00033    0.4600   -1166.8057  0.5561 
   00034    0.3950   -1201.0273  0.5613 
   00035    0.4150   -1203.2931  0.5760 
   00036    0.4175   -1195.1861  0.5665 
   00037    0.4350   -1204.3167  0.5900 
   00038    0.4275   -1215.7936  0.5905 
   00039    0.4575   -1233.0814  0.6063 
   00040    0.4150   -1228.4666  0.5924 
   00041    0.4050   -1232.2649  0.6080 
   00042    0.4025   -1262.7957  0.6091 
   00043    0.4175   -1230.4170  0.6122 
   00044    0.4475   -1225.2887  0.6065 
   00045    0.4300   -1242.5344  0.6280 
   00046    0.4025   -1229.4384  0.6287 
   00047    0.4100   -1227.1427  0.6457 
   00048    0.3875   -1238.3616  0.6434 
   00049    0.4150   -1267.7496  0.6674 
   00050    0.3950   -1252.1003  0.6562 
   00051    0.4450   -1251.9377  0.6601 
   00052    0.3900   -1237.7574  0.6593 
   00053    0.3975   -1226.0927  0.6392 
   00054    0.3950   -1228.1504  0.6342 
   00055    0.3550   -1233.6939  0.6218 
   00056    0.3900   -1227.7099  0.6190 
   00057    0.4050   -1201.5269  0.5969 
   00058    0.4300   -1205.3648  0.5931 
   00059    0.4350   -1222.7243  0.5945 
   00060    0.4425   -1219.0700  0.5987 
   00061    0.4400   -1239.1168  0.6270 
   00062    0.4550   -1245.4372  0.6378 
   00063    0.4125   -1265.4985  0.6579 
   00064    0.4200   -1269.4095  0.6671 
   00065    0.3750   -1274.5487  0.6606 
   00066    0.4300   -1273.0952  0.6485 
   00067    0.4475   -1261.4805  0.6492 
   00068    0.4425   -1253.0281  0.6522 
   00069    0.4275   -1245.3910  0.6579 
   00070    0.4025   -1234.5154  0.6617 
   00071    0.4425   -1233.4020  0.6508 
   00072    0.4625   -1237.3500  0.6295 
   00073    0.4150   -1219.8805  0.6230 
   00074    0.4375   -1218.7511  0.6192 
   00075    0.4050   -1206.9717  0.6210 
   00076    0.3950   -1218.7803  0.6298 
   00077    0.4275   -1206.8774  0.6288 
   00078    0.4225   -1239.1040  0.6360 
   00079    0.4225   -1246.5410  0.6179 
   00080    0.4125   -1232.5501  0.6165 
   00081    0.4250   -1230.9967  0.6057 
   00082    0.3975   -1216.9673  0.6059 
   00083    0.4225   -1222.9201  0.6026 
   00084    0.3700   -1242.1575  0.6196 
   00085    0.4175   -1246.8227  0.6231 
   00086    0.4250   -1246.0058  0.5882 
   00087    0.4000   -1243.1364  0.5963 
   00088    0.4425   -1249.4840  0.5842 
   00089    0.3875   -1222.4512  0.5764 
   00090    0.4300   -1217.7790  0.5763 
   00091    0.4350   -1235.7686  0.5907 
   00092    0.4275   -1250.1557  0.6025 
   00093    0.3700   -1239.7183  0.6209 
   00094    0.4300   -1248.3900  0.6340 
   00095    0.4225   -1248.2741  0.6297 
   00096    0.4075   -1246.7637  0.6360 
   00097    0.4150   -1228.4963  0.6506 
   00098    0.4650   -1213.9430  0.6298 
   00099    0.3875   -1220.6137  0.6362 
   00100    0.4350   -1230.0065  0.6362 
   00101    0.4125   -1229.3603  0.6275 
   00102    0.4200   -1258.6681  0.6466 
   00103    0.4050   -1260.9394  0.6434 
   00104    0.4100   -1263.1498  0.6336 
   00105    0.4225   -1268.8103  0.6385 
   00106    0.3950   -1296.3531  0.6513 
   00107    0.4000   -1277.9257  0.6411 
   00108    0.3825   -1247.7268  0.6270 
   00109    0.4275   -1238.9927  0.6138 
   00110    0.4375   -1245.9635  0.6107 
   00111    0.3625   -1241.2884  0.5956 
   00112    0.4000   -1228.9754  0.6047 
   00113    0.4075   -1234.2944  0.6293 
   00114    0.3950   -1212.8089  0.6364 
   00115    0.4325   -1214.3030  0.6386 
   00116    0.3750   -1222.0314  0.6496 
   00117    0.4000   -1214.5298  0.6495 
   00118    0.4225   -1226.6396  0.6540 
   00119    0.4325   -1217.3425  0.6471 
   00120    0.4125   -1208.0953  0.6444 
   00121    0.3825   -1213.0908  0.6564 
   00122    0.4150   -1224.9900  0.6604 
   00123    0.4175   -1230.3898  0.6849 
   00124    0.3800   -1241.3591  0.6897 
   00125    0.3600   -1249.5577  0.7041 
   00126    0.3875   -1269.4018  0.7228 
   00127    0.3850   -1269.5869  0.7387 
   00128    0.3850   -1274.6452  0.7405 
   00129    0.4200   -1261.2234  0.7351 
   00130    0.3750   -1286.6633  0.7429 
   00131    0.3900   -1281.7520  0.7455 
   00132    0.3575   -1310.4545  0.7640 
   00133    0.3875   -1293.8335  0.7506 
   00134    0.4125   -1281.0521  0.7585 
   00135    0.4150   -1282.6300  0.7630 
   00136    0.3875   -1285.4388  0.7781 
   00137    0.4175   -1274.9900  0.7913 
   00138    0.4325   -1295.5588  0.7922 
   00139    0.3900   -1284.1814  0.7817 
   00140    0.3925   -1283.8546  0.7781 
   00141    0.3875   -1285.7638  0.7596 
   00142    0.4050   -1294.9618  0.7668 
   00143    0.3650   -1291.8026  0.7705 
   00144    0.4200   -1296.5310  0.7638 
   00145    0.3675   -1289.2699  0.7663 
   00146    0.3950   -1252.7296  0.7530 
   00147    0.4500   -1269.9666  0.7533 
   00148    0.4025   -1270.5117  0.7413 
   00149    0.3975   -1267.2651  0.7440 
   00150    0.4200   -1278.8521  0.7534 
   00151    0.4000   -1259.6374  0.7558 
   00152    0.3625   -1272.8460  0.7510 
   00153    0.4275   -1278.9940  0.7544 
   00154    0.4075   -1286.1640  0.7627 
   00155    0.4150   -1272.1618  0.7628 
   00156    0.4175   -1264.7887  0.7722 
   00157    0.3875   -1284.5289  0.7895 
   00158    0.3950   -1242.2938  0.7736 
   00159    0.4450   -1259.2938  0.7697 
   00160    0.4450   -1275.7160  0.7696 
   00161    0.4050   -1278.2308  0.7597 
   00162    0.3725   -1283.0042  0.7684 
   00163    0.3750   -1282.7191  0.7701 
   00164    0.3825   -1287.7125  0.7803 
   00165    0.4350   -1280.3177  0.7762 
   00166    0.3925   -1276.5261  0.7848 
   00167    0.4200   -1290.3099  0.7917 
   00168    0.3750   -1276.7475  0.7773 
   00169    0.3925   -1249.1517  0.7547 
   00170    0.4050   -1220.7569  0.7508 
   00171    0.4425   -1240.8568  0.7495 
   00172    0.3800   -1247.6689  0.7514 
   00173    0.3750   -1258.1486  0.7670 
   00174    0.4200   -1267.5958  0.7672 
   00175    0.3400   -1282.1572  0.7731 
   00176    0.3650   -1282.7492  0.7688 
   00177    0.4000   -1293.3630  0.7666 
   00178    0.3950   -1271.5977  0.7556 
   00179    0.4500   -1274.6917  0.7538 
   00180    0.4425   -1262.2737  0.7588 
   00181    0.3825   -1261.3427  0.7630 
   00182    0.4200   -1260.8922  0.7532 
   00183    0.3875   -1260.2921  0.7618 
   00184    0.4475   -1266.4647  0.7497 
   00185    0.3850   -1275.6065  0.7564 
   00186    0.4050   -1277.1673  0.7477 
   00187    0.3900   -1278.4230  0.7472 
   00188    0.4050   -1271.8771  0.7295 
   00189    0.4250   -1273.4198  0.7293 
   00190    0.3875   -1247.2002  0.7365 
   00191    0.4025   -1228.3646  0.7013 
   00192    0.4175   -1236.8324  0.6918 
   00193    0.4300   -1252.7239  0.7040 
   00194    0.4425   -1284.2925  0.6950 
   00195    0.3975   -1287.0698  0.6969 
   00196    0.4025   -1254.1130  0.6898 
   00197    0.3800   -1265.8166  0.6938 
   00198    0.3975   -1264.2488  0.6783 
   00199    0.4250   -1279.9819  0.6872 
   00200    0.4050   -1250.3552  0.6844 
   00201    0.4300   -1261.5166  0.7076 
   00202    0.3700   -1289.6246  0.7150 
   00203    0.3825   -1296.7468  0.7241 
   00204    0.4050   -1276.4760  0.7184 
   00205    0.4050   -1284.0256  0.7072 
   00206    0.3950   -1281.0293  0.7098 
   00207    0.4075   -1273.2242  0.6901 
   00208    0.3900   -1274.8544  0.6930 
   00209    0.3925   -1257.4912  0.7013 
   00210    0.4125   -1272.0541  0.7245 
   00211    0.3825   -1260.5500  0.7257 
   00212    0.3725   -1282.8927  0.7300 
   00213    0.3400   -1262.3258  0.7192 
   00214    0.4250   -1268.0563  0.7271 
   00215    0.4075   -1254.5390  0.7251 
   00216    0.4475   -1239.3424  0.7231 
   00217    0.4200   -1240.2867  0.7290 
   00218    0.3850   -1229.4627  0.7249 
   00219    0.4400   -1219.8052  0.7279 
   00220    0.3950   -1261.5507  0.7365 
   00221    0.3975   -1271.1750  0.7465 
   00222    0.3775   -1277.0801  0.7519 
   00223    0.3875   -1305.9166  0.7709 
   00224    0.3850   -1311.1393  0.7639 
   00225    0.3950   -1310.4130  0.7802 
   00226    0.4150   -1306.7271  0.7902 
   00227    0.4300   -1283.3196  0.7802 
   00228    0.3900   -1292.1347  0.7870 
   00229    0.4250   -1312.6196  0.7874 
   00230    0.3850   -1298.5439  0.7871 
   00231    0.4025   -1292.8263  0.7762 
   00232    0.4300   -1296.9810  0.7796 
   00233    0.4300   -1281.0107  0.7854 
   00234    0.4025   -1291.8360  0.7860 
   00235    0.3975   -1272.9646  0.7804 
   00236    0.4075   -1303.1611  0.7957 
   00237    0.4200   -1283.5680  0.7933 
   00238    0.4150   -1309.9979  0.8001 
   00239    0.4175   -1295.5566  0.7983 
   00240    0.3725   -1285.8417  0.7955 
   00241    0.4150   -1276.8076  0.7830 
   00242    0.3825   -1306.9707  0.8060 
   00243    0.4250   -1294.8369  0.8051 
   00244    0.3750   -1302.4872  0.7953 
   00245    0.3625   -1304.1289  0.7906 
   00246    0.4025   -1290.4630  0.7949 
   00247    0.4225   -1277.1652  0.8068 
   00248    0.4125   -1281.8060  0.8055 
   00249    0.3850   -1296.2222  0.8093 
   00250    0.3825   -1274.8350  0.8005 
   00251    0.4075   -1294.5633  0.8179 
   00252    0.4000   -1307.9286  0.8332 
   00253    0.4100   -1305.5623  0.8191 
   00254    0.3950   -1288.5814  0.8099 
   00255    0.4100   -1281.5593  0.8065 
   00256    0.3750   -1285.1443  0.8047 
   00257    0.3625   -1302.9528  0.8028 
   00258    0.4100   -1287.5235  0.8018 
   00259    0.3975   -1280.1687  0.8047 
   00260    0.3925   -1291.2771  0.8006 
   00261    0.3925   -1296.5105  0.8055 
   00262    0.4150   -1277.2126  0.7953 
   00263    0.4000   -1267.2693  0.7836 
   00264    0.4375   -1241.5216  0.7824 
   00265    0.4200   -1260.1550  0.7962 
   00266    0.4150   -1275.2631  0.8070 
   00267    0.3925   -1283.2682  0.8078 
   00268    0.4225   -1289.9298  0.8129 
   00269    0.4075   -1282.4358  0.8096 
   00270    0.4000   -1269.6881  0.8073 
   00271    0.3750   -1260.0892  0.8103 
   00272    0.3825   -1280.5327  0.8170 
   00273    0.3775   -1296.4214  0.8256 
   00274    0.3850   -1293.6464  0.8328 
   00275    0.3650   -1277.7911  0.8263 
   00276    0.4275   -1270.3573  0.8248 
   00277    0.3750   -1267.3558  0.8271 
   00278    0.4150   -1265.2991  0.8372 
   00279    0.4275   -1300.7192  0.8459 
   00280    0.3950   -1309.5276  0.8448 
   00281    0.4175   -1304.1097  0.8375 
   00282    0.4475   -1288.9116  0.8326 
   00283    0.3950   -1279.1638  0.8189 
   00284    0.4275   -1277.6024  0.8221 
   00285    0.4350   -1277.8616  0.8179 
   00286    0.3975   -1275.8244  0.8088 
   00287    0.4000   -1272.7546  0.8197 
   00288    0.3475   -1285.6733  0.8227 
   00289    0.3900   -1283.9727  0.8203 
   00290    0.4375   -1292.6859  0.8229 
   00291    0.4000   -1272.9605  0.8175 
   00292    0.4275   -1296.8519  0.8194 
   00293    0.4200   -1307.3289  0.8201 
   00294    0.4050   -1311.9099  0.8273 
   00295    0.3450   -1291.2736  0.8207 
   00296    0.4275   -1295.1084  0.8279 
   00297    0.4125   -1299.8255  0.8203 
   00298    0.4100   -1285.7098  0.8187 
   00299    0.4100   -1297.4760  0.8197 
   00300    0.3850   -1298.6341  0.8294 
   00301    0.3775   -1312.3334  0.8481 
   00302    0.3675   -1333.6120  0.8608 
   00303    0.3725   -1326.7204  0.8589 
   00304    0.3725   -1319.2375  0.8519 
   00305    0.3825   -1319.9532  0.8513 
   00306    0.3925   -1318.0457  0.8419 
   00307    0.4450   -1286.8788  0.8358 
   00308    0.3725   -1286.2431  0.8266 
   00309    0.4125   -1289.7533  0.8321 
   00310    0.3800   -1316.4449  0.8379 
   00311    0.4000   -1314.2465  0.8469 
   00312    0.3950   -1317.8110  0.8456 
   00313    0.3975   -1328.1741  0.8439 
   00314    0.4025   -1333.0307  0.8411 
   00315    0.4600   -1323.3112  0.8388 
   00316    0.4125   -1312.0504  0.8494 
   00317    0.3725   -1293.6777  0.8367 
   00318    0.3775   -1286.4451  0.8305 
   00319    0.4200   -1299.2579  0.8352 
   00320    0.4125   -1289.6650  0.8299 
   00321    0.4300   -1281.5534  0.8288 
   00322    0.4075   -1298.4927  0.8280 
   00323    0.4200   -1310.0685  0.8461 
   00324    0.3950   -1308.9114  0.8446 
   00325    0.3850   -1309.3539  0.8387 
   00326    0.4100   -1327.8164  0.8421 
   00327    0.3550   -1332.4635  0.8410 
   00328    0.3750   -1338.9013  0.8342 
   00329    0.3425   -1340.0401  0.8328 
   00330    0.3875   -1326.4656  0.8189 
   00331    0.3675   -1318.7540  0.8258 
   00332    0.4050   -1308.3345  0.8158 
   00333    0.3950   -1295.7023  0.8108 
   00334    0.3925   -1307.2437  0.8298 
   00335    0.3975   -1295.0339  0.8222 
   00336    0.3800   -1293.4268  0.8175 
   00337    0.4100   -1297.7592  0.8205 
   00338    0.4250   -1305.5513  0.8299 
   00339    0.4100   -1292.7105  0.8306 
   00340    0.4125   -1301.5960  0.8356 
   00341    0.4175   -1298.8543  0.8326 
   00342    0.3700   -1280.0093  0.8334 
   00343    0.3825   -1289.7633  0.8394 
   00344    0.3900   -1299.1591  0.8426 
   00345    0.4075   -1294.3833  0.8329 
   00346    0.3725   -1285.7848  0.8359 
   00347    0.3800   -1288.5303  0.8460 
   00348    0.3975   -1305.6264  0.8402 
   00349    0.4175   -1304.8032  0.8401 
   00350    0.3850   -1302.2233  0.8467 
   00351    0.3800   -1322.4531  0.8532 
   00352    0.3650   -1316.6636  0.8559 
   00353    0.3875   -1323.4690  0.8530 
   00354    0.3875   -1313.0479  0.8435 
   00355    0.4150   -1298.8388  0.8369 
   00356    0.4225   -1273.6176  0.8229 
   00357    0.3925   -1289.6071  0.8285 
   00358    0.4475   -1273.9168  0.8204 
   00359    0.3875   -1272.5464  0.8203 
   00360    0.3875   -1278.1156  0.8247 
   00361    0.4100   -1278.6584  0.8248 
   00362    0.3900   -1278.0907  0.8183 
   00363    0.3900   -1271.3232  0.8199 
   00364    0.4100   -1292.1847  0.8325 
   00365    0.3800   -1282.5759  0.8220 
   00366    0.3450   -1279.6329  0.8309 
   00367    0.3900   -1265.7593  0.8211 
   00368    0.4000   -1299.3060  0.8365 
   00369    0.4050   -1279.7022  0.8296 
   00370    0.4300   -1293.9635  0.8381 
   00371    0.3725   -1305.5803  0.8345 
   00372    0.3725   -1315.1277  0.8345 
   00373    0.3975   -1309.2795  0.8250 
   00374    0.4475   -1290.8366  0.8173 
   00375    0.4100   -1286.1492  0.8289 
   00376    0.3775   -1273.4380  0.8219 
   00377    0.4075   -1260.9015  0.8177 
   00378    0.4050   -1249.1393  0.8135 
   00379    0.4075   -1239.5560  0.8047 
   00380    0.4075   -1259.7758  0.8215 
   00381    0.3850   -1277.3043  0.8174 
   00382    0.4100   -1273.8953  0.8228 
   00383    0.3825   -1270.9052  0.8187 
   00384    0.4350   -1273.2319  0.8175 
   00385    0.4150   -1296.5068  0.8240 
   00386    0.3875   -1292.8316  0.8199 
   00387    0.3550   -1271.9458  0.8171 
   00388    0.3800   -1256.0729  0.8139 
   00389    0.4425   -1248.4229  0.8086 
   00390    0.3875   -1260.3075  0.8022 
   00391    0.3950   -1279.8738  0.8229 
   00392    0.3900   -1292.8762  0.8330 
   00393    0.3575   -1291.8293  0.8302 
   00394    0.4225   -1291.1844  0.8276 
   00395    0.3850   -1288.5179  0.8264 
   00396    0.4050   -1290.9319  0.8179 
   00397    0.3900   -1280.7133  0.8049 
   00398    0.3975   -1283.0012  0.8099 
   00399    0.4050   -1271.4844  0.8040 
   00400    0.4325   -1259.2535  0.7981 
   00401    0.4150   -1280.2563  0.8158 
   00402    0.4100   -1267.0824  0.7983 
   00403    0.4475   -1294.3088  0.8045 
   00404    0.4250   -1291.1074  0.8156 
   00405    0.4075   -1291.8251  0.8058 
   00406    0.4100   -1289.6171  0.8087 
   00407    0.4050   -1243.2196  0.7932 
   00408    0.4050   -1247.1630  0.7839 
   00409    0.4425   -1259.0955  0.7960 
   00410    0.4200   -1270.7329  0.7968 
   00411    0.4050   -1276.7421  0.7941 
   00412    0.3475   -1286.8715  0.7938 
   00413    0.4125   -1272.8554  0.7957 
   00414    0.3950   -1272.2472  0.7965 
   00415    0.4275   -1278.5903  0.8021 
   00416    0.3675   -1278.7319  0.7968 
   00417    0.4450   -1267.2165  0.7935 
   00418    0.4150   -1271.3402  0.7879 
   00419    0.3950   -1290.8083  0.7928 
   00420    0.4150   -1272.3593  0.7918 
   00421    0.3625   -1256.4990  0.7958 
   00422    0.4000   -1273.8493  0.8089 
   00423    0.4200   -1245.0970  0.8040 
   00424    0.4425   -1278.1910  0.8193 
   00425    0.4100   -1277.8610  0.8092 
   00426    0.3625   -1281.0373  0.7933 
   00427    0.4225   -1259.1041  0.7766 
   00428    0.4175   -1260.4296  0.7843 
   00429    0.4225   -1268.3331  0.7931 
   00430    0.4100   -1266.7234  0.8044 
   00431    0.4300   -1293.0354  0.8095 
   00432    0.3825   -1293.8384  0.8173 
   00433    0.3650   -1314.6720  0.8197 
   00434    0.3775   -1312.4978  0.8331 
   00435    0.4175   -1325.1287  0.8381 
   00436    0.4125   -1321.9811  0.8382 
   00437    0.3450   -1309.7093  0.8244 
   00438    0.4050   -1292.3565  0.8086 
   00439    0.4150   -1277.2521  0.7990 
   00440    0.4075   -1279.6308  0.7932 
   00441    0.4225   -1263.3307  0.7797 
   00442    0.4375   -1231.8912  0.7676 
   00443    0.3825   -1226.5154  0.7694 
   00444    0.3875   -1251.9604  0.7768 
   00445    0.3725   -1271.2295  0.7765 
   00446    0.4125   -1274.4226  0.7811 
   00447    0.3800   -1259.6168  0.7690 
   00448    0.3625   -1263.0644  0.7823 
   00449    0.4325   -1264.7008  0.7839 
   00450    0.3725   -1273.6999  0.7914 
   00451    0.3650   -1276.9842  0.7893 
   00452    0.4225   -1259.0749  0.7899 
   00453    0.3925   -1272.2770  0.7979 
   00454    0.4000   -1261.5054  0.7809 
   00455    0.4075   -1256.1398  0.7946 
   00456    0.4100   -1239.0161  0.7896 
   00457    0.3800   -1220.4069  0.7900 
   00458    0.3900   -1239.8785  0.7870 
   00459    0.4450   -1225.3197  0.7878 
   00460    0.4075   -1232.4373  0.7900 
   00461    0.4100   -1221.9171  0.7873 
   00462    0.4350   -1225.8967  0.7801 
   00463    0.4350   -1242.9641  0.7753 
   00464    0.4550   -1267.8124  0.7822 
   00465    0.3975   -1253.2807  0.7840 
   00466    0.4225   -1255.5304  0.7783 
   00467    0.4025   -1254.1147  0.7624 
   00468    0.3950   -1251.4533  0.7639 
   00469    0.4075   -1249.0757  0.7752 
   00470    0.3900   -1248.0769  0.7756 
   00471    0.4125   -1255.5124  0.7830 
   00472    0.3975   -1255.0759  0.7859 
   00473    0.4500   -1271.4525  0.7870 
   00474    0.4000   -1255.4919  0.7808 
   00475    0.4100   -1270.2737  0.7842 
   00476    0.4075   -1248.2416  0.7828 
   00477    0.4025   -1220.9695  0.7751 
   00478    0.4025   -1243.9434  0.7902 
   00479    0.4250   -1250.6726  0.7980 
   00480    0.3850   -1281.1837  0.8150 
   00481    0.4350   -1276.8021  0.8156 
   00482    0.4075   -1291.9613  0.8293 
   00483    0.4300   -1298.6811  0.8299 
   00484    0.4075   -1293.4630  0.8278 
   00485    0.4200   -1283.3411  0.8253 
   00486    0.4575   -1288.4151  0.8314 
   00487    0.3975   -1284.1387  0.8278 
   00488    0.4425   -1298.7132  0.8322 
   00489    0.3600   -1282.4750  0.8287 
   00490    0.4250   -1279.6622  0.8314 
   00491    0.4475   -1268.2149  0.8202 
   00492    0.4225   -1265.5907  0.8241 
   00493    0.3700   -1277.7650  0.8236 
   00494    0.4275   -1285.1532  0.8219 
   00495    0.4175   -1293.8908  0.8357 
   00496    0.4275   -1300.7364  0.8429 
   00497    0.3825   -1303.0538  0.8298 
   00498    0.4100   -1298.2176  0.8363 
   00499    0.3800   -1303.9892  0.8353 
   00500    0.3950   -1298.3856  0.8296 
   00501    0.4425   -1281.2141  0.8164 
   00502    0.4200   -1262.2894  0.8234 
   00503    0.4175   -1283.8308  0.8179 
   00504    0.4075   -1279.8079  0.8133 
   00505    0.3550   -1311.6288  0.8161 
   00506    0.3975   -1308.6005  0.8104 
   00507    0.3800   -1303.6382  0.8067 
   00508    0.3950   -1314.4503  0.8132 
   00509    0.4125   -1306.8823  0.8046 
   00510    0.3850   -1302.9513  0.8016 
   00511    0.4100   -1303.3339  0.7945 
   00512    0.3875   -1307.7907  0.7945 
   00513    0.3700   -1333.8486  0.7993 
   00514    0.4300   -1321.8746  0.7981 
   00515    0.3525   -1313.2539  0.7949 
   00516    0.3600   -1278.1445  0.7953 
   00517    0.3725   -1291.4861  0.7968 
   00518    0.3900   -1287.6404  0.7869 
   00519    0.4600   -1300.2112  0.7962 
   00520    0.4000   -1308.9191  0.7965 
   00521    0.4000   -1314.4930  0.8074 
   00522    0.4150   -1284.7133  0.8032 
   00523    0.4125   -1278.8543  0.7937 
   00524    0.4050   -1224.9933  0.7722 
   00525    0.4175   -1226.6643  0.7773 
   00526    0.4400   -1230.1813  0.7740 
   00527    0.4375   -1215.5714  0.7727 
   00528    0.3850   -1247.9540  0.7919 
   00529    0.3750   -1256.8947  0.7975 
   00530    0.4075   -1264.1511  0.7959 
   00531    0.4425   -1268.3083  0.7952 
   00532    0.4175   -1252.2109  0.7982 
   00533    0.4125   -1260.8309  0.7821 
   00534    0.3650   -1224.2236  0.7609 
   00535    0.4100   -1273.4835  0.7790 
   00536    0.4450   -1289.7353  0.7933 
   00537    0.3800   -1285.7220  0.7811 
   00538    0.4175   -1286.2428  0.7913 
   00539    0.3675   -1278.1857  0.7839 
   00540    0.3975   -1293.1821  0.7967 
   00541    0.3975   -1287.2788  0.7940 
   00542    0.3825   -1292.4944  0.7999 
   00543    0.4050   -1280.0857  0.7975 
   00544    0.3775   -1283.5504  0.8043 
   00545    0.4175   -1260.0824  0.7873 
   00546    0.3975   -1258.0588  0.7957 
   00547    0.4300   -1293.2143  0.8174 
   00548    0.3425   -1280.4840  0.8094 
   00549    0.4600   -1278.0289  0.8108 
   00550    0.3850   -1294.0005  0.8186 
   00551    0.3675   -1299.5699  0.8206 
   00552    0.4075   -1278.9395  0.8047 
   00553    0.3800   -1298.5980  0.8045 
   00554    0.4350   -1274.1934  0.7802 
   00555    0.4325   -1265.3138  0.7707 
   00556    0.3925   -1252.8277  0.7612 
   00557    0.3875   -1239.4073  0.7590 
   00558    0.3850   -1238.3707  0.7716 
   00559    0.4175   -1237.1410  0.7759 
   00560    0.4025   -1254.4259  0.7663 
   00561    0.3925   -1271.8404  0.7731 
   00562    0.4175   -1271.8079  0.7794 
   00563    0.4250   -1280.1110  0.7860 
   00564    0.3275   -1283.8148  0.7890 
   00565    0.4300   -1282.8885  0.7803 
   00566    0.4150   -1269.1638  0.7756 
   00567    0.3950   -1274.5827  0.7856 
   00568    0.3400   -1295.6964  0.7918 
   00569    0.4175   -1292.6957  0.7905 
   00570    0.4225   -1288.9546  0.7853 
   00571    0.4000   -1296.8486  0.7812 
   00572    0.3725   -1276.2232  0.7659 
   00573    0.3925   -1290.9161  0.7732 
   00574    0.3650   -1284.7798  0.7731 
   00575    0.4350   -1297.6449  0.7776 
   00576    0.4225   -1283.8372  0.7770 
   00577    0.4250   -1296.7523  0.7862 
   00578    0.4200   -1304.0285  0.7865 
   00579    0.3775   -1292.7385  0.7955 
   00580    0.3600   -1303.8033  0.8039 
   00581    0.4000   -1335.3228  0.8097 
   00582    0.3525   -1342.1138  0.7995 
   00583    0.3850   -1334.4379  0.8026 
   00584    0.4000   -1331.1407  0.8088 
   00585    0.4525   -1307.0868  0.8079 
   00586    0.4075   -1294.0536  0.7780 
   00587    0.4425   -1270.4614  0.7654 
   00588    0.3775   -1268.0784  0.7655 
   00589    0.4125   -1272.3650  0.7672 
   00590    0.4000   -1276.4105  0.7709 
   00591    0.4175   -1263.3622  0.7467 
   00592    0.4425   -1266.6364  0.7510 
   00593    0.4000   -1240.4481  0.7387 
   00594    0.4075   -1236.6477  0.7465 
   00595    0.3750   -1227.1176  0.7418 
   00596    0.4000   -1259.6494  0.7350 
   00597    0.4050   -1247.5555  0.7333 
   00598    0.3750   -1241.3679  0.7294 
   00599    0.4125   -1245.0951  0.7333 
   00600    0.3850   -1263.5397  0.7488 
   00601    0.4650   -1284.0039  0.7472 
   00602    0.4225   -1283.2404  0.7397 
   00603    0.4000   -1259.4268  0.7414 
   00604    0.4200   -1249.3098  0.7379 
   00605    0.3725   -1256.9878  0.7391 
   00606    0.3900   -1269.4702  0.7368 
   00607    0.4000   -1251.3279  0.7302 
   00608    0.3975   -1248.6739  0.7301 
   00609    0.4350   -1232.2388  0.7190 
   00610    0.3875   -1231.5901  0.7226 
   00611    0.4050   -1249.9742  0.7303 
   00612    0.3825   -1241.5935  0.7306 
   00613    0.3800   -1252.5729  0.7442 
   00614    0.3775   -1245.4819  0.7346 
   00615    0.4100   -1240.2487  0.7402 
   00616    0.4550   -1272.0204  0.7560 
   00617    0.4375   -1275.6801  0.7587 
   00618    0.3975   -1274.4727  0.7553 
   00619    0.3950   -1257.4831  0.7462 
   00620    0.4075   -1272.7676  0.7515 
   00621    0.3800   -1259.8618  0.7513 
   00622    0.4100   -1244.8468  0.7563 
   00623    0.4150   -1235.6678  0.7451 
   00624    0.4200   -1243.3984  0.7303 
   00625    0.4075   -1252.6837  0.7266 
   00626    0.4200   -1224.8097  0.7240 
   00627    0.4025   -1266.1109  0.7437 
   00628    0.4200   -1257.7740  0.7386 
   00629    0.4400   -1257.1236  0.7380 
   00630    0.4200   -1243.3847  0.7483 
   00631    0.4500   -1248.6942  0.7460 
   00632    0.4375   -1250.2925  0.7372 
   00633    0.4475   -1255.0472  0.7461 
   00634    0.4350   -1249.3530  0.7402 
   00635    0.4075   -1262.3088  0.7418 
   00636    0.4100   -1263.1261  0.7356 
   00637    0.3875   -1267.8251  0.7256 
   00638    0.4050   -1251.8094  0.7212 
   00639    0.3900   -1270.4164  0.7417 
   00640    0.4150   -1241.0693  0.7357 
   00641    0.4250   -1260.2800  0.7381 
   00642    0.4050   -1261.3820  0.7418 
   00643    0.3750   -1256.7855  0.7446 
   00644    0.4250   -1273.2767  0.7686 
   00645    0.4100   -1287.1436  0.7569 
   00646    0.4375   -1256.9704  0.7269 
   00647    0.3775   -1239.8930  0.7220 
   00648    0.4250   -1239.3353  0.7327 
   00649    0.4150   -1228.8275  0.7133 
   00650    0.4200   -1247.7485  0.7309 
   00651    0.4325   -1249.5827  0.7116 
   00652    0.4100   -1242.0302  0.7264 
   00653    0.4100   -1266.8152  0.7274 
   00654    0.4050   -1259.9747  0.7223 
   00655    0.3850   -1263.6047  0.7248 
   00656    0.4375   -1249.1264  0.7131 
   00657    0.4375   -1265.7445  0.7265 
   00658    0.4550   -1286.4657  0.7298 
   00659    0.3775   -1270.6186  0.7371 
   00660    0.3875   -1276.3732  0.7285 
   00661    0.3900   -1270.4445  0.7026 
   00662    0.4175   -1263.4214  0.6934 
   00663    0.3725   -1273.0083  0.6870 
   00664    0.3925   -1278.5204  0.6824 
   00665    0.4400   -1282.8855  0.6587 
   00666    0.3925   -1277.9340  0.6645 
   00667    0.4000   -1287.4442  0.6762 
   00668    0.4100   -1278.0941  0.6877 
   00669    0.4000   -1277.2650  0.6935 
   00670    0.3875   -1291.4622  0.6910 
   00671    0.4600   -1300.5135  0.7079 
   00672    0.4125   -1304.0801  0.7191 
   00673    0.3775   -1287.2938  0.7264 
   00674    0.3950   -1277.7407  0.7305 
   00675    0.3925   -1293.5647  0.7307 
   00676    0.3750   -1272.6501  0.7137 
   00677    0.3775   -1276.8278  0.7273 
   00678    0.4075   -1283.8402  0.7368 
   00679    0.4125   -1315.2647  0.7531 
   00680    0.3975   -1298.0913  0.7587 
   00681    0.3875   -1310.7374  0.7719 
   00682    0.3975   -1308.8709  0.7774 
   00683    0.4075   -1312.2571  0.7840 
   00684    0.3550   -1306.6153  0.7633 
   00685    0.3750   -1305.7129  0.7679 
   00686    0.4125   -1321.5941  0.7729 
   00687    0.3650   -1303.1856  0.7622 
   00688    0.4125   -1305.4792  0.7682 
   00689    0.3850   -1293.9499  0.7704 
   00690    0.4300   -1259.1830  0.7619 
   00691    0.4325   -1248.3421  0.7585 
   00692    0.4225   -1266.1358  0.7581 
   00693    0.4025   -1287.5902  0.7755 
   00694    0.4175   -1284.6247  0.7729 
   00695    0.4225   -1293.6094  0.7748 
   00696    0.4050   -1295.6239  0.7778 
   00697    0.4025   -1303.8565  0.7858 
   00698    0.3750   -1300.1381  0.7870 
   00699    0.4275   -1286.9745  0.8047 
   00700    0.4275   -1290.9252  0.8064 
   00701    0.4175   -1270.0843  0.7798 
   00702    0.4225   -1260.3872  0.7843 
   00703    0.4300   -1267.6791  0.7770 
   00704    0.3950   -1250.6544  0.7599 
   00705    0.4200   -1257.6855  0.7526 
   00706    0.3950   -1252.6917  0.7444 
   00707    0.4375   -1251.3227  0.7471 
   00708    0.4150   -1269.7335  0.7392 
   00709    0.3925   -1247.7470  0.7330 
   00710    0.4350   -1260.7776  0.7381 
   00711    0.4000   -1255.8381  0.7350 
   00712    0.3950   -1265.3194  0.7411 
   00713    0.3975   -1261.4829  0.7306 
   00714    0.4025   -1259.0995  0.7396 
   00715    0.3925   -1254.9086  0.7313 
   00716    0.3500   -1264.9976  0.7384 
   00717    0.4150   -1265.0558  0.7281 
   00718    0.4250   -1292.4783  0.7396 
   00719    0.3675   -1294.0194  0.7379 
   00720    0.4000   -1282.6862  0.7165 
   00721    0.4025   -1264.2497  0.7145 
   00722    0.4575   -1285.8977  0.7353 
   00723    0.4025   -1294.2853  0.7293 
   00724    0.4275   -1278.4922  0.7175 
   00725    0.4225   -1274.7475  0.7114 
   00726    0.4350   -1270.2358  0.7110 
   00727    0.3950   -1266.7851  0.7062 
   00728    0.4175   -1272.1457  0.7268 
   00729    0.4075   -1267.3238  0.7171 
   00730    0.3725   -1260.6907  0.7153 
   00731    0.4550   -1234.8186  0.7063 
   00732    0.4175   -1277.1685  0.7264 
   00733    0.4275   -1263.8512  0.7307 
   00734    0.3950   -1281.7738  0.7275 
   00735    0.3650   -1286.1742  0.7367 
   00736    0.3550   -1259.1898  0.7282 
   00737    0.4150   -1259.7373  0.7396 
   00738    0.4150   -1260.7069  0.7149 
   00739    0.3650   -1259.1849  0.7142 
   00740    0.3850   -1251.7926  0.7184 
   00741    0.3925   -1257.5989  0.7048 
   00742    0.4150   -1283.5900  0.7062 
   00743    0.4025   -1286.7759  0.7163 
   00744    0.3750   -1263.0137  0.7221 
   00745    0.4025   -1238.3620  0.6952 
   00746    0.4200   -1220.2523  0.6846 
   00747    0.4025   -1233.4158  0.6970 
   00748    0.4025   -1252.1612  0.7050 
   00749    0.3950   -1275.0505  0.7145 
   00750    0.4100   -1271.4088  0.7252 
   00751    0.3850   -1267.5259  0.7181 
   00752    0.4300   -1272.1770  0.7127 
   00753    0.4200   -1280.1113  0.7023 
   00754    0.3650   -1287.3482  0.7077 
   00755    0.3750   -1303.2151  0.7276 
   00756    0.3700   -1280.9917  0.7208 
   00757    0.4100   -1273.1721  0.7225 
   00758    0.3975   -1244.6696  0.7070 
   00759    0.3650   -1259.1234  0.7108 
   00760    0.4200   -1253.3692  0.7142 
   00761    0.3725   -1277.5165  0.7360 
   00762    0.4100   -1279.3597  0.7551 
   00763    0.4375   -1255.3318  0.7445 
   00764    0.4150   -1246.3032  0.7243 
   00765    0.3775   -1238.8247  0.7040 
   00766    0.4250   -1257.0685  0.7295 
   00767    0.4075   -1282.1770  0.7296 
   00768    0.3800   -1248.3161  0.7154 
   00769    0.3725   -1261.2497  0.7328 
   00770    0.4400   -1254.1731  0.7456 
   00771    0.4075   -1264.8623  0.7474 
   00772    0.4150   -1279.6493  0.7383 
   00773    0.4150   -1296.3050  0.7461 
   00774    0.4275   -1274.4152  0.7437 
   00775    0.3550   -1285.7456  0.7528 
   00776    0.3775   -1277.5644  0.7518 
   00777    0.4175   -1273.0126  0.7502 
   00778    0.3950   -1292.1621  0.7588 
   00779    0.3650   -1284.3988  0.7481 
   00780    0.3800   -1278.2376  0.7490 
   00781    0.3925   -1271.2753  0.7606 
   00782    0.4050   -1301.5905  0.7681 
   00783    0.3675   -1307.4468  0.7597 
   00784    0.4075   -1301.4329  0.7625 
   00785    0.3625   -1254.8026  0.7613 
   00786    0.3875   -1244.6041  0.7661 
   00787    0.4425   -1253.0122  0.7607 
   00788    0.4075   -1263.2304  0.7566 
   00789    0.3775   -1263.2353  0.7521 
   00790    0.3750   -1276.3637  0.7590 
   00791    0.4025   -1276.2869  0.7737 
   00792    0.4000   -1288.4513  0.7828 
   00793    0.3925   -1277.5769  0.7763 
   00794    0.3825   -1274.2365  0.7782 
   00795    0.4350   -1289.0486  0.7899 
   00796    0.4025   -1299.3200  0.7864 
   00797    0.3875   -1262.1363  0.7843 
   00798    0.4075   -1286.1253  0.7815 
   00799    0.4025   -1294.3462  0.7851 
   00800    0.3950   -1304.7643  0.7902 
   00801    0.3975   -1314.7895  0.8038 
   00802    0.3300   -1311.8119  0.8004 
   00803    0.3750   -1312.8426  0.8063 
   00804    0.3925   -1314.7849  0.7969 
   00805    0.3700   -1316.4044  0.8044 
   00806    0.3675   -1292.0516  0.8011 
   00807    0.3875   -1311.4712  0.7973 
   00808    0.3400   -1305.6593  0.7945 
   00809    0.3775   -1310.5028  0.8024 
   00810    0.4275   -1311.6933  0.8002 
   00811    0.3325   -1299.5805  0.8064 
   00812    0.3875   -1302.2829  0.7986 
   00813    0.3950   -1311.5806  0.8009 
   00814    0.3775   -1291.5803  0.7936 
   00815    0.3675   -1284.0171  0.7928 
   00816    0.3975   -1287.3606  0.8039 
   00817    0.3925   -1305.3409  0.8040 
   00818    0.3925   -1296.0926  0.8136 
   00819    0.4325   -1275.0826  0.8019 
   00820    0.4450   -1241.1900  0.7979 
   00821    0.4100   -1267.2351  0.8079 
   00822    0.4625   -1270.7098  0.8122 
   00823    0.3925   -1290.4335  0.8197 
   00824    0.3875   -1278.5223  0.8085 
   00825    0.3650   -1285.5492  0.8193 
   00826    0.4350   -1294.7779  0.8275 
   00827    0.4150   -1311.3163  0.8344 
   00828    0.4025   -1321.0876  0.8339 
   00829    0.3800   -1321.2997  0.8339 
   00830    0.3475   -1322.0320  0.8408 
   00831    0.3950   -1327.2921  0.8466 
   00832    0.3950   -1344.1711  0.8515 
   00833    0.4000   -1342.1667  0.8452 
   00834    0.4050   -1335.9486  0.8445 
   00835    0.3850   -1324.5010  0.8456 
   00836    0.3900   -1300.8519  0.8294 
   00837    0.3775   -1303.7360  0.8311 
   00838    0.3875   -1291.7969  0.8222 
   00839    0.4125   -1240.5178  0.8019 
   00840    0.4125   -1249.1585  0.8067 
   00841    0.3850   -1259.5726  0.7976 
   00842    0.3825   -1241.6642  0.8003 
   00843    0.3850   -1261.1382  0.8073 
   00844    0.4100   -1259.2178  0.7998 
   00845    0.3475   -1289.7065  0.8154 
   00846    0.3800   -1296.2540  0.8186 
   00847    0.4300   -1294.1317  0.8148 
   00848    0.4475   -1296.3904  0.8075 
   00849    0.3900   -1270.1081  0.7999 
   00850    0.3850   -1271.4898  0.8170 
   00851    0.4300   -1282.8925  0.8202 
   00852    0.4100   -1275.4554  0.8169 
   00853    0.3800   -1272.8705  0.8209 
   00854    0.3725   -1287.4993  0.8263 
   00855    0.3525   -1251.7727  0.8143 
   00856    0.3775   -1275.4996  0.8218 
   00857    0.3550   -1263.0669  0.8282 
   00858    0.3950   -1295.2123  0.8340 
   00859    0.3800   -1289.3670  0.8306 
   00860    0.3850   -1273.9392  0.8272 
   00861    0.4250   -1280.4550  0.8225 
   00862    0.3850   -1270.1622  0.8256 
   00863    0.3925   -1269.1776  0.8182 
   00864    0.4075   -1280.1247  0.8269 
   00865    0.3825   -1267.3021  0.8166 
   00866    0.3875   -1274.9003  0.8180 
   00867    0.3975   -1270.9189  0.8104 
   00868    0.3725   -1283.6817  0.7953 
   00869    0.4050   -1292.3911  0.7944 
   00870    0.3800   -1300.4819  0.8003 
   00871    0.3975   -1288.9534  0.7955 
   00872    0.3900   -1279.2628  0.7939 
   00873    0.4150   -1282.9206  0.7984 
   00874    0.3900   -1278.6684  0.7949 
   00875    0.3750   -1278.6813  0.7989 
   00876    0.4225   -1271.5721  0.7974 
   00877    0.3900   -1273.1713  0.7827 
   00878    0.3975   -1273.1220  0.7890 
   00879    0.4025   -1269.5138  0.7986 
   00880    0.4075   -1264.5909  0.8006 
   00881    0.4075   -1279.2567  0.7947 
   00882    0.4000   -1267.5421  0.7818 
   00883    0.4000   -1259.2114  0.7758 
   00884    0.4025   -1261.9184  0.7743 
   00885    0.3325   -1258.7259  0.7751 
   00886    0.3725   -1254.5971  0.7874 
   00887    0.4175   -1290.4757  0.8041 
   00888    0.3925   -1281.4248  0.8038 
   00889    0.3925   -1265.4740  0.8020 
   00890    0.4325   -1303.4313  0.8068 
   00891    0.3775   -1319.1640  0.8182 
   00892    0.3875   -1310.1638  0.8214 
   00893    0.4450   -1303.6484  0.8278 
   00894    0.4000   -1305.5732  0.8228 
   00895    0.3700   -1314.7863  0.8290 
   00896    0.3875   -1306.1006  0.8345 
   00897    0.3850   -1302.6382  0.8294 
   00898    0.3975   -1304.8606  0.8287 
   00899    0.4125   -1319.3077  0.8167 
   00900    0.3925   -1326.3881  0.8168 
   00901    0.4275   -1303.5530  0.8077 
   00902    0.3975   -1294.9081  0.8079 
   00903    0.4075   -1279.6703  0.8094 
   00904    0.3575   -1267.6523  0.8037 
   00905    0.4150   -1263.7166  0.7945 
   00906    0.4350   -1258.6883  0.7859 
   00907    0.4125   -1270.8030  0.7791 
   00908    0.3850   -1249.5797  0.7689 
   00909    0.3650   -1239.3895  0.7714 
   00910    0.3925   -1275.9179  0.7840 
   00911    0.3950   -1297.2954  0.7866 
   00912    0.3650   -1298.6208  0.7706 
   00913    0.3800   -1275.9316  0.7494 
   00914    0.4100   -1263.5924  0.7534 
   00915    0.3925   -1269.4732  0.7518 
   00916    0.3975   -1273.1403  0.7400 
   00917    0.4125   -1269.6349  0.7379 
   00918    0.4200   -1271.2479  0.7483 
   00919    0.3825   -1282.3923  0.7631 
   00920    0.3875   -1279.5285  0.7605 
   00921    0.4100   -1275.5541  0.7613 
   00922    0.4100   -1269.3830  0.7596 
   00923    0.3800   -1295.4847  0.7668 
   00924    0.3425   -1312.8421  0.7785 
   00925    0.3675   -1292.3669  0.7867 
   00926    0.4100   -1274.8637  0.7796 
   00927    0.3900   -1284.9532  0.7789 
   00928    0.4250   -1275.3385  0.7663 
   00929    0.4075   -1266.4587  0.7602 
   00930    0.3950   -1252.8216  0.7704 
   00931    0.4100   -1260.0745  0.7593 
   00932    0.3550   -1284.8923  0.7754 
   00933    0.4100   -1294.8181  0.7743 
   00934    0.3850   -1290.9514  0.7821 
   00935    0.3950   -1275.7895  0.7868 
   00936    0.3950   -1270.2594  0.7599 
   00937    0.4150   -1295.6016  0.7694 
   00938    0.3500   -1290.5201  0.7758 
   00939    0.4175   -1303.7290  0.7848 
   00940    0.3925   -1308.5069  0.7932 
   00941    0.4275   -1301.5256  0.7946 
   00942    0.3625   -1285.5252  0.7914 
   00943    0.4200   -1297.7662  0.7919 
   00944    0.3900   -1286.1075  0.7800 
   00945    0.3750   -1291.2791  0.7766 
   00946    0.4100   -1285.5969  0.7779 
   00947    0.4100   -1273.3397  0.7714 
   00948    0.4000   -1273.9259  0.7734 
   00949    0.3825   -1261.8638  0.7646 
   00950    0.3850   -1236.9982  0.7513 
   00951    0.3725   -1261.9014  0.7686 
   00952    0.3775   -1259.5479  0.7713 
   00953    0.4250   -1265.4216  0.7686 
   00954    0.4125   -1307.4115  0.8015 
   00955    0.4075   -1294.1048  0.7877 
   00956    0.4325   -1242.6724  0.7720 
   00957    0.4225   -1272.8160  0.7763 
   00958    0.4125   -1268.0055  0.7783 
   00959    0.3575   -1257.7430  0.7714 
   00960    0.4425   -1257.2030  0.7735 
   00961    0.4200   -1259.2834  0.7695 
   00962    0.4075   -1245.3051  0.7487 
   00963    0.4325   -1265.4421  0.7672 
   00964    0.4025   -1241.4307  0.7597 
   00965    0.3925   -1267.5256  0.7667 
   00966    0.4025   -1279.2182  0.7749 
   00967    0.4125   -1265.2276  0.7710 
   00968    0.3625   -1243.5662  0.7629 
   00969    0.3800   -1259.9439  0.7645 
   00970    0.4150   -1270.5599  0.7561 
   00971    0.4000   -1268.8151  0.7537 
   00972    0.4225   -1267.1084  0.7559 
   00973    0.3700   -1275.9561  0.7584 
   00974    0.3900   -1288.8334  0.7590 
   00975    0.4075   -1307.7519  0.7673 
   00976    0.3900   -1301.1669  0.7581 
   00977    0.4125   -1288.7205  0.7567 
   00978    0.3700   -1298.1913  0.7570 
   00979    0.4100   -1287.1685  0.7617 
   00980    0.3625   -1269.4531  0.7576 
   00981    0.3650   -1291.5217  0.7573 
   00982    0.4050   -1284.0396  0.7497 
   00983    0.4050   -1263.3811  0.7404 
   00984    0.4400   -1244.7949  0.7367 
   00985    0.3900   -1250.3727  0.7354 
   00986    0.3875   -1267.7573  0.7413 
   00987    0.4600   -1288.0136  0.7461 
   00988    0.3800   -1296.2218  0.7435 
   00989    0.4400   -1278.5834  0.7363 
   00990    0.4025   -1269.9711  0.7379 
   00991    0.4150   -1269.6989  0.7519 
   00992    0.4050   -1273.4449  0.7557 
   00993    0.3700   -1280.8020  0.7637 
   00994    0.3700   -1280.4272  0.7637 
   00995    0.4225   -1283.7020  0.7540 
   00996    0.3950   -1296.8505  0.7584 
   00997    0.3900   -1286.2699  0.7481 
   00998    0.4450   -1295.9208  0.7607 
   00999    0.4025   -1271.1136  0.7603 
   01000    0.4075   -1256.4209  0.7528 
