#=====================================================
# File created:        Sat-09-Mar-2024-at-11-46-36PM
# Size of lattice:     20x20
# Number of MC steps:  1000
# Reduced temperature: 0.900
# Run time (s):        9.253006
#=====================================================
# MC step:  Ratio:     Energy:   Order:
#=====================================================
   00000    0.5000    -423.2838  0.2855 
   00001    0.6450    -622.1482  0.2623 
   00002    0.5725    -748.7178  0.2983 
   00003    0.5400    -809.1854  0.3064 
   00004    0.5175    -801.6622  0.2866 
   00005    0.5475    -860.5568  0.3165 
   00006    0.4900    -897.2499  0.3045 
   00007    0.5800    -922.9436  0.2915 
   00008    0.4825    -898.1806  0.3081 
   00009    0.5325    -922.1269  0.2959 
   00010    0.5125    -947.2841  0.3136 
   00011    0.5150    -954.2378  0.3004 
   00012    0.4875    -954.6190  0.2931 
   00013    0.4400   -1012.6863  0.2895 
   00014    0.4825   -1008.8618  0.3003 
   00015    0.4650   -1019.8982  0.2736 
   00016    0.4875   -1053.8575  0.2869 
   00017    0.4750   -1016.5569  0.3184 
   00018    0.4625   -1045.4285  0.2921 
   00019    0.4300   -1047.8857  0.2898 
   00020    0.4500   -1050.1000  0.2853 
   00021    0.4075   -1046.4265  0.3047 
   00022    0.4700   -1038.7075  0.2988 
   00023    0.4300   -1017.7746  0.3099 
   00024    0.4975    -988.9691  0.2906 
   00025    0.5075    -965.0069  0.3138 
   00026    0.4375   -1003.7528  0.3210 
   00027    0.4650    -981.3408  0.3119 
   00028    0.4675    -975.2306  0.3111 
   00029    0.4850    -985.6534  0.3484 
   00030    0.4575    -978.1085  0.3590 
   00031    0.4800    -953.8157  0.3673 
   00032    0.4550    -996.6480  0.3712 
   00033    0.4500    -992.6475  0.3751 
   00034    0.4825   -1014.7739  0.3530 
   00035    0.4600    -993.5085  0.3624 
   00036    0.5100    -990.9257  0.3998 
   00037    0.4600   -1003.8342  0.3957 
   00038    0.4875    -968.4573  0.3674 
   00039    0.4375   -1006.4287  0.3991 
   00040    0.4025   -1025.0590  0.4104 
   00041    0.4200   -1048.8387  0.4043 
   00042    0.4350   -1041.4591  0.4067 
   00043    0.4750   -1024.8439  0.4172 
   00044    0.5075   -1046.2427  0.4128 
   00045    0.4200   -1037.4238  0.3926 
   00046    0.4700   -1034.9759  0.3640 
   00047    0.4300   -1010.0145  0.3512 
   00048    0.4250   -1018.4198  0.3333 
   00049    0.4475   -1026.9240  0.3341 
   00050    0.5175    -996.2969  0.3373 
   00051    0.4600    -961.3762  0.3462 
   00052    0.4650    -999.6391  0.3316 
   00053    0.4800    -960.6246  0.3178 
   00054    0.4725    -976.6775  0.3371 
   00055    0.4900    -968.8270  0.3357 
   00056    0.4775    -965.5545  0.3693 
   00057    0.4925   -1026.5920  0.3493 
   00058    0.4650   -1022.0950  0.3529 
   00059    0.4525    -974.6190  0.3311 
   00060    0.4600    -981.0983  0.3406 
   00061    0.5375    -976.6440  0.3131 
   00062    0.5125    -987.1921  0.3107 
   00063    0.4700    -975.2991  0.2965 
   00064    0.4775    -932.8722  0.2978 
   00065    0.5275    -946.0164  0.3031 
   00066    0.4750    -952.1784  0.3036 
   00067    0.4525    -923.5090  0.2751 
   00068    0.4850    -946.0911  0.2874 
   00069    0.4875    -907.8150  0.2879 
   00070    0.5025    -920.0929  0.3258 
   00071    0.5050    -935.8785  0.3363 
   00072    0.4925    -974.3265  0.3375 
   00073    0.4475    -966.1296  0.3159 
   00074    0.5225    -980.1068  0.2928 
   00075    0.4625    -995.0065  0.3033 
   00076    0.4350   -1008.4475  0.3108 
   00077    0.4350    -976.4129  0.3305 
   00078    0.4575    -968.2681  0.2969 
   00079    0.5125    -952.4869  0.3194 
   00080    0.4775    -980.5468  0.3334 
   00081    0.4550    -992.7024  0.3422 
   00082    0.4975    -950.7963  0.3458 
   00083    0.4675    -950.1485  0.3441 
   00084    0.4925    -915.2122  0.3541 
   00085    0.4925    -907.3173  0.3254 
   00086    0.5075    -926.1884  0.2834 
   00087    0.4900    -901.4429  0.2794 
   00088    0.5000    -908.4365  0.2887 
   00089    0.4925    -923.9022  0.2810 
   00090    0.5025    -948.6306  0.2831 
   00091    0.5575    -955.8070  0.2939 
   00092    0.5475    -959.3191  0.2633 
   00093    0.4850    -962.1643  0.2992 
   00094    0.5050    -974.5694  0.2660 
   00095    0.4525   -1012.3840  0.2731 
   00096    0.4075    -996.3678  0.2623 
   00097    0.4475    -993.5079  0.2611 
   00098    0.4875    -965.3968  0.2890 
   00099    0.5150    -929.8853  0.3260 
   00100    0.4825    -936.2228  0.2970 
   00101    0.5475    -972.4775  0.3341 
   00102    0.4525    -948.0326  0.3548 
   00103    0.5050    -967.3203  0.4064 
   00104    0.4975    -930.7820  0.3788 
   00105    0.5200    -996.3281  0.3988 
   00106    0.4400    -967.0254  0.4083 
   00107    0.4825    -973.5543  0.4068 
   00108    0.5100   -1001.5081  0.3779 
   00109    0.4725    -997.3295  0.3655 
   00110    0.4500    -992.0381  0.3610 
   00111    0.4800    -999.5598  0.3513 
   00112    0.4525   -1033.7424  0.3644 
   00113    0.4925    -984.0673  0.3640 
   00114    0.4775    -985.7453  0.3572 
   00115    0.4500   -1005.1335  0.3596 
   00116    0.5050    -981.8214  0.3781 
   00117    0.4700    -956.1400  0.3987 
   00118    0.4600    -996.1131  0.4021 
   00119    0.4475    -985.6187  0.3970 
   00120    0.4850    -996.1428  0.4250 
   00121    0.4575    -999.9659  0.4443 
   00122    0.4750    -993.5738  0.4160 
   00123    0.4675    -988.0187  0.4308 
   00124    0.4775    -989.6459  0.4192 
   00125    0.4400    -991.3739  0.4303 
   00126    0.4425   -1016.0069  0.4345 
   00127    0.4375    -986.1975  0.4335 
   00128    0.4700    -971.3410  0.4482 
   00129    0.5350    -964.2662  0.4619 
   00130    0.4875    -991.2665  0.4587 
   00131    0.4925   -1031.6244  0.4942 
   00132    0.4875   -1021.7414  0.4972 
   00133    0.4750   -1010.9819  0.5170 
   00134    0.4925   -1027.9909  0.5136 
   00135    0.4625   -1022.9097  0.5013 
   00136    0.4150   -1038.4282  0.4663 
   00137    0.4125   -1023.9572  0.4250 
   00138    0.4800    -988.9326  0.4122 
   00139    0.4900    -983.2981  0.4021 
   00140    0.4675    -973.7381  0.3757 
   00141    0.4725    -997.3071  0.3641 
   00142    0.4550   -1007.2697  0.3811 
   00143    0.4575    -974.0606  0.3491 
   00144    0.4975    -961.7740  0.3298 
   00145    0.4525    -968.4293  0.3610 
   00146    0.4900    -997.6991  0.3675 
   00147    0.4550    -989.4734  0.3647 
   00148    0.4575    -955.7186  0.3670 
   00149    0.4525    -971.9409  0.3583 
   00150    0.5000    -960.9150  0.3588 
   00151    0.4550    -974.4175  0.3514 
   00152    0.4700    -925.7970  0.3312 
   00153    0.4375    -946.2994  0.3319 
   00154    0.4975    -921.6766  0.3487 
   00155    0.5275    -933.1497  0.3467 
   00156    0.5325    -901.2995  0.3035 
   00157    0.5125    -953.2363  0.3284 
   00158    0.4350    -980.4643  0.3361 
   00159    0.5100    -971.6147  0.3438 
   00160    0.5275    -961.7380  0.3469 
   00161    0.4525    -946.6883  0.3476 
   00162    0.5050    -971.1730  0.3506 
   00163    0.4875    -949.7886  0.3374 
   00164    0.4825    -948.2677  0.3543 
   00165    0.4600    -966.6456  0.3458 
   00166    0.4875    -983.7723  0.3356 
   00167    0.5100    -982.5981  0.3432 
   00168    0.4750   -1023.2501  0.3369 
   00169    0.4500   -1030.9730  0.3483 
   00170    0.4625    -991.4602  0.3291 
   00171    0.4500   -1051.8663  0.3173 
   00172    0.4275   -1049.1209  0.3045 
   00173    0.4475   -1058.9461  0.2798 
   00174    0.4075   -1066.7372  0.2607 
   00175    0.4250   -1057.2229  0.2803 
   00176    0.4650   -1050.1103  0.2626 
   00177    0.4875   -1011.3433  0.2685 
   00178    0.5125    -997.1580  0.2594 
   00179    0.4700    -988.7318  0.2588 
   00180    0.4450    -963.0592  0.2742 
   00181    0.4925    -995.4717  0.2856 
   00182    0.4825   -1021.5869  0.2869 
   00183    0.4500   -1024.5143  0.2961 
   00184    0.4425   -1046.1885  0.2892 
   00185    0.4925   -1038.8456  0.2764 
   00186    0.4575   -1021.4710  0.2988 
   00187    0.4125   -1028.1422  0.3046 
   00188    0.4875   -1036.0384  0.3112 
   00189    0.4550   -1076.4288  0.2966 
   00190    0.3900   -1077.6400  0.3048 
   00191    0.4275   -1082.3587  0.3299 
   00192    0.4150   -1090.3878  0.3223 
   00193    0.4325   -1076.4870  0.2970 
   00194    0.4125   -1040.6974  0.3112 
   00195    0.4600   -1063.8942  0.3388 
   00196    0.4200   -1038.3343  0.3288 
   00197    0.4250   -1058.3139  0.3549 
   00198    0.4325   -1078.7748  0.3455 
   00199    0.4275   -1055.7184  0.3223 
   00200    0.4700   -1074.7966  0.3376 
   00201    0.4375   -1069.0938  0.3313 
   00202    0.4675   -1073.2888  0.3322 
   00203    0.4275   -1070.8781  0.3224 
   00204    0.4475   -1058.0282  0.3260 
   00205    0.4375   -1052.1834  0.3244 
   00206    0.4450   -1008.2956  0.3129 
   00207    0.4575    -991.6720  0.3329 
   00208    0.4450    -988.3351  0.3180 
   00209    0.4625    -994.0152  0.3196 
   00210    0.4200   -1001.9261  0.3110 
   00211    0.4550    -974.9080  0.3037 
   00212    0.5100    -950.2131  0.2961 
   00213    0.5150    -967.1418  0.2990 
   00214    0.5000    -992.6551  0.2929 
   00215    0.4775    -993.5360  0.2841 
   00216    0.4925    -997.5664  0.2953 
   00217    0.4375    -981.1077  0.3050 
   00218    0.4925    -953.8698  0.2883 
   00219    0.4375    -981.0524  0.2951 
   00220    0.4750   -1004.2012  0.3101 
   00221    0.4600   -1005.2358  0.3093 
   00222    0.5025   -1021.3594  0.2796 
   00223    0.4425   -1005.1129  0.2915 
   00224    0.4725    -988.2811  0.2678 
   00225    0.4575    -990.8570  0.2798 
   00226    0.4875    -976.4364  0.2951 
   00227    0.4625    -988.9519  0.3006 
   00228    0.4400    -979.9967  0.2613 
   00229    0.5125    -981.6585  0.2798 
   00230    0.4675   -1005.9246  0.2772 
   00231    0.4425   -1019.3650  0.2594 
   00232    0.4725   -1008.4754  0.2648 
   00233    0.4575   -1010.4454  0.2801 
   00234    0.4650   -1017.2280  0.2650 
   00235    0.4725   -1001.6478  0.2585 
   00236    0.4400   -1001.0057  0.2892 
   00237    0.4925    -980.1073  0.2871 
   00238    0.4600    -995.8085  0.2677 
   00239    0.4600    -996.1804  0.2882 
   00240    0.4800    -987.2161  0.3037 
   00241    0.4600    -969.4224  0.2942 
   00242    0.4500    -974.3893  0.2947 
   00243    0.4500    -980.2481  0.3055 
   00244    0.4450   -1000.1377  0.3186 
   00245    0.4675   -1021.3229  0.3113 
   00246    0.4700    -985.6005  0.3152 
   00247    0.5125    -968.0331  0.2929 
   00248    0.5025    -984.0441  0.2991 
   00249    0.4725    -971.8386  0.2893 
   00250    0.4750    -975.7121  0.3222 
   00251    0.4750    -953.5052  0.3363 
   00252    0.4800    -985.6891  0.3262 
   00253    0.4775    -979.3426  0.3548 
   00254    0.5025    -953.8274  0.3511 
   00255    0.5175    -984.1406  0.3494 
   00256    0.4775    -988.2377  0.3382 
   00257    0.4725   -1013.5288  0.3445 
   00258    0.4725    -989.0171  0.3260 
   00259    0.4925    -968.1900  0.3329 
   00260    0.4725    -980.7095  0.3306 
   00261    0.4875    -975.2622  0.3366 
   00262    0.4725    -975.6061  0.3480 
   00263    0.4900    -984.7262  0.3573 
   00264    0.5025    -977.1981  0.3275 
   00265    0.4750    -975.3336  0.3463 
   00266    0.5225    -970.5388  0.3405 
   00267    0.5100    -985.9738  0.3445 
   00268    0.5150    -970.4773  0.3584 
   00269    0.4475    -984.1436  0.3677 
   00270    0.4575    -949.9499  0.3817 
   00271    0.4900    -937.4068  0.3745 
   00272    0.5000    -981.6096  0.4012 
   00273    0.4675    -971.8344  0.3782 
   00274    0.4900    -968.0548  0.3509 
   00275    0.4875    -988.2260  0.3611 
   00276    0.4450   -1014.4261  0.3778 
   00277    0.4075    -993.3007  0.3603 
   00278    0.4675    -994.5745  0.3603 
   00279    0.4625    -972.6675  0.3240 
   00280    0.4875    -990.3996  0.3539 
   00281    0.4825    -998.5629  0.3657 
   00282    0.4625   -1056.7766  0.3685 
   00283    0.3975   -1082.2818  0.3746 
   00284    0.4075   -1103.1827  0.3827 
   00285    0.3800   -1082.7114  0.4113 
   00286    0.4675   -1081.9311  0.4451 
   00287    0.4175   -1074.2210  0.4281 
   00288    0.4825   -1076.3227  0.4090 
   00289    0.4500   -1075.8928  0.4170 
   00290    0.4775   -1065.2533  0.4115 
   00291    0.4650   -1050.3955  0.4344 
   00292    0.4675   -1029.8663  0.4534 
   00293    0.4550    -989.5490  0.4505 
   00294    0.5100   -1019.2761  0.4676 
   00295    0.5050   -1023.8261  0.4562 
   00296    0.4650   -1054.3488  0.4534 
   00297    0.4200   -1060.9823  0.4607 
   00298    0.4700   -1050.7014  0.4637 
   00299    0.4850   -1035.4692  0.4490 
   00300    0.4225   -1037.6237  0.4760 
   00301    0.4875   -1033.5217  0.4812 
   00302    0.4400   -1030.2029  0.4754 
   00303    0.4275   -1053.3329  0.4932 
   00304    0.4475   -1049.4587  0.4886 
   00305    0.4350   -1038.3273  0.5020 
   00306    0.4725   -1028.5913  0.5101 
   00307    0.4525   -1021.3951  0.5384 
   00308    0.4675   -1001.9588  0.5107 
   00309    0.4800   -1027.7232  0.5315 
   00310    0.4400   -1080.6942  0.5275 
   00311    0.4300   -1095.8851  0.5218 
   00312    0.4075   -1084.6207  0.5302 
   00313    0.4350   -1072.9397  0.5318 
   00314    0.4275   -1088.0497  0.5247 
   00315    0.4550   -1089.4141  0.5175 
   00316    0.4150   -1088.1588  0.5200 
   00317    0.4125   -1088.0113  0.5028 
   00318    0.4400   -1072.0697  0.4854 
   00319    0.4975   -1023.3267  0.4867 
   00320    0.4625   -1024.7212  0.4633 
   00321    0.4700   -1048.5044  0.4794 
   00322    0.4600   -1042.6507  0.5084 
   00323    0.4050   -1048.8067  0.5160 
   00324    0.4325   -1066.1885  0.5287 
   00325    0.4600   -1078.5063  0.5401 
   00326    0.4875   -1080.2025  0.5449 
   00327    0.3675   -1054.6328  0.5246 
   00328    0.4675   -1076.5971  0.5355 
   00329    0.3875   -1071.2115  0.5259 
   00330    0.4750   -1088.9848  0.5298 
   00331    0.4400   -1070.5334  0.5377 
   00332    0.4250   -1037.1116  0.5171 
   00333    0.4600   -1046.2056  0.5160 
   00334    0.4125   -1040.8562  0.5276 
   00335    0.4750   -1041.5536  0.5161 
   00336    0.5025   -1007.4231  0.5120 
   00337    0.4750   -1008.6702  0.5112 
   00338    0.4800   -1031.7554  0.5088 
   00339    0.4900   -1017.0795  0.5049 
   00340    0.4600   -1028.6695  0.5187 
   00341    0.4500   -1029.8489  0.5288 
   00342    0.4625   -1050.0373  0.5322 
   00343    0.4700   -1021.7812  0.5541 
   00344    0.4600   -1008.5555  0.5683 
   00345    0.4975    -979.3860  0.5517 
   00346    0.5275   -1014.7329  0.5685 
   00347    0.4925   -1013.5763  0.5764 
   00348    0.4500   -1011.8458  0.5954 
   00349    0.4875   -1047.2250  0.6293 
   00350    0.4225   -1058.7771  0.6402 
   00351    0.4875   -1052.8593  0.6192 
   00352    0.4450   -1026.9004  0.5887 
   00353    0.4725    -983.3185  0.5642 
   00354    0.5025    -975.2670  0.5428 
   00355    0.4950    -987.2335  0.5568 
   00356    0.4500    -970.3629  0.5541 
   00357    0.5175    -931.0677  0.5076 
   00358    0.5150    -957.1633  0.5127 
   00359    0.5000    -956.4111  0.5095 
   00360    0.4625    -975.2640  0.5289 
   00361    0.4625   -1007.0224  0.5665 
   00362    0.4650    -990.0538  0.5717 
   00363    0.4825    -994.7334  0.5679 
   00364    0.5100    -995.0993  0.5544 
   00365    0.5175   -1015.1698  0.5574 
   00366    0.4675   -1015.1996  0.5615 
   00367    0.4275   -1049.6326  0.5422 
   00368    0.4275   -1072.8657  0.5411 
   00369    0.4575   -1090.0750  0.5634 
   00370    0.4050   -1080.0617  0.5723 
   00371    0.3900   -1068.7379  0.5424 
   00372    0.4775   -1055.7186  0.5262 
   00373    0.4525   -1059.7522  0.5305 
   00374    0.4475   -1012.4711  0.4968 
   00375    0.4475   -1016.8744  0.4980 
   00376    0.4450   -1060.2869  0.4981 
   00377    0.4325   -1081.6635  0.5210 
   00378    0.4375   -1076.0901  0.5394 
   00379    0.4400   -1107.0494  0.5721 
   00380    0.4425   -1081.9498  0.5504 
   00381    0.4650   -1115.8496  0.5701 
   00382    0.4350   -1095.5751  0.5643 
   00383    0.4400   -1085.1466  0.5480 
   00384    0.4100   -1087.4464  0.5421 
   00385    0.4550   -1091.8519  0.5356 
   00386    0.4275   -1059.3205  0.4966 
   00387    0.4650   -1047.1779  0.4810 
   00388    0.4725   -1047.8642  0.4691 
   00389    0.4850   -1073.4448  0.4576 
   00390    0.4375   -1072.0259  0.4546 
   00391    0.4375   -1090.1983  0.5001 
   00392    0.4525   -1068.5842  0.4743 
   00393    0.4400   -1055.3605  0.4562 
   00394    0.4450   -1081.3588  0.4555 
   00395    0.4225   -1086.6105  0.4452 
   00396    0.4375   -1077.5293  0.4377 
   00397    0.4300   -1062.6120  0.4333 
   00398    0.4500   -1061.3749  0.4681 
   00399    0.4800   -1050.7998  0.4875 
   00400    0.4675   -1055.5548  0.4871 
   00401    0.4550   -1029.5170  0.4658 
   00402    0.4900   -1035.4528  0.4996 
   00403    0.4950   -1015.6245  0.4894 
   00404    0.4300   -1003.3090  0.4753 
   00405    0.4500   -1028.9073  0.4790 
   00406    0.4725   -1003.4244  0.4517 
   00407    0.4825   -1015.7728  0.4555 
   00408    0.4700   -1029.9887  0.4831 
   00409    0.4300   -1023.5955  0.4977 
   00410    0.4575   -1025.6722  0.4934 
   00411    0.4775    -979.7865  0.4859 
   00412    0.4300    -971.8892  0.4948 
   00413    0.4550    -969.3544  0.4972 
   00414    0.5275   -1036.6991  0.5078 
   00415    0.4325   -1002.1356  0.4832 
   00416    0.4625    -976.8381  0.4469 
   00417    0.4950    -975.8302  0.4830 
   00418    0.4925    -973.0863  0.5070 
   00419    0.4225    -994.9760  0.4726 
   00420    0.4775   -1015.7604  0.4998 
   00421    0.4600    -994.9624  0.4800 
   00422    0.4525    -983.2680  0.4942 
   00423    0.4800    -961.0052  0.4744 
   00424    0.4650    -976.8695  0.4715 
   00425    0.4700   -1023.9206  0.4648 
   00426    0.4625   -1014.5731  0.4610 
   00427    0.4125   -1047.1457  0.4296 
   00428    0.4725   -1054.2670  0.4299 
   00429    0.4575   -1061.4131  0.4234 
   00430    0.4625   -1029.0449  0.4211 
   00431    0.4125   -1033.4707  0.4008 
   00432    0.4150   -1058.4962  0.4071 
   00433    0.4125   -1070.2363  0.4330 
   00434    0.5000   -1053.5726  0.4352 
   00435    0.4525   -1046.2402  0.4439 
   00436    0.4075   -1098.6855  0.4378 
   00437    0.4450   -1070.4829  0.4457 
   00438    0.4375   -1109.5147  0.4464 
   00439    0.4400   -1088.9980  0.4356 
   00440    0.4450   -1085.7262  0.4355 
   00441    0.4375   -1105.8533  0.4409 
   00442    0.4275   -1087.1776  0.4605 
   00443    0.4700   -1053.5530  0.4558 
   00444    0.3925   -1080.7737  0.4444 
   00445    0.4125   -1062.4575  0.4693 
   00446    0.4700   -1088.3678  0.4739 
   00447    0.4550   -1090.5744  0.4637 
   00448    0.4175   -1109.7742  0.4584 
   00449    0.3925   -1092.9639  0.4480 
   00450    0.4350   -1060.9078  0.4513 
   00451    0.4400   -1047.5236  0.4489 
   00452    0.4700   -1047.8609  0.4301 
   00453    0.4425   -1042.9585  0.4422 
   00454    0.4875   -1021.1483  0.4268 
   00455    0.4850   -1011.0282  0.4203 
   00456    0.5275    -990.2173  0.4144 
   00457    0.4575    -982.2207  0.4409 
   00458    0.4525   -1007.5392  0.4185 
   00459    0.4750   -1037.8397  0.3926 
   00460    0.4750   -1034.5959  0.3855 
   00461    0.4800   -1034.8364  0.3774 
   00462    0.4475   -1027.2487  0.3953 
   00463    0.4275   -1038.5077  0.4061 
   00464    0.4500   -1033.8194  0.4046 
   00465    0.4150   -1043.3588  0.4339 
   00466    0.4225   -1002.1278  0.4284 
   00467    0.4500   -1021.5799  0.4442 
   00468    0.4850   -1033.6384  0.4410 
   00469    0.4425   -1021.8643  0.4268 
   00470    0.4725   -1026.9576  0.4191 
   00471    0.4925    -995.1826  0.4404 
   00472    0.4750    -991.2376  0.4394 
   00473    0.4675   -1023.9546  0.4661 
   00474    0.4375   -1046.9686  0.4825 
   00475    0.4550   -1047.0853  0.4671 
   00476    0.4475   -1072.3566  0.4669 
   00477    0.4250   -1025.7114  0.4492 
   00478    0.4475   -1005.2665  0.4050 
   00479    0.4650   -1004.3003  0.3961 
   00480    0.4850    -974.6116  0.3866 
   00481    0.4500   -1013.2806  0.4176 
   00482    0.4825   -1052.8035  0.4246 
   00483    0.4450   -1045.5573  0.3989 
   00484    0.4400    -997.2481  0.3902 
   00485    0.5025    -986.8556  0.3658 
   00486    0.4775    -967.5829  0.4085 
   00487    0.4750    -959.6839  0.4179 
   00488    0.5050    -960.5953  0.4293 
   00489    0.4750    -936.3785  0.4319 
   00490    0.4700    -991.5709  0.4262 
   00491    0.4800   -1020.4968  0.4318 
   00492    0.4325   -1011.4979  0.4346 
   00493    0.4475   -1026.7927  0.4578 
   00494    0.4325   -1002.6609  0.4624 
   00495    0.4600    -977.3949  0.4172 
   00496    0.4625    -994.5626  0.4157 
   00497    0.4825   -1032.0552  0.4138 
   00498    0.4900    -992.1292  0.4051 
   00499    0.4375    -976.8598  0.4373 
   00500    0.4825    -998.6498  0.4480 
   00501    0.5175   -1012.1869  0.4557 
   00502    0.4875    -970.5763  0.4830 
   00503    0.4725    -961.9863  0.4838 
   00504    0.5075    -988.9947  0.4943 
   00505    0.4675    -995.9459  0.5340 
   00506    0.4500   -1012.2837  0.5378 
   00507    0.4850   -1020.9095  0.5428 
   00508    0.5025   -1025.0241  0.5408 
   00509    0.4450   -1028.6958  0.5420 
   00510    0.5300   -1030.8758  0.5391 
   00511    0.4900   -1046.5893  0.5550 
   00512    0.4075   -1059.9763  0.5436 
   00513    0.4625   -1046.3475  0.5393 
   00514    0.4850   -1011.3807  0.5153 
   00515    0.4700    -985.2335  0.5070 
   00516    0.4450    -983.4578  0.5058 
   00517    0.5150    -977.4330  0.5186 
   00518    0.4325    -996.2766  0.5537 
   00519    0.4700   -1057.6729  0.5868 
   00520    0.4825   -1051.4707  0.6019 
   00521    0.4400   -1050.2591  0.6068 
   00522    0.4250   -1049.4760  0.6151 
   00523    0.4550   -1042.1890  0.6134 
   00524    0.4375   -1068.0182  0.6100 
   00525    0.5050   -1066.5836  0.6306 
   00526    0.4775   -1041.7884  0.6308 
   00527    0.4675   -1087.2724  0.6531 
   00528    0.4250   -1079.3044  0.6675 
   00529    0.4275   -1080.8605  0.6747 
   00530    0.4400   -1090.6177  0.6550 
   00531    0.4250   -1096.7059  0.6415 
   00532    0.3850   -1101.3074  0.6532 
   00533    0.4175   -1095.3301  0.6341 
   00534    0.4275   -1063.8414  0.6349 
   00535    0.4200   -1041.7707  0.5968 
   00536    0.4750   -1027.7300  0.5803 
   00537    0.4025   -1091.5192  0.6394 
   00538    0.4275   -1104.9102  0.6341 
   00539    0.4625   -1080.5432  0.6289 
   00540    0.3700   -1102.8066  0.6342 
   00541    0.4075   -1086.0777  0.6365 
   00542    0.3975   -1049.0467  0.6325 
   00543    0.4300   -1061.1603  0.6411 
   00544    0.4600   -1089.4387  0.6586 
   00545    0.5000   -1089.7506  0.6422 
   00546    0.4475   -1089.5398  0.6336 
   00547    0.4250   -1061.7001  0.6271 
   00548    0.4375   -1059.9744  0.6289 
   00549    0.4350   -1071.3646  0.6196 
   00550    0.4375   -1106.2870  0.6258 
   00551    0.4300   -1077.6521  0.6128 
   00552    0.4525   -1069.6752  0.5847 
   00553    0.4275   -1078.4278  0.5874 
   00554    0.4500   -1069.4242  0.6023 
   00555    0.4050   -1111.8152  0.6158 
   00556    0.4425   -1100.4649  0.6149 
   00557    0.4025   -1116.0858  0.5920 
   00558    0.4350   -1054.6409  0.5496 
   00559    0.4600   -1032.5887  0.5281 
   00560    0.5000   -1059.5619  0.5148 
   00561    0.4125   -1053.2567  0.5351 
   00562    0.4950   -1030.7708  0.5430 
   00563    0.5200   -1059.6243  0.5406 
   00564    0.4575   -1071.5988  0.5765 
   00565    0.4525   -1070.3256  0.5895 
   00566    0.4400   -1064.1496  0.5800 
   00567    0.4775   -1058.6119  0.5732 
   00568    0.4550   -1061.8360  0.5504 
   00569    0.4500   -1009.5850  0.5308 
   00570    0.5000   -1014.1520  0.5279 
   00571    0.5175    -995.9936  0.5038 
   00572    0.4375    -971.9780  0.5032 
   00573    0.4700    -966.3370  0.4894 
   00574    0.4725    -957.3196  0.4982 
   00575    0.4175    -965.8827  0.4934 
   00576    0.4675    -996.0621  0.4845 
   00577    0.4800   -1010.8869  0.4975 
   00578    0.4525    -993.7448  0.5011 
   00579    0.4875    -986.1235  0.4749 
   00580    0.4425    -991.9757  0.4725 
   00581    0.4650   -1000.5122  0.4563 
   00582    0.4675    -995.2800  0.4716 
   00583    0.4225   -1008.7094  0.4866 
   00584    0.4750   -1007.6508  0.4929 
   00585    0.4275   -1050.0991  0.5116 
   00586    0.4825   -1030.4402  0.5429 
   00587    0.4725   -1062.8700  0.5350 
   00588    0.4175   -1048.3475  0.5543 
   00589    0.4700   -1030.1412  0.5565 
   00590    0.4050   -1035.3243  0.5600 
   00591    0.4425   -1053.1485  0.5505 
   00592    0.4350   -1048.1621  0.5477 
   00593    0.4775   -1050.9594  0.5688 
   00594    0.4575   -1029.0345  0.5772 
   00595    0.4675   -1024.9170  0.5688 
   00596    0.4100   -1017.1501  0.5762 
   00597    0.4500   -1036.6509  0.5683 
   00598    0.4575   -1011.6263  0.5286 
   00599    0.4450   -1020.6940  0.5389 
   00600    0.4450   -1039.8709  0.5552 
   00601    0.4700   -1063.0137  0.5524 
   00602    0.4600   -1042.4768  0.5351 
   00603    0.4775   -1035.6229  0.5314 
   00604    0.4275   -1033.1701  0.5080 
   00605    0.4300   -1053.1439  0.5443 
   00606    0.4350   -1080.1257  0.5734 
   00607    0.4450   -1083.2088  0.5391 
   00608    0.4650   -1065.8354  0.5290 
   00609    0.4750   -1045.5064  0.5114 
   00610    0.4625   -1019.4104  0.5000 
   00611    0.4650   -1019.6130  0.4992 
   00612    0.4675   -1011.5092  0.5143 
   00613    0.4525   -1013.5928  0.5150 
   00614    0.4675   -1019.6639  0.4873 
   00615    0.4650    -998.4646  0.4805 
   00616    0.4375    -972.8451  0.4659 
   00617    0.5075    -996.7012  0.4463 
   00618    0.4650   -1013.4581  0.4597 
   00619    0.4625   -1029.2154  0.4438 
   00620    0.4825   -1000.4615  0.4281 
   00621    0.4575   -1010.5318  0.4437 
   00622    0.4550   -1026.9420  0.4488 
   00623    0.4275   -1056.0124  0.4434 
   00624    0.4150   -1034.5408  0.4518 
   00625    0.4425   -1073.0549  0.4273 
   00626    0.4200   -1057.3237  0.4317 
   00627    0.3975   -1053.9570  0.4512 
   00628    0.4475   -1072.7507  0.4489 
   00629    0.3975   -1038.7203  0.4528 
   00630    0.4575   -1068.1295  0.4552 
   00631    0.4475   -1050.5873  0.4410 
   00632    0.4900   -1022.2922  0.4198 
   00633    0.4300   -1044.5824  0.4139 
   00634    0.4650   -1050.6912  0.4241 
   00635    0.4400   -1059.1524  0.4396 
   00636    0.4375   -1039.7430  0.4639 
   00637    0.4500   -1000.7987  0.4513 
   00638    0.4300   -1034.8896  0.4348 
   00639    0.4050   -1051.9521  0.4576 
   00640    0.4675   -1038.4889  0.4753 
   00641    0.4675   -1020.5262  0.4723 
   00642    0.4550   -1000.7473  0.4489 
   00643    0.4675   -1001.5757  0.4601 
   00644    0.4950    -999.5218  0.4362 
   00645    0.4875    -957.3704  0.4372 
   00646    0.4775    -952.9040  0.4213 
   00647    0.4950    -935.2657  0.4085 
   00648    0.5275    -930.5628  0.4646 
   00649    0.4825    -948.2166  0.4559 
   00650    0.4400    -998.1375  0.4567 
   00651    0.4425    -997.7875  0.4508 
   00652    0.4425    -993.8148  0.4300 
   00653    0.4750    -967.6207  0.4444 
   00654    0.4975    -976.4373  0.4323 
   00655    0.4675    -990.0505  0.4417 
   00656    0.4350    -974.2157  0.4566 
   00657    0.4475    -996.3954  0.4550 
   00658    0.4825   -1001.2592  0.4626 
   00659    0.4925   -1040.8390  0.4753 
   00660    0.4775   -1035.9629  0.5010 
   00661    0.4875   -1023.0886  0.5024 
   00662    0.4425    -986.4656  0.4855 
   00663    0.4750    -991.6998  0.4949 
   00664    0.4575    -994.7865  0.5185 
   00665    0.4750   -1006.6301  0.5389 
   00666    0.4525   -1011.6287  0.5291 
   00667    0.4700   -1022.0682  0.5305 
   00668    0.4650   -1000.0747  0.5022 
   00669    0.4425    -981.7124  0.4833 
   00670    0.4650    -982.9530  0.4758 
   00671    0.5025   -1014.6728  0.5154 
   00672    0.4575   -1002.2092  0.4933 
   00673    0.4700    -981.1913  0.4717 
   00674    0.4950    -969.4715  0.4446 
   00675    0.4825    -991.9832  0.4453 
   00676    0.4475    -974.6423  0.4600 
   00677    0.4425    -939.8426  0.4442 
   00678    0.4375    -959.4764  0.4408 
   00679    0.4625    -958.2011  0.4337 
   00680    0.5325    -990.2424  0.4301 
   00681    0.4550   -1005.7051  0.4336 
   00682    0.4425    -990.4039  0.4099 
   00683    0.4950    -969.7532  0.3546 
   00684    0.4750    -975.5509  0.3708 
   00685    0.4775    -967.5298  0.3768 
   00686    0.5050    -965.3628  0.3519 
   00687    0.5200    -941.9405  0.3584 
   00688    0.4950    -930.1821  0.3254 
   00689    0.5150    -927.2931  0.3260 
   00690    0.4750    -946.7061  0.3309 
   00691    0.5550    -960.2536  0.2989 
   00692    0.4850    -916.4862  0.2508 
   00693    0.4825    -940.3269  0.2751 
   00694    0.4800    -947.7482  0.3085 
   00695    0.5275    -942.1346  0.2934 
   00696    0.4575    -946.1584  0.3060 
   00697    0.5025    -967.2682  0.3362 
   00698    0.4650    -954.4140  0.3188 
   00699    0.4675    -998.4824  0.3437 
   00700    0.4750   -1018.6004  0.3182 
   00701    0.4450   -1012.6403  0.3214 
   00702    0.4275   -1061.7783  0.3368 
   00703    0.4750   -1058.0208  0.3324 
   00704    0.4350   -1072.7597  0.3249 
   00705    0.4625   -1024.1758  0.2940 
   00706    0.4175   -1022.5461  0.2965 
   00707    0.4300    -999.0372  0.3072 
   00708    0.5300   -1006.5299  0.2914 
   00709    0.5025   -1018.9125  0.3174 
   00710    0.4375   -1003.8831  0.3321 
   00711    0.4800   -1002.0691  0.3486 
   00712    0.4875   -1011.8872  0.3521 
   00713    0.4650    -988.3306  0.3588 
   00714    0.4650    -982.8512  0.3497 
   00715    0.4375    -956.4398  0.3438 
   00716    0.4700    -979.2680  0.3475 
   00717    0.4775   -1008.2917  0.3488 
   00718    0.5175   -1023.1700  0.3482 
   00719    0.4650   -1012.8793  0.3723 
   00720    0.4575   -1018.5892  0.3802 
   00721    0.4400   -1007.4969  0.3911 
   00722    0.4225   -1041.1390  0.3647 
   00723    0.4500   -1037.3453  0.3671 
   00724    0.4800   -1030.6873  0.3765 
   00725    0.4425   -1048.8841  0.4012 
   00726    0.4800   -1014.2526  0.3979 
   00727    0.4875    -982.5037  0.3909 
   00728    0.4825    -988.7510  0.3989 
   00729    0.4575   -1035.9589  0.4146 
   00730    0.4750   -1028.4061  0.4233 
   00731    0.4775   -1035.7073  0.4123 
   00732    0.4650   -1071.7563  0.4474 
   00733    0.4475   -1066.6517  0.4596 
   00734    0.4400   -1055.5134  0.4371 
   00735    0.3950   -1083.8013  0.4477 
   00736    0.4475   -1073.3360  0.4527 
   00737    0.4175   -1051.4745  0.4487 
   00738    0.4725   -1044.0111  0.4342 
   00739    0.4000   -1037.3832  0.4225 
   00740    0.4550    -989.7357  0.4190 
   00741    0.4325   -1006.2350  0.3971 
   00742    0.4825    -997.4735  0.4157 
   00743    0.4425    -997.3878  0.4290 
   00744    0.4675    -960.5966  0.4514 
   00745    0.4775   -1004.9300  0.4545 
   00746    0.4950   -1032.6939  0.4932 
   00747    0.4800   -1030.5833  0.4836 
   00748    0.4150   -1060.0782  0.4747 
   00749    0.4350   -1079.6414  0.4716 
   00750    0.4675   -1049.5882  0.4743 
   00751    0.4450   -1048.7845  0.4543 
   00752    0.4750   -1052.1704  0.4435 
   00753    0.4075   -1047.0457  0.4422 
   00754    0.4750   -1024.1431  0.4431 
   00755    0.4575   -1032.5935  0.4384 
   00756    0.4925    -999.8189  0.4386 
   00757    0.4825   -1001.0785  0.4638 
   00758    0.4100   -1001.4633  0.4877 
   00759    0.4575   -1034.8455  0.5130 
   00760    0.4925   -1040.2655  0.5045 
   00761    0.5200   -1027.3363  0.5189 
   00762    0.4750   -1020.4377  0.5219 
   00763    0.4850   -1029.3887  0.5286 
   00764    0.4325   -1021.8082  0.5436 
   00765    0.4500   -1017.0123  0.5378 
   00766    0.4025   -1045.2310  0.5509 
   00767    0.4775   -1067.8934  0.5396 
   00768    0.4800   -1050.4576  0.5344 
   00769    0.4525   -1086.3520  0.5275 
   00770    0.4650   -1070.1100  0.5193 
   00771    0.4225   -1037.8880  0.4857 
   00772    0.4875   -1059.6864  0.4897 
   00773    0.4550   -1049.7010  0.4842 
   00774    0.4375   -1047.6416  0.4690 
   00775    0.4600   -1046.0661  0.4505 
   00776    0.4650   -1046.4957  0.4266 
   00777    0.4325   -1055.0067  0.4336 
   00778    0.4775   -1008.0735  0.4114 
   00779    0.4150    -995.5679  0.4067 
   00780    0.4400    -970.4353  0.4069 
   00781    0.4975    -959.4525  0.4031 
   00782    0.4550    -975.6274  0.3717 
   00783    0.4850    -993.4171  0.3704 
   00784    0.4925    -990.5390  0.3665 
   00785    0.5000    -971.8702  0.3652 
   00786    0.4450    -983.6701  0.3505 
   00787    0.5075    -986.0202  0.3786 
   00788    0.4450    -985.6049  0.4147 
   00789    0.4625   -1035.9967  0.4308 
   00790    0.4250   -1070.3972  0.4420 
   00791    0.4125   -1045.2223  0.4152 
   00792    0.4375   -1012.4795  0.3892 
   00793    0.4150   -1023.8655  0.3775 
   00794    0.4850   -1027.6899  0.3682 
   00795    0.4400   -1015.6205  0.3454 
   00796    0.4600   -1004.5562  0.3553 
   00797    0.5275   -1023.7993  0.3695 
   00798    0.5075   -1012.9484  0.3675 
   00799    0.4925   -1033.4117  0.3457 
   00800    0.4950   -1000.7591  0.3645 
   00801    0.4225   -1003.4831  0.4021 
   00802    0.4600   -1062.7670  0.4259 
   00803    0.4350   -1065.8557  0.4200 
   00804    0.4850   -1040.0521  0.4053 
   00805    0.4375    -992.4278  0.3698 
   00806    0.4900   -1031.7399  0.3863 
   00807    0.4325    -977.1641  0.3874 
   00808    0.5150   -1010.4756  0.3655 
   00809    0.4250    -999.1537  0.3455 
   00810    0.4875   -1017.5101  0.3436 
   00811    0.4525   -1021.4895  0.3526 
   00812    0.4800   -1046.8282  0.3556 
   00813    0.4225   -1049.0689  0.3719 
   00814    0.4200   -1018.3043  0.3533 
   00815    0.4450   -1018.4432  0.3539 
   00816    0.4925   -1002.4844  0.3524 
   00817    0.4325   -1012.5584  0.3488 
   00818    0.4775   -1004.9227  0.3375 
   00819    0.4600   -1024.6118  0.3527 
   00820    0.4600   -1067.1552  0.3305 
   00821    0.4500   -1035.8453  0.3587 
   00822    0.4500   -1031.7258  0.3463 
   00823    0.4450   -1014.2143  0.3332 
   00824    0.4725   -1043.7302  0.3514 
   00825    0.4600   -1033.4305  0.3586 
   00826    0.4275   -1006.1175  0.3712 
   00827    0.4550   -1046.8705  0.3695 
   00828    0.3750   -1031.6883  0.3913 
   00829    0.4625   -1021.9593  0.3660 
   00830    0.5400   -1034.7456  0.3882 
   00831    0.4375   -1036.8797  0.4069 
   00832    0.4700   -1036.6154  0.3940 
   00833    0.4175   -1025.7073  0.3909 
   00834    0.5125    -995.0060  0.3830 
   00835    0.4650   -1026.7527  0.3843 
   00836    0.4825   -1003.0593  0.3755 
   00837    0.5250    -995.8947  0.3535 
   00838    0.4825   -1025.5400  0.3837 
   00839    0.4650   -1021.9199  0.3862 
   00840    0.4550   -1023.1858  0.3602 
   00841    0.4525   -1048.9175  0.3715 
   00842    0.4450   -1044.0120  0.3820 
   00843    0.4675   -1016.0730  0.3745 
   00844    0.4750   -1003.5189  0.3841 
   00845    0.4900    -990.1451  0.3831 
   00846    0.4850    -949.6008  0.3747 
   00847    0.4550    -958.3574  0.3576 
   00848    0.5100    -998.7180  0.3768 
   00849    0.5325   -1009.9875  0.3720 
   00850    0.4875    -981.4093  0.3800 
   00851    0.4300   -1005.2599  0.3765 
   00852    0.4500    -977.3034  0.3817 
   00853    0.4850    -973.5384  0.4211 
   00854    0.4450    -963.4017  0.4294 
   00855    0.5075   -1002.8844  0.4446 
   00856    0.4725   -1007.8443  0.4695 
   00857    0.5375    -980.3274  0.4498 
   00858    0.4300    -979.5901  0.4284 
   00859    0.4750    -992.7302  0.4504 
   00860    0.4625   -1016.9983  0.4741 
   00861    0.4475    -992.6591  0.4805 
   00862    0.5225   -1023.8125  0.4879 
   00863    0.4500   -1007.9342  0.5029 
   00864    0.4625   -1016.8555  0.4954 
   00865    0.4850   -1034.0590  0.4755 
   00866    0.4700   -1046.2025  0.4606 
   00867    0.4850   -1062.4776  0.4538 
   00868    0.4325   -1060.2832  0.4891 
   00869    0.4675   -1035.3744  0.4890 
   00870    0.4625   -1047.7399  0.4917 
   00871    0.4500   -1013.8299  0.4891 
   00872    0.4250    -999.4916  0.5101 
   00873    0.4225   -1016.8058  0.4949 
   00874    0.4525   -1007.3146  0.4876 
   00875    0.4475   -1030.3600  0.5021 
   00876    0.4275   -1040.6910  0.5130 
   00877    0.4400   -1095.2518  0.5301 
   00878    0.4725   -1087.0631  0.5427 
   00879    0.4400   -1057.4439  0.5473 
   00880    0.4400   -1046.5288  0.5399 
   00881    0.4175   -1035.5547  0.5327 
   00882    0.4700   -1036.2875  0.5309 
   00883    0.4450   -1036.9153  0.5109 
   00884    0.4475   -1041.9091  0.5138 
   00885    0.4500   -1013.0919  0.4878 
   00886    0.4675   -1007.4600  0.5068 
   00887    0.5250   -1003.4087  0.4881 
   00888    0.4775   -1020.0975  0.4812 
   00889    0.4500   -1035.9203  0.5056 
   00890    0.5050   -1018.7635  0.5297 
   00891    0.4950   -1022.5405  0.5139 
   00892    0.4575   -1026.0810  0.5075 
   00893    0.4700   -1019.4414  0.5025 
   00894    0.4250    -997.0378  0.5079 
   00895    0.4700   -1031.9751  0.5326 
   00896    0.4750   -1038.9545  0.5290 
   00897    0.4000   -1039.9800  0.5081 
   00898    0.4725   -1031.2957  0.4981 
   00899    0.4550   -1032.1313  0.5252 
   00900    0.4425   -1078.9734  0.5477 
   00901    0.4075   -1090.9166  0.5476 
   00902    0.4075   -1080.6354  0.5497 
   00903    0.4700   -1099.8637  0.5597 
   00904    0.4375   -1075.4356  0.5596 
   00905    0.4525   -1087.2645  0.5455 
   00906    0.4275   -1141.7383  0.5632 
   00907    0.4625   -1080.9538  0.5282 
   00908    0.4375   -1096.8354  0.5339 
   00909    0.4400   -1089.5033  0.5253 
   00910    0.4675   -1079.6421  0.5121 
   00911    0.4675   -1079.4967  0.4982 
   00912    0.4750   -1073.9894  0.4953 
   00913    0.4400   -1080.6168  0.4996 
   00914    0.3875   -1102.5886  0.4924 
   00915    0.4075   -1107.9721  0.4886 
   00916    0.3850   -1114.5720  0.4855 
   00917    0.4275   -1080.4180  0.4902 
   00918    0.4600   -1076.0197  0.4818 
   00919    0.4675   -1089.9900  0.4760 
   00920    0.4500   -1040.6240  0.4511 
   00921    0.4550   -1040.4677  0.4532 
   00922    0.4525   -1077.1100  0.4734 
   00923    0.4175   -1069.6929  0.4443 
   00924    0.4700   -1043.3384  0.4407 
   00925    0.4625   -1046.8133  0.4459 
   00926    0.4800   -1029.7898  0.4314 
   00927    0.4200   -1024.1912  0.4290 
   00928    0.4450   -1020.7037  0.4421 
   00929    0.4725    -997.4376  0.4463 
   00930    0.4425   -1019.8121  0.4555 
   00931    0.4525   -1041.3917  0.4623 
   00932    0.5025   -1025.0063  0.4532 
   00933    0.4450   -1029.0849  0.4486 
   00934    0.4725   -1005.4080  0.4673 
   00935    0.4975    -999.4986  0.4830 
   00936    0.4600   -1020.0996  0.4517 
   00937    0.4575   -1005.5047  0.4374 
   00938    0.4950    -991.4588  0.4602 
   00939    0.4600   -1002.6595  0.4637 
   00940    0.4700   -1006.9327  0.4306 
   00941    0.4625   -1025.9757  0.4172 
   00942    0.4700   -1034.2191  0.3959 
   00943    0.5000   -1036.4535  0.3867 
   00944    0.4425   -1012.4145  0.3936 
   00945    0.4375   -1016.8957  0.4081 
   00946    0.4725   -1013.0701  0.4226 
   00947    0.4800    -975.0078  0.4165 
   00948    0.4950    -992.6777  0.4678 
   00949    0.4525   -1007.1189  0.4617 
   00950    0.4225   -1005.1580  0.4438 
   00951    0.4275   -1010.1662  0.4295 
   00952    0.4500    -999.8857  0.4045 
   00953    0.4975    -991.5818  0.4151 
   00954    0.4800    -994.9841  0.4053 
   00955    0.4800   -1034.7359  0.4173 
   00956    0.4525   -1032.7319  0.4246 
   00957    0.4775   -1031.4017  0.4455 
   00958    0.4500   -1025.7737  0.4548 
   00959    0.4050   -1023.1981  0.4030 
   00960    0.4350   -1013.5595  0.3912 
   00961    0.4675   -1025.5969  0.4086 
   00962    0.4500   -1026.3228  0.4392 
   00963    0.4600   -1020.9363  0.4313 
   00964    0.4450   -1029.2779  0.4175 
   00965    0.4375   -1018.8649  0.4201 
   00966    0.4225   -1048.0644  0.4080 
   00967    0.4350   -1041.0341  0.3856 
   00968    0.5025   -1032.3697  0.4020 
   00969    0.4725   -1035.7315  0.3882 
   00970    0.4775   -1038.8236  0.4149 
   00971    0.4475   -1041.1692  0.4168 
   00972    0.4225    -999.3247  0.4194 
   00973    0.4525   -1001.1598  0.4196 
   00974    0.4175    -965.4188  0.4102 
   00975    0.4950   -1010.0860  0.4169 
   00976    0.4425   -1034.0328  0.4246 
   00977    0.4750   -1029.0165  0.3939 
   00978    0.4700   -1069.0937  0.3894 
   00979    0.4525   -1031.1482  0.3679 
   00980    0.4450   -1038.3400  0.3455 
   00981    0.4700   -1024.9775  0.3625 
   00982    0.4325   -1015.8651  0.3786 
   00983    0.4275   -1002.3862  0.3609 
   00984    0.4350   -1004.0017  0.3422 
   00985    0.4800   -1022.8764  0.3339 
   00986    0.5175   -1034.7119  0.3490 
   00987    0.4325   -1041.7292  0.3535 
   00988    0.4750   -1030.6104  0.3371 
   00989    0.4525   -1028.1738  0.3464 
   00990    0.4475   -1034.6694  0.3727 
   00991    0.4350   -1069.7458  0.3796 
   00992    0.4550   -1053.2913  0.3993 
   00993    0.4250   -1096.8852  0.4130 
   00994    0.4175   -1069.9476  0.4112 
   00995    0.4600   -1066.2914  0.4007 
   00996    0.4750   -1081.6864  0.4286 
   00997    0.4350   -1100.3018  0.4239 
   00998    0.4075   -1106.0004  0.4224 
   00999    0.4175   -1106.4840  0.4411 
   01000    0.4125   -1119.9959  0.4410 
