#=====================================================
# File created:        Fri-08-Mar-2024-at-05-16-30PM
# Size of lattice:     10x10
# Number of MC steps:  1000
# Reduced temperature: 1.000
# Run time (s):        12.732216
#=====================================================
# MC step:  Ratio:     Energy:   Order:
#=====================================================
   00000    0.5000     -93.5975  0.3209 
   00001    0.7300    -142.0678  0.3169 
   00002    0.6300    -169.7841  0.2833 
   00003    0.5600    -188.1876  0.3472 
   00004    0.6500    -192.3390  0.4325 
   00005    0.5200    -195.3821  0.4331 
   00006    0.5500    -203.4358  0.4363 
   00007    0.4600    -199.0415  0.3570 
   00008    0.4900    -167.7622  0.3199 
   00009    0.5800    -186.9597  0.3723 
   00010    0.6000    -177.0427  0.3738 
   00011    0.6400    -187.1611  0.2967 
   00012    0.6400    -202.3598  0.3445 
   00013    0.4500    -214.9879  0.4106 
   00014    0.5200    -235.2239  0.4511 
   00015    0.4900    -236.1003  0.4388 
   00016    0.5800    -216.4646  0.4683 
   00017    0.5500    -233.2134  0.4885 
   00018    0.6000    -216.5241  0.4761 
   00019    0.6000    -212.3684  0.4512 
   00020    0.5800    -212.4527  0.3335 
   00021    0.5300    -214.1727  0.4166 
   00022    0.5100    -223.6931  0.3941 
   00023    0.4800    -243.8478  0.4301 
   00024    0.5300    -224.9177  0.4403 
   00025    0.4400    -228.1333  0.4729 
   00026    0.6000    -244.9837  0.4702 
   00027    0.6100    -230.4973  0.4217 
   00028    0.4300    -209.6053  0.3792 
   00029    0.5500    -196.8827  0.3298 
   00030    0.5600    -198.6971  0.3309 
   00031    0.4400    -227.6627  0.4230 
   00032    0.5200    -202.5511  0.3920 
   00033    0.5600    -217.9505  0.3665 
   00034    0.5600    -213.7538  0.4155 
   00035    0.5000    -223.8943  0.4266 
   00036    0.4800    -229.7289  0.4570 
   00037    0.4900    -237.5338  0.5184 
   00038    0.4700    -242.0925  0.5275 
   00039    0.4000    -247.9538  0.5329 
   00040    0.4900    -229.9011  0.4804 
   00041    0.4500    -239.8138  0.5013 
   00042    0.5000    -212.4666  0.5002 
   00043    0.6000    -189.5631  0.4816 
   00044    0.5700    -197.5286  0.4131 
   00045    0.5900    -222.9126  0.3910 
   00046    0.4800    -222.2406  0.3078 
   00047    0.5700    -211.3574  0.3383 
   00048    0.5100    -215.4805  0.3995 
   00049    0.5000    -223.9454  0.4076 
   00050    0.3900    -234.7303  0.4156 
   00051    0.5700    -224.0937  0.3075 
   00052    0.5100    -231.6205  0.2907 
   00053    0.4900    -231.6403  0.2928 
   00054    0.4500    -229.3190  0.2981 
   00055    0.5100    -235.1479  0.2764 
   00056    0.5300    -226.3080  0.3788 
   00057    0.5300    -228.4980  0.3901 
   00058    0.4700    -219.7236  0.3937 
   00059    0.6000    -204.6265  0.3285 
   00060    0.4900    -231.3190  0.4087 
   00061    0.4900    -229.3873  0.4642 
   00062    0.5700    -242.1504  0.4630 
   00063    0.5200    -233.6800  0.4731 
   00064    0.5300    -240.9133  0.4504 
   00065    0.4500    -235.9145  0.4499 
   00066    0.4500    -234.1500  0.4709 
   00067    0.4900    -236.5603  0.4693 
   00068    0.4600    -237.7527  0.4632 
   00069    0.4500    -238.2034  0.4249 
   00070    0.4000    -235.6725  0.4574 
   00071    0.4600    -223.4537  0.4898 
   00072    0.5300    -230.1619  0.4723 
   00073    0.4200    -248.4504  0.4813 
   00074    0.4300    -234.9904  0.4907 
   00075    0.5400    -249.6874  0.5517 
   00076    0.4700    -253.8983  0.5221 
   00077    0.4500    -257.7318  0.5014 
   00078    0.4700    -265.9694  0.5259 
   00079    0.4300    -263.7526  0.5206 
   00080    0.4900    -256.9901  0.5327 
   00081    0.4900    -259.1797  0.5738 
   00082    0.4800    -262.8597  0.5563 
   00083    0.4100    -256.9693  0.6210 
   00084    0.4000    -249.1613  0.6147 
   00085    0.5900    -252.5566  0.6251 
   00086    0.4800    -262.8928  0.6474 
   00087    0.4700    -248.9363  0.6030 
   00088    0.4700    -233.3194  0.5313 
   00089    0.5400    -234.0350  0.5158 
   00090    0.4800    -228.7967  0.5376 
   00091    0.4600    -225.9769  0.4894 
   00092    0.5500    -229.4014  0.5218 
   00093    0.5100    -218.4118  0.5703 
   00094    0.4900    -242.9201  0.6262 
   00095    0.4600    -239.1900  0.6246 
   00096    0.5300    -222.6729  0.6579 
   00097    0.4200    -240.2112  0.6635 
   00098    0.5300    -229.2942  0.6960 
   00099    0.5500    -230.9001  0.6422 
   00100    0.4800    -229.9542  0.6617 
   00101    0.4800    -243.8947  0.6702 
   00102    0.5700    -217.5095  0.6559 
   00103    0.5200    -219.2670  0.6012 
   00104    0.5300    -236.1915  0.5753 
   00105    0.4900    -238.4415  0.5822 
   00106    0.4600    -223.4146  0.5179 
   00107    0.4700    -229.6687  0.5153 
   00108    0.5700    -210.5308  0.5370 
   00109    0.4700    -215.0063  0.5806 
   00110    0.5700    -220.7193  0.5253 
   00111    0.6100    -232.4075  0.5306 
   00112    0.4600    -241.6242  0.5533 
   00113    0.4900    -249.6583  0.5615 
   00114    0.4500    -258.2857  0.5707 
   00115    0.4700    -257.3405  0.5551 
   00116    0.4400    -262.5450  0.6121 
   00117    0.4400    -266.5404  0.6109 
   00118    0.4100    -247.5207  0.6407 
   00119    0.4800    -250.8065  0.5900 
   00120    0.5000    -230.8923  0.5422 
   00121    0.5500    -243.8892  0.4310 
   00122    0.4500    -230.3640  0.4169 
   00123    0.5500    -239.3801  0.4173 
   00124    0.4900    -242.4544  0.4769 
   00125    0.5400    -241.8399  0.4717 
   00126    0.4300    -256.5052  0.4769 
   00127    0.3400    -251.7750  0.4629 
   00128    0.4800    -254.1349  0.4666 
   00129    0.4400    -255.2215  0.4628 
   00130    0.4600    -246.9901  0.4306 
   00131    0.5000    -227.6246  0.4028 
   00132    0.5800    -225.0960  0.3456 
   00133    0.5100    -228.7207  0.3476 
   00134    0.5800    -237.5503  0.3316 
   00135    0.4800    -209.0588  0.3539 
   00136    0.5300    -195.0190  0.3856 
   00137    0.6200    -212.2654  0.3724 
   00138    0.4400    -229.3259  0.4309 
   00139    0.4500    -224.2835  0.3862 
   00140    0.5700    -229.9452  0.4297 
   00141    0.4700    -220.3569  0.4602 
   00142    0.5200    -233.4536  0.5391 
   00143    0.4800    -236.9896  0.5304 
   00144    0.4700    -234.3940  0.5403 
   00145    0.5300    -236.2802  0.4822 
   00146    0.5000    -246.8492  0.5312 
   00147    0.5200    -244.2428  0.5548 
   00148    0.4200    -241.6532  0.5369 
   00149    0.5700    -243.8761  0.5054 
   00150    0.4200    -264.1320  0.5540 
   00151    0.3100    -260.6294  0.5345 
   00152    0.4000    -256.0265  0.5787 
   00153    0.4400    -253.2287  0.5275 
   00154    0.5400    -239.1116  0.5097 
   00155    0.4800    -242.9588  0.5696 
   00156    0.4600    -230.4245  0.5689 
   00157    0.4500    -245.3798  0.5900 
   00158    0.5600    -250.5922  0.6001 
   00159    0.5100    -246.2593  0.6055 
   00160    0.4400    -248.0054  0.5887 
   00161    0.4600    -237.1481  0.5729 
   00162    0.5000    -241.7266  0.6126 
   00163    0.5400    -252.7973  0.6301 
   00164    0.4100    -242.2756  0.5653 
   00165    0.4200    -247.0578  0.5806 
   00166    0.4500    -239.6028  0.5274 
   00167    0.4700    -234.1817  0.5146 
   00168    0.4200    -223.7763  0.5235 
   00169    0.6000    -212.1777  0.4607 
   00170    0.5500    -208.2349  0.3928 
   00171    0.4100    -219.7028  0.4114 
   00172    0.5200    -229.0432  0.4897 
   00173    0.4200    -243.8529  0.5270 
   00174    0.4800    -223.2701  0.5187 
   00175    0.4400    -229.3282  0.5543 
   00176    0.5000    -239.2958  0.5697 
   00177    0.5000    -247.3895  0.5221 
   00178    0.4300    -268.2474  0.5673 
   00179    0.4200    -262.6239  0.5811 
   00180    0.5000    -264.7734  0.5702 
   00181    0.4300    -275.2607  0.6063 
   00182    0.3700    -272.2229  0.6506 
   00183    0.4100    -266.6386  0.6296 
   00184    0.4700    -244.3246  0.6081 
   00185    0.4000    -244.2025  0.6686 
   00186    0.3500    -254.6187  0.6814 
   00187    0.4600    -239.0527  0.6709 
   00188    0.4900    -262.4612  0.6900 
   00189    0.5000    -261.4891  0.6481 
   00190    0.3800    -268.8702  0.6278 
   00191    0.4700    -260.5773  0.5847 
   00192    0.4800    -267.0927  0.5827 
   00193    0.4300    -287.2228  0.6707 
   00194    0.3800    -287.8922  0.6735 
   00195    0.4700    -268.7617  0.6662 
   00196    0.3700    -256.7953  0.6011 
   00197    0.4700    -267.0626  0.6263 
   00198    0.5300    -273.8194  0.6745 
   00199    0.4100    -272.1736  0.6081 
   00200    0.5300    -255.2531  0.6000 
   00201    0.5300    -241.7074  0.5761 
   00202    0.4600    -221.5487  0.4946 
   00203    0.5500    -209.5467  0.5382 
   00204    0.5500    -235.1728  0.5287 
   00205    0.5700    -234.3551  0.4880 
   00206    0.5500    -246.2340  0.4259 
   00207    0.5800    -240.9561  0.4531 
   00208    0.5200    -222.1175  0.5005 
   00209    0.4800    -229.8704  0.5089 
   00210    0.4800    -232.8831  0.5126 
   00211    0.3900    -223.8500  0.5208 
   00212    0.5600    -227.3214  0.5366 
   00213    0.5200    -230.5091  0.5775 
   00214    0.5400    -242.2998  0.5601 
   00215    0.4400    -253.8358  0.5868 
   00216    0.4400    -235.0061  0.5641 
   00217    0.4800    -235.7631  0.5561 
   00218    0.4900    -241.1448  0.5430 
   00219    0.5300    -252.4607  0.5535 
   00220    0.4500    -266.9526  0.5938 
   00221    0.5300    -251.6044  0.5395 
   00222    0.4700    -245.1960  0.5284 
   00223    0.4100    -245.7010  0.5103 
   00224    0.5400    -249.6406  0.5384 
   00225    0.5200    -256.6945  0.5304 
   00226    0.3800    -254.4974  0.4947 
   00227    0.5600    -244.8996  0.4790 
   00228    0.4500    -236.6457  0.4962 
   00229    0.5700    -235.1039  0.4953 
   00230    0.4300    -246.6328  0.5214 
   00231    0.5000    -242.4126  0.5342 
   00232    0.4800    -221.1986  0.4984 
   00233    0.5600    -244.3490  0.5414 
   00234    0.4700    -246.7517  0.5454 
   00235    0.4800    -207.2509  0.5374 
   00236    0.5300    -210.7451  0.5087 
   00237    0.5300    -227.7367  0.5830 
   00238    0.5600    -238.6482  0.6151 
   00239    0.4600    -271.6432  0.6696 
   00240    0.3900    -267.3384  0.6418 
   00241    0.4900    -243.4550  0.6138 
   00242    0.3800    -250.5473  0.6240 
   00243    0.4600    -245.0414  0.5947 
   00244    0.4900    -251.1673  0.5532 
   00245    0.5300    -249.3986  0.5618 
   00246    0.5300    -233.3029  0.5798 
   00247    0.4700    -240.6157  0.5869 
   00248    0.5400    -243.1375  0.6432 
   00249    0.3600    -234.5760  0.6252 
   00250    0.3700    -254.1103  0.6371 
   00251    0.4800    -256.9843  0.6677 
   00252    0.4600    -260.9869  0.6312 
   00253    0.4500    -253.3714  0.6413 
   00254    0.5200    -243.0340  0.6224 
   00255    0.4800    -240.9930  0.5521 
   00256    0.5400    -245.1554  0.5540 
   00257    0.4200    -236.5202  0.5441 
   00258    0.6100    -229.0278  0.5037 
   00259    0.5200    -207.2612  0.4545 
   00260    0.6100    -203.8563  0.4226 
   00261    0.4500    -203.0951  0.4483 
   00262    0.4800    -210.1528  0.4925 
   00263    0.4900    -201.5995  0.4616 
   00264    0.5600    -219.0274  0.4735 
   00265    0.5700    -182.0842  0.4357 
   00266    0.5800    -203.7086  0.3567 
   00267    0.5300    -194.0601  0.2624 
   00268    0.5500    -191.9197  0.3089 
   00269    0.4400    -228.5678  0.3349 
   00270    0.4900    -233.9657  0.3313 
   00271    0.5300    -226.8665  0.3585 
   00272    0.4800    -228.2099  0.3835 
   00273    0.6100    -234.1614  0.3882 
   00274    0.4700    -239.4316  0.3678 
   00275    0.5200    -236.4557  0.3172 
   00276    0.4700    -228.2651  0.3309 
   00277    0.4300    -232.9307  0.3240 
   00278    0.5600    -234.2931  0.3838 
   00279    0.4700    -229.9483  0.4337 
   00280    0.5300    -229.0916  0.4429 
   00281    0.4500    -223.5724  0.4592 
   00282    0.5300    -240.0214  0.5067 
   00283    0.5400    -250.6902  0.5795 
   00284    0.4300    -227.8685  0.5523 
   00285    0.5300    -201.1413  0.4913 
   00286    0.4700    -221.4731  0.5183 
   00287    0.5200    -231.8374  0.5402 
   00288    0.5100    -234.5669  0.5253 
   00289    0.5600    -243.9501  0.5388 
   00290    0.4700    -237.7123  0.5281 
   00291    0.4800    -243.1841  0.4351 
   00292    0.4200    -242.0684  0.4321 
   00293    0.4800    -227.0775  0.4079 
   00294    0.6500    -234.6657  0.4400 
   00295    0.5500    -237.5013  0.4473 
   00296    0.6100    -216.6256  0.4401 
   00297    0.4900    -239.2156  0.3678 
   00298    0.5600    -249.5816  0.4391 
   00299    0.4600    -247.9996  0.4934 
   00300    0.5300    -235.1973  0.5049 
   00301    0.5600    -232.6104  0.4303 
   00302    0.4200    -223.1032  0.4402 
   00303    0.4100    -230.8258  0.4506 
   00304    0.5800    -234.3356  0.4463 
   00305    0.4300    -248.2292  0.4571 
   00306    0.4200    -241.9524  0.4230 
   00307    0.3800    -235.9181  0.3830 
   00308    0.5300    -237.9382  0.3774 
   00309    0.4000    -233.5531  0.4065 
   00310    0.5000    -227.2425  0.3995 
   00311    0.5100    -221.7917  0.3670 
   00312    0.5900    -221.7351  0.3547 
   00313    0.4800    -222.9349  0.3601 
   00314    0.5200    -220.8670  0.2995 
   00315    0.6300    -217.9042  0.3255 
   00316    0.5500    -227.3058  0.3543 
   00317    0.5100    -207.4911  0.3231 
   00318    0.6100    -201.6851  0.3433 
   00319    0.4500    -232.0669  0.3810 
   00320    0.5100    -236.1486  0.3523 
   00321    0.5500    -254.7817  0.4060 
   00322    0.3600    -226.9172  0.3728 
   00323    0.5400    -233.5827  0.4538 
   00324    0.5400    -223.1996  0.4689 
   00325    0.5500    -240.7735  0.5017 
   00326    0.4800    -231.5071  0.4865 
   00327    0.4400    -219.3647  0.4726 
   00328    0.5800    -213.5836  0.5102 
   00329    0.5300    -226.7804  0.5009 
   00330    0.5400    -224.7694  0.5281 
   00331    0.5500    -220.5248  0.5556 
   00332    0.5800    -238.5728  0.5499 
   00333    0.3600    -247.6695  0.5742 
   00334    0.5200    -259.6293  0.5760 
   00335    0.4700    -240.5611  0.5562 
   00336    0.5000    -277.9469  0.6198 
   00337    0.5300    -245.8596  0.6005 
   00338    0.4400    -240.7614  0.6431 
   00339    0.5000    -241.7041  0.6661 
   00340    0.4600    -237.4237  0.6345 
   00341    0.5000    -245.9500  0.6051 
   00342    0.3500    -252.5554  0.6339 
   00343    0.5100    -251.0901  0.6917 
   00344    0.5500    -239.5572  0.6343 
   00345    0.5000    -251.1305  0.6580 
   00346    0.4300    -254.9020  0.6677 
   00347    0.4300    -258.6918  0.6447 
   00348    0.4900    -230.4333  0.5679 
   00349    0.5200    -213.8361  0.5105 
   00350    0.5600    -230.3321  0.5124 
   00351    0.6000    -222.6421  0.6132 
   00352    0.4600    -226.6946  0.5703 
   00353    0.4800    -256.9693  0.6167 
   00354    0.5100    -269.4785  0.6396 
   00355    0.3900    -261.6652  0.6416 
   00356    0.4800    -257.0689  0.6088 
   00357    0.5500    -230.3287  0.6278 
   00358    0.5700    -258.8123  0.6406 
   00359    0.4500    -250.7621  0.6503 
   00360    0.4400    -252.0946  0.6441 
   00361    0.5000    -218.0637  0.6196 
   00362    0.4900    -219.4286  0.5663 
   00363    0.4700    -246.0954  0.6017 
   00364    0.5100    -222.9213  0.5558 
   00365    0.5200    -224.7709  0.5446 
   00366    0.4900    -230.3481  0.5598 
   00367    0.5700    -242.4666  0.5429 
   00368    0.4700    -227.0987  0.5262 
   00369    0.5400    -235.8833  0.5518 
   00370    0.4400    -230.4737  0.4772 
   00371    0.5100    -243.4299  0.5038 
   00372    0.4700    -260.5667  0.4953 
   00373    0.4500    -263.4770  0.4899 
   00374    0.4200    -258.0101  0.5155 
   00375    0.4100    -234.4448  0.5062 
   00376    0.4500    -227.6319  0.4903 
   00377    0.5700    -222.1840  0.4852 
   00378    0.5300    -215.6992  0.4660 
   00379    0.5300    -230.5714  0.4084 
   00380    0.5600    -227.4368  0.3572 
   00381    0.4900    -236.0775  0.3852 
   00382    0.4300    -245.7572  0.4422 
   00383    0.4100    -240.2632  0.4554 
   00384    0.4900    -231.0138  0.4322 
   00385    0.4500    -234.4829  0.4115 
   00386    0.5200    -231.1287  0.3128 
   00387    0.5400    -225.5479  0.3178 
   00388    0.5400    -224.1659  0.3611 
   00389    0.4400    -218.5033  0.3959 
   00390    0.5600    -215.5208  0.4135 
   00391    0.5000    -218.8532  0.4599 
   00392    0.5700    -193.0692  0.4400 
   00393    0.5400    -199.7616  0.4503 
   00394    0.6500    -217.0558  0.4555 
   00395    0.4800    -215.7141  0.4595 
   00396    0.6000    -211.2630  0.4672 
   00397    0.5000    -216.5655  0.5364 
   00398    0.5400    -212.8154  0.5319 
   00399    0.5100    -222.0064  0.5186 
   00400    0.4600    -237.8472  0.5334 
   00401    0.5100    -241.9411  0.5753 
   00402    0.4600    -245.6057  0.5745 
   00403    0.5300    -236.3666  0.5560 
   00404    0.5000    -255.0890  0.6290 
   00405    0.4000    -243.7046  0.5895 
   00406    0.5000    -248.7487  0.6114 
   00407    0.4900    -237.1519  0.5631 
   00408    0.4400    -245.6797  0.5875 
   00409    0.4300    -253.9199  0.6093 
   00410    0.4900    -248.2514  0.6539 
   00411    0.3900    -256.2185  0.6729 
   00412    0.4400    -286.6218  0.6948 
   00413    0.5000    -269.3114  0.6754 
   00414    0.4600    -276.7374  0.6455 
   00415    0.4500    -267.2046  0.6385 
   00416    0.4300    -270.4482  0.6637 
   00417    0.4600    -260.0716  0.6568 
   00418    0.5000    -238.9867  0.6452 
   00419    0.5100    -260.1293  0.6104 
   00420    0.4300    -255.3810  0.6004 
   00421    0.5400    -251.9523  0.5753 
   00422    0.3800    -245.0929  0.5599 
   00423    0.5800    -244.7804  0.5451 
   00424    0.4700    -255.6613  0.5888 
   00425    0.5300    -254.9532  0.5905 
   00426    0.5600    -244.9168  0.5851 
   00427    0.4400    -249.6479  0.5966 
   00428    0.5600    -231.4954  0.6420 
   00429    0.5900    -239.1436  0.6799 
   00430    0.5200    -237.9521  0.6780 
   00431    0.4600    -233.7289  0.6627 
   00432    0.6100    -246.2477  0.6615 
   00433    0.5100    -241.3436  0.6047 
   00434    0.4700    -252.0309  0.6476 
   00435    0.5300    -263.7728  0.6688 
   00436    0.4400    -241.3502  0.5991 
   00437    0.5000    -268.5738  0.6984 
   00438    0.4500    -244.2086  0.7048 
   00439    0.5400    -240.9103  0.6884 
   00440    0.4600    -242.4657  0.6999 
   00441    0.4300    -245.9476  0.6900 
   00442    0.4700    -258.9964  0.6955 
   00443    0.4600    -256.2255  0.6742 
   00444    0.4000    -250.8266  0.6939 
   00445    0.4200    -262.6989  0.7344 
   00446    0.4700    -263.3683  0.6394 
   00447    0.3500    -270.4238  0.6841 
   00448    0.4200    -261.3752  0.6212 
   00449    0.4000    -264.1763  0.6516 
   00450    0.4900    -234.7669  0.6329 
   00451    0.5200    -229.7860  0.6044 
   00452    0.5100    -252.3527  0.6638 
   00453    0.4600    -262.9819  0.6487 
   00454    0.4100    -269.0731  0.6629 
   00455    0.4700    -252.0961  0.6771 
   00456    0.3900    -257.5655  0.6231 
   00457    0.4600    -255.9863  0.6193 
   00458    0.5200    -227.1852  0.5241 
   00459    0.4700    -217.9468  0.5832 
   00460    0.4600    -238.0433  0.6196 
   00461    0.5300    -239.5316  0.6049 
   00462    0.5200    -221.6644  0.5778 
   00463    0.4900    -245.1872  0.6551 
   00464    0.4900    -232.5647  0.6892 
   00465    0.4800    -240.8862  0.7027 
   00466    0.4700    -256.0966  0.7529 
   00467    0.4600    -256.9944  0.7391 
   00468    0.4200    -279.1532  0.7391 
   00469    0.3900    -277.6341  0.7353 
   00470    0.4600    -302.1651  0.7505 
   00471    0.4000    -285.6873  0.7416 
   00472    0.5000    -295.3469  0.7459 
   00473    0.3300    -284.8653  0.7069 
   00474    0.4600    -259.8743  0.6338 
   00475    0.4300    -252.9877  0.6292 
   00476    0.4800    -216.6399  0.5696 
   00477    0.4600    -225.4188  0.5164 
   00478    0.5100    -212.2482  0.4771 
   00479    0.6000    -228.2030  0.5450 
   00480    0.4300    -229.3385  0.5541 
   00481    0.4800    -238.5881  0.6010 
   00482    0.5300    -250.7845  0.6461 
   00483    0.5000    -247.5075  0.6134 
   00484    0.5100    -247.9385  0.6191 
   00485    0.4900    -258.9930  0.6358 
   00486    0.4200    -266.7566  0.6693 
   00487    0.4900    -280.3211  0.6804 
   00488    0.5200    -270.3729  0.6809 
   00489    0.3900    -275.3311  0.6957 
   00490    0.4600    -241.7066  0.6694 
   00491    0.4000    -236.9533  0.6489 
   00492    0.4900    -240.1899  0.6635 
   00493    0.5300    -234.1512  0.6201 
   00494    0.5000    -248.1425  0.6300 
   00495    0.5200    -275.6489  0.6795 
   00496    0.4200    -282.1052  0.7000 
   00497    0.4400    -262.0274  0.6668 
   00498    0.4200    -246.2214  0.6635 
   00499    0.4900    -257.2039  0.6830 
   00500    0.4600    -261.2828  0.6606 
   00501    0.4900    -268.3388  0.6870 
   00502    0.4900    -255.4891  0.6865 
   00503    0.4400    -238.0455  0.6508 
   00504    0.4400    -235.4087  0.6458 
   00505    0.6000    -233.2141  0.5806 
   00506    0.5300    -217.6306  0.5936 
   00507    0.5300    -215.3468  0.5996 
   00508    0.5700    -217.5594  0.6021 
   00509    0.4900    -223.4458  0.5894 
   00510    0.3700    -246.5212  0.6602 
   00511    0.4800    -237.3163  0.6058 
   00512    0.4700    -240.7410  0.6412 
   00513    0.4400    -246.4934  0.6847 
   00514    0.4600    -234.4754  0.6854 
   00515    0.5100    -236.2045  0.6660 
   00516    0.5400    -244.0583  0.6570 
   00517    0.4500    -238.0411  0.6259 
   00518    0.4700    -229.1762  0.6029 
   00519    0.5700    -199.1389  0.5437 
   00520    0.5700    -215.9092  0.5557 
   00521    0.5500    -223.0210  0.6201 
   00522    0.5700    -228.6173  0.6230 
   00523    0.5400    -254.6776  0.6403 
   00524    0.5900    -263.1434  0.6510 
   00525    0.4800    -249.5021  0.6065 
   00526    0.5400    -255.1444  0.6256 
   00527    0.4300    -251.1384  0.5698 
   00528    0.4800    -238.0542  0.5545 
   00529    0.6100    -228.1959  0.5719 
   00530    0.4900    -261.3011  0.5602 
   00531    0.5300    -252.8345  0.5363 
   00532    0.4400    -258.2513  0.5408 
   00533    0.3400    -261.6632  0.5301 
   00534    0.4600    -250.8413  0.5262 
   00535    0.5200    -268.5926  0.5409 
   00536    0.4700    -250.2889  0.6071 
   00537    0.4200    -251.4034  0.6497 
   00538    0.4300    -256.9181  0.6653 
   00539    0.4300    -251.0956  0.6310 
   00540    0.5500    -264.7862  0.6252 
   00541    0.4100    -256.7678  0.5880 
   00542    0.4500    -238.3752  0.5514 
   00543    0.4700    -232.3613  0.5230 
   00544    0.5000    -233.0240  0.4986 
   00545    0.3800    -231.6316  0.5021 
   00546    0.5300    -224.6829  0.4974 
   00547    0.6100    -232.1585  0.4544 
   00548    0.6000    -215.1343  0.4416 
   00549    0.6400    -235.0829  0.4962 
   00550    0.4500    -211.1818  0.4981 
   00551    0.5100    -222.3147  0.5111 
   00552    0.5700    -224.2636  0.5283 
   00553    0.4800    -223.8806  0.6016 
   00554    0.5100    -230.8290  0.5887 
   00555    0.5200    -238.8580  0.6259 
   00556    0.4300    -246.6716  0.5905 
   00557    0.4800    -256.8591  0.5740 
   00558    0.4800    -252.8965  0.6224 
   00559    0.4100    -254.1083  0.6251 
   00560    0.5400    -229.5672  0.5653 
   00561    0.4600    -228.6176  0.5665 
   00562    0.5100    -218.0007  0.5546 
   00563    0.5100    -217.8064  0.5518 
   00564    0.5800    -221.9368  0.5288 
   00565    0.5300    -216.6467  0.5079 
   00566    0.5000    -213.9337  0.4880 
   00567    0.5400    -217.8731  0.4892 
   00568    0.5500    -238.8104  0.5169 
   00569    0.4400    -238.5335  0.5155 
   00570    0.5200    -210.4887  0.5130 
   00571    0.3800    -221.7064  0.5678 
   00572    0.5300    -228.7985  0.5886 
   00573    0.5200    -233.1135  0.5628 
   00574    0.4200    -252.6465  0.6229 
   00575    0.4200    -259.6143  0.6620 
   00576    0.5400    -270.2491  0.6425 
   00577    0.5100    -268.7258  0.6366 
   00578    0.3400    -256.3577  0.6479 
   00579    0.4100    -256.2368  0.6437 
   00580    0.4600    -251.7873  0.6173 
   00581    0.5500    -243.4862  0.6150 
   00582    0.5600    -251.5945  0.6490 
   00583    0.4400    -268.6925  0.6927 
   00584    0.4700    -278.4451  0.6907 
   00585    0.3800    -268.3310  0.6852 
   00586    0.4900    -260.8950  0.6921 
   00587    0.4400    -251.5807  0.6481 
   00588    0.4800    -254.7103  0.6759 
   00589    0.4500    -246.2395  0.6748 
   00590    0.5100    -255.8258  0.6940 
   00591    0.5400    -259.8394  0.7026 
   00592    0.4100    -267.0667  0.7168 
   00593    0.4100    -256.8236  0.6866 
   00594    0.5200    -253.4410  0.6875 
   00595    0.4500    -234.6601  0.6262 
   00596    0.4200    -267.2676  0.6818 
   00597    0.4300    -255.7167  0.6510 
   00598    0.4100    -238.2943  0.5811 
   00599    0.4400    -229.9621  0.5476 
   00600    0.5100    -226.9497  0.5116 
   00601    0.5200    -229.8809  0.5327 
   00602    0.4700    -219.4335  0.5156 
   00603    0.5200    -211.0347  0.4938 
   00604    0.5000    -207.0871  0.4801 
   00605    0.5400    -209.6556  0.5193 
   00606    0.5300    -217.0218  0.4990 
   00607    0.5100    -218.2006  0.4656 
   00608    0.4400    -223.0118  0.4803 
   00609    0.5100    -220.1866  0.4449 
   00610    0.4200    -202.8113  0.4912 
   00611    0.5700    -198.0945  0.4426 
   00612    0.5200    -201.7375  0.4877 
   00613    0.5800    -193.7319  0.4552 
   00614    0.6400    -192.5276  0.4564 
   00615    0.6800    -192.7450  0.4126 
   00616    0.6700    -208.8175  0.4004 
   00617    0.5900    -194.7918  0.3578 
   00618    0.5800    -211.5103  0.3513 
   00619    0.4600    -210.3555  0.3147 
   00620    0.5100    -228.8335  0.4101 
   00621    0.5400    -216.9225  0.3745 
   00622    0.4900    -223.3353  0.3624 
   00623    0.5300    -227.8402  0.3567 
   00624    0.5400    -232.5756  0.3980 
   00625    0.5900    -223.8310  0.3906 
   00626    0.4500    -224.1974  0.4087 
   00627    0.5200    -226.2507  0.4185 
   00628    0.4300    -223.6369  0.4053 
   00629    0.5300    -222.8219  0.4047 
   00630    0.5400    -210.1110  0.4060 
   00631    0.5900    -196.3745  0.3502 
   00632    0.5400    -202.7419  0.4199 
   00633    0.5400    -220.5185  0.4714 
   00634    0.5900    -212.3109  0.4283 
   00635    0.5800    -204.5589  0.4440 
   00636    0.5400    -222.2608  0.5152 
   00637    0.5300    -212.2748  0.5150 
   00638    0.6000    -216.2970  0.4719 
   00639    0.5400    -222.5804  0.4823 
   00640    0.5000    -208.2449  0.4923 
   00641    0.5800    -210.0385  0.4459 
   00642    0.6000    -219.6240  0.4947 
   00643    0.5200    -224.2344  0.4742 
   00644    0.5100    -219.6663  0.4461 
   00645    0.5500    -217.8700  0.3681 
   00646    0.5300    -225.3458  0.3448 
   00647    0.5400    -212.7432  0.3808 
   00648    0.4600    -204.4089  0.3024 
   00649    0.5000    -207.4180  0.2833 
   00650    0.5800    -219.0276  0.2575 
   00651    0.4900    -223.3308  0.2721 
   00652    0.5000    -207.7733  0.3496 
   00653    0.6200    -224.6672  0.3795 
   00654    0.4300    -230.7439  0.3536 
   00655    0.5500    -237.0704  0.3561 
   00656    0.5700    -228.2395  0.3397 
   00657    0.5000    -237.0781  0.3627 
   00658    0.6200    -229.2845  0.4066 
   00659    0.4900    -236.4934  0.3588 
   00660    0.4700    -238.8916  0.4271 
   00661    0.4700    -235.0085  0.4086 
   00662    0.4700    -233.7723  0.4125 
   00663    0.5300    -226.8652  0.3947 
   00664    0.4300    -230.8489  0.4042 
   00665    0.4800    -237.9666  0.3986 
   00666    0.5100    -239.3598  0.3847 
   00667    0.5300    -241.6235  0.3683 
   00668    0.4800    -234.1992  0.3725 
   00669    0.5300    -225.8321  0.3806 
   00670    0.4800    -221.4095  0.4010 
   00671    0.5100    -218.8269  0.4083 
   00672    0.5500    -210.3656  0.3925 
   00673    0.5000    -200.1558  0.3103 
   00674    0.6600    -206.7266  0.3608 
   00675    0.4100    -208.8883  0.3809 
   00676    0.4700    -221.0836  0.4368 
   00677    0.5400    -224.3362  0.4097 
   00678    0.5600    -229.9685  0.4103 
   00679    0.4400    -216.2248  0.4155 
   00680    0.4800    -220.0076  0.3981 
   00681    0.5800    -203.6457  0.4162 
   00682    0.5800    -215.6430  0.4485 
   00683    0.5000    -213.4026  0.4809 
   00684    0.5400    -198.6353  0.4722 
   00685    0.5300    -197.5782  0.4013 
   00686    0.5400    -217.9304  0.4301 
   00687    0.5600    -220.5605  0.4685 
   00688    0.4800    -238.3500  0.5110 
   00689    0.4200    -238.4198  0.5270 
   00690    0.4600    -233.4625  0.5443 
   00691    0.5100    -224.3959  0.6106 
   00692    0.6200    -225.1459  0.5869 
   00693    0.5400    -224.2121  0.5594 
   00694    0.6400    -219.5881  0.5750 
   00695    0.4800    -247.5069  0.5656 
   00696    0.5200    -228.2772  0.5114 
   00697    0.5200    -213.2043  0.5002 
   00698    0.5300    -219.3714  0.5062 
   00699    0.4900    -210.7735  0.4844 
   00700    0.4400    -233.8709  0.4612 
   00701    0.4100    -222.7526  0.5042 
   00702    0.5300    -207.0482  0.5365 
   00703    0.5000    -214.2550  0.5554 
   00704    0.4600    -218.0400  0.5692 
   00705    0.5300    -236.7093  0.6141 
   00706    0.4000    -257.8696  0.5899 
   00707    0.4200    -259.0423  0.6205 
   00708    0.4300    -246.1923  0.5724 
   00709    0.6000    -231.1020  0.5898 
   00710    0.5400    -211.4821  0.5143 
   00711    0.5300    -217.3628  0.5020 
   00712    0.5300    -209.6613  0.4549 
   00713    0.4700    -201.0438  0.4106 
   00714    0.6500    -180.9947  0.4205 
   00715    0.5300    -220.8178  0.4282 
   00716    0.4700    -217.1612  0.4386 
   00717    0.5200    -205.6794  0.4481 
   00718    0.5300    -212.0805  0.4419 
   00719    0.5200    -208.2834  0.4433 
   00720    0.5000    -206.4561  0.4244 
   00721    0.4800    -198.4473  0.4811 
   00722    0.4600    -204.5212  0.4407 
   00723    0.5100    -216.0227  0.5119 
   00724    0.4200    -230.3748  0.5410 
   00725    0.5100    -233.8028  0.6213 
   00726    0.4700    -230.8652  0.6309 
   00727    0.5900    -233.1409  0.6193 
   00728    0.5000    -241.5139  0.6326 
   00729    0.5200    -241.1416  0.6185 
   00730    0.4200    -261.3957  0.6311 
   00731    0.5200    -259.7712  0.6382 
   00732    0.5000    -243.1058  0.6254 
   00733    0.5600    -276.2385  0.6427 
   00734    0.4600    -259.9061  0.6511 
   00735    0.4100    -264.8630  0.6827 
   00736    0.4500    -241.7034  0.6150 
   00737    0.4200    -244.7571  0.6281 
   00738    0.4100    -238.9040  0.6207 
   00739    0.5200    -230.6960  0.6206 
   00740    0.5400    -231.7749  0.5836 
   00741    0.5200    -221.6893  0.5250 
   00742    0.5000    -236.2558  0.5018 
   00743    0.5300    -214.1827  0.4565 
   00744    0.4900    -210.6853  0.5089 
   00745    0.5100    -229.9687  0.4611 
   00746    0.5700    -229.2515  0.5180 
   00747    0.4200    -236.4841  0.4973 
   00748    0.5100    -236.5038  0.5203 
   00749    0.5100    -224.9083  0.4873 
   00750    0.5400    -235.9402  0.5788 
   00751    0.4100    -232.8169  0.5802 
   00752    0.4400    -235.5012  0.6366 
   00753    0.4200    -253.0219  0.6631 
   00754    0.4900    -239.2457  0.5958 
   00755    0.5200    -237.2098  0.6152 
   00756    0.5000    -249.3335  0.6169 
   00757    0.4700    -241.2620  0.5802 
   00758    0.4300    -251.8580  0.6030 
   00759    0.4500    -257.3066  0.6179 
   00760    0.4200    -251.8702  0.6228 
   00761    0.5000    -249.1436  0.6184 
   00762    0.5800    -225.2599  0.5950 
   00763    0.4800    -222.1645  0.5736 
   00764    0.5800    -232.9780  0.5805 
   00765    0.4600    -244.6679  0.5662 
   00766    0.5000    -235.1660  0.5800 
   00767    0.5300    -248.1605  0.5677 
   00768    0.5000    -227.7759  0.6016 
   00769    0.4900    -225.7165  0.5844 
   00770    0.5300    -242.7896  0.6047 
   00771    0.3800    -225.0156  0.5836 
   00772    0.5500    -224.2101  0.5684 
   00773    0.5500    -229.7564  0.5520 
   00774    0.4700    -230.1901  0.5431 
   00775    0.4300    -224.5883  0.5275 
   00776    0.5800    -231.4797  0.5035 
   00777    0.4800    -235.9261  0.5202 
   00778    0.5300    -243.4921  0.5586 
   00779    0.4700    -256.8244  0.5923 
   00780    0.4200    -259.0552  0.5548 
   00781    0.3600    -266.1297  0.5857 
   00782    0.4500    -264.9481  0.5855 
   00783    0.4600    -254.8357  0.6156 
   00784    0.4500    -243.0194  0.6269 
   00785    0.4200    -242.3699  0.6462 
   00786    0.4800    -255.7142  0.6633 
   00787    0.4400    -248.6043  0.6776 
   00788    0.4500    -250.1672  0.6730 
   00789    0.5000    -246.9294  0.6536 
   00790    0.4000    -239.8917  0.6494 
   00791    0.4500    -237.7150  0.6212 
   00792    0.4800    -252.2312  0.6253 
   00793    0.5500    -255.7919  0.5879 
   00794    0.4800    -249.6565  0.5643 
   00795    0.5400    -245.4948  0.5515 
   00796    0.4800    -233.1329  0.5924 
   00797    0.5600    -242.8178  0.6579 
   00798    0.4700    -248.0602  0.6733 
   00799    0.4400    -269.1146  0.7279 
   00800    0.3500    -253.1587  0.6870 
   00801    0.4700    -250.1664  0.6870 
   00802    0.4800    -269.4644  0.6882 
   00803    0.3800    -279.0847  0.6941 
   00804    0.4300    -271.7177  0.6944 
   00805    0.3600    -275.4021  0.7164 
   00806    0.4700    -250.6656  0.6561 
   00807    0.4800    -237.0074  0.6361 
   00808    0.5700    -222.1280  0.6003 
   00809    0.4200    -253.1662  0.6131 
   00810    0.5400    -255.4953  0.6402 
   00811    0.4900    -264.9557  0.5987 
   00812    0.4900    -267.6304  0.6373 
   00813    0.4900    -261.0997  0.6320 
   00814    0.4000    -254.8884  0.6185 
   00815    0.4400    -270.5238  0.6607 
   00816    0.4300    -266.1591  0.6787 
   00817    0.4500    -246.9884  0.6668 
   00818    0.4600    -253.1673  0.6359 
   00819    0.4200    -238.9443  0.5548 
   00820    0.4900    -262.1337  0.6250 
   00821    0.5100    -246.1878  0.6462 
   00822    0.5800    -262.2371  0.5912 
   00823    0.4700    -259.2042  0.5505 
   00824    0.5500    -237.9393  0.5125 
   00825    0.4800    -225.2768  0.5237 
   00826    0.5800    -235.8333  0.5382 
   00827    0.5100    -224.7323  0.4958 
   00828    0.5500    -227.1352  0.5527 
   00829    0.5200    -215.5958  0.4363 
   00830    0.5400    -210.0748  0.3315 
   00831    0.5800    -203.4701  0.3187 
   00832    0.5400    -206.7149  0.3386 
   00833    0.5200    -221.0798  0.3623 
   00834    0.5500    -224.7238  0.3566 
   00835    0.5600    -210.8454  0.3180 
   00836    0.4900    -206.7956  0.3843 
   00837    0.5400    -206.6638  0.3689 
   00838    0.5600    -226.2029  0.3443 
   00839    0.5700    -235.3908  0.4647 
   00840    0.4700    -244.2910  0.4290 
   00841    0.5000    -241.8002  0.4238 
   00842    0.5000    -225.0506  0.4045 
   00843    0.5000    -229.7359  0.3906 
   00844    0.5000    -229.4249  0.4211 
   00845    0.4700    -220.8043  0.4728 
   00846    0.5000    -241.4531  0.4607 
   00847    0.5000    -241.2397  0.4157 
   00848    0.4000    -253.8085  0.4052 
   00849    0.4400    -265.6742  0.4808 
   00850    0.5300    -238.5397  0.4493 
   00851    0.5400    -242.6836  0.3706 
   00852    0.4400    -246.0929  0.3068 
   00853    0.5400    -242.0096  0.2844 
   00854    0.5300    -240.3583  0.3116 
   00855    0.5300    -240.9198  0.2738 
   00856    0.4900    -239.8678  0.2938 
   00857    0.4700    -248.6569  0.3159 
   00858    0.5300    -236.6032  0.3491 
   00859    0.4900    -251.5773  0.3476 
   00860    0.5000    -251.3505  0.3533 
   00861    0.4700    -247.0206  0.3498 
   00862    0.6000    -243.9855  0.3984 
   00863    0.5000    -222.6465  0.4489 
   00864    0.5800    -219.5425  0.4103 
   00865    0.5800    -246.7609  0.4445 
   00866    0.4800    -244.7566  0.4651 
   00867    0.4800    -251.8741  0.4693 
   00868    0.4100    -252.3744  0.5105 
   00869    0.5300    -266.0695  0.5284 
   00870    0.3900    -274.9960  0.5484 
   00871    0.4900    -260.5539  0.5115 
   00872    0.5000    -265.3773  0.5435 
   00873    0.4400    -264.1911  0.5935 
   00874    0.4100    -259.2447  0.6484 
   00875    0.4900    -233.5333  0.5890 
   00876    0.5800    -215.9725  0.5918 
   00877    0.5200    -228.3289  0.6021 
   00878    0.5100    -230.6061  0.6040 
   00879    0.4700    -235.5500  0.5946 
   00880    0.5100    -214.5649  0.5425 
   00881    0.5100    -210.0443  0.5182 
   00882    0.5400    -227.8755  0.5224 
   00883    0.4800    -244.0985  0.5379 
   00884    0.4700    -225.9096  0.5347 
   00885    0.5900    -217.5834  0.5053 
   00886    0.6100    -215.2146  0.4440 
   00887    0.5900    -229.6726  0.3901 
   00888    0.5000    -250.9812  0.3987 
   00889    0.5100    -224.8332  0.3521 
   00890    0.5000    -231.3274  0.4222 
   00891    0.4700    -240.2120  0.4465 
   00892    0.5100    -248.7769  0.4238 
   00893    0.4500    -246.7188  0.4273 
   00894    0.4700    -237.7168  0.4195 
   00895    0.5200    -236.6351  0.4519 
   00896    0.5000    -230.0084  0.4127 
   00897    0.4500    -221.0864  0.4126 
   00898    0.4900    -225.2606  0.3996 
   00899    0.5100    -240.7809  0.4505 
   00900    0.4400    -243.0100  0.4789 
   00901    0.4300    -246.8647  0.4831 
   00902    0.3700    -217.8325  0.5019 
   00903    0.5600    -229.3525  0.5136 
   00904    0.5300    -237.4170  0.5445 
   00905    0.5000    -233.7523  0.5447 
   00906    0.4500    -229.1049  0.5540 
   00907    0.5600    -216.8518  0.5128 
   00908    0.4300    -229.0614  0.4435 
   00909    0.5400    -220.3033  0.3924 
   00910    0.6200    -220.3652  0.3189 
   00911    0.4900    -232.0144  0.3382 
   00912    0.5700    -223.6272  0.3184 
   00913    0.6100    -224.4824  0.3162 
   00914    0.5300    -230.0302  0.3381 
   00915    0.5500    -220.3513  0.3330 
   00916    0.4900    -238.9625  0.3095 
   00917    0.5100    -219.6061  0.2998 
   00918    0.4400    -230.9132  0.3321 
   00919    0.4200    -224.9140  0.3665 
   00920    0.4900    -248.8099  0.4027 
   00921    0.5600    -236.4315  0.4503 
   00922    0.5000    -230.1837  0.4652 
   00923    0.4700    -238.3923  0.4642 
   00924    0.4800    -255.7270  0.4771 
   00925    0.4800    -237.0455  0.4866 
   00926    0.4200    -231.7891  0.4987 
   00927    0.4700    -246.0507  0.5578 
   00928    0.5700    -248.1620  0.5512 
   00929    0.4100    -248.1594  0.5218 
   00930    0.4300    -257.8480  0.5675 
   00931    0.4400    -252.8331  0.5520 
   00932    0.4200    -251.3688  0.5594 
   00933    0.5000    -242.3164  0.5623 
   00934    0.5100    -239.7208  0.6005 
   00935    0.4200    -235.2267  0.5776 
   00936    0.5200    -253.2460  0.5859 
   00937    0.4700    -228.0418  0.5788 
   00938    0.5200    -243.2048  0.6248 
   00939    0.4400    -270.5637  0.5998 
   00940    0.4100    -272.6515  0.5877 
   00941    0.3600    -275.8904  0.6082 
   00942    0.5200    -260.1616  0.5767 
   00943    0.4700    -257.0923  0.5583 
   00944    0.4200    -276.6159  0.5727 
   00945    0.5200    -243.6524  0.5626 
   00946    0.4800    -261.2561  0.5756 
   00947    0.5300    -257.1983  0.5740 
   00948    0.4400    -264.6201  0.6219 
   00949    0.4100    -268.1242  0.6066 
   00950    0.4800    -256.6510  0.6003 
   00951    0.4400    -267.6298  0.6133 
   00952    0.4900    -261.2035  0.5604 
   00953    0.5700    -249.0285  0.5308 
   00954    0.3700    -247.1740  0.4824 
   00955    0.5700    -233.6038  0.4762 
   00956    0.5600    -222.5983  0.4373 
   00957    0.5700    -221.6479  0.3831 
   00958    0.5600    -214.6496  0.3923 
   00959    0.4800    -243.8344  0.4210 
   00960    0.4600    -233.6114  0.3622 
   00961    0.5800    -240.1992  0.3661 
   00962    0.5000    -247.8919  0.3825 
   00963    0.5300    -222.4433  0.3634 
   00964    0.4100    -239.1387  0.4220 
   00965    0.4500    -228.1210  0.3886 
   00966    0.5100    -235.8655  0.4778 
   00967    0.4200    -227.5428  0.5142 
   00968    0.5200    -234.7712  0.5813 
   00969    0.5300    -238.1587  0.6012 
   00970    0.5900    -236.9468  0.5497 
   00971    0.5400    -251.3410  0.5726 
   00972    0.4900    -255.9154  0.5934 
   00973    0.5600    -245.7193  0.5553 
   00974    0.5500    -244.4643  0.5249 
   00975    0.5100    -239.9343  0.5145 
   00976    0.5000    -241.2655  0.5187 
   00977    0.5300    -229.4553  0.4908 
   00978    0.4400    -213.4515  0.5311 
   00979    0.5300    -218.6431  0.5800 
   00980    0.5700    -242.3343  0.6414 
   00981    0.5300    -262.0798  0.6949 
   00982    0.4700    -272.1309  0.7120 
   00983    0.4500    -268.8554  0.6930 
   00984    0.4800    -268.8992  0.7066 
   00985    0.4200    -249.1451  0.6580 
   00986    0.4800    -240.9621  0.6525 
   00987    0.5100    -258.5719  0.6776 
   00988    0.4400    -255.8791  0.6407 
   00989    0.4500    -280.5624  0.6868 
   00990    0.4100    -271.1236  0.6653 
   00991    0.4900    -261.4162  0.6342 
   00992    0.4400    -267.3691  0.6694 
   00993    0.4600    -251.2390  0.6454 
   00994    0.4500    -251.2387  0.6373 
   00995    0.5200    -257.7661  0.6339 
   00996    0.4700    -258.8514  0.6239 
   00997    0.4900    -247.8558  0.6276 
   00998    0.4400    -251.9723  0.5873 
   00999    0.4800    -254.5417  0.5796 
   01000    0.4300    -241.0856  0.5639 
