#=====================================================
# File created:        Fri-08-Mar-2024-at-05-07-25PM
# Size of lattice:     10x10
# Number of MC steps:  1000
# Reduced temperature: 1.000
# Run time (s):        12.325270
#=====================================================
# MC step:  Ratio:     Energy:   Order:
#=====================================================
   00000    0.5000     -99.2314  0.3135 
   00001    0.7100    -171.6436  0.3698 
   00002    0.6000    -181.7415  0.3288 
   00003    0.5400    -185.5271  0.3676 
   00004    0.4900    -202.3686  0.4249 
   00005    0.5600    -212.5231  0.4435 
   00006    0.4700    -214.9870  0.3737 
   00007    0.5200    -216.1639  0.4059 
   00008    0.5300    -214.2362  0.4201 
   00009    0.5300    -223.4827  0.3951 
   00010    0.5200    -215.7296  0.3918 
   00011    0.5100    -226.3435  0.3681 
   00012    0.5500    -226.6027  0.3373 
   00013    0.4500    -231.3271  0.3912 
   00014    0.4300    -237.3050  0.3463 
   00015    0.5800    -213.1556  0.3012 
   00016    0.5400    -210.8736  0.2850 
   00017    0.5300    -221.8906  0.3186 
   00018    0.5100    -224.4637  0.3037 
   00019    0.5000    -219.9107  0.3438 
   00020    0.5200    -225.8443  0.3819 
   00021    0.4800    -231.3424  0.4064 
   00022    0.4800    -240.5978  0.3660 
   00023    0.3800    -237.7765  0.3724 
   00024    0.5200    -237.8981  0.3851 
   00025    0.4800    -227.8492  0.3455 
   00026    0.6000    -230.0883  0.3691 
   00027    0.5300    -246.0399  0.3628 
   00028    0.5200    -247.6816  0.4313 
   00029    0.4700    -262.8415  0.4145 
   00030    0.4900    -270.9861  0.4104 
   00031    0.4600    -265.0125  0.3696 
   00032    0.3800    -242.8048  0.3888 
   00033    0.4200    -255.4707  0.3615 
   00034    0.5000    -235.1489  0.3548 
   00035    0.3900    -236.8122  0.3392 
   00036    0.4700    -228.5553  0.3342 
   00037    0.5700    -228.6200  0.3277 
   00038    0.5300    -238.8313  0.3424 
   00039    0.4600    -231.5846  0.2859 
   00040    0.4800    -227.6219  0.3190 
   00041    0.4600    -226.7766  0.3443 
   00042    0.5600    -226.6829  0.3901 
   00043    0.4700    -219.3713  0.3887 
   00044    0.5200    -203.6043  0.3326 
   00045    0.5600    -214.7244  0.3134 
   00046    0.4800    -225.1849  0.4212 
   00047    0.5000    -232.8849  0.4006 
   00048    0.5100    -220.1116  0.4221 
   00049    0.5800    -225.1507  0.4061 
   00050    0.4100    -218.5836  0.4411 
   00051    0.4700    -239.8758  0.5091 
   00052    0.5800    -245.4662  0.5023 
   00053    0.5300    -229.6603  0.4818 
   00054    0.5600    -228.9135  0.4777 
   00055    0.6100    -231.0863  0.5124 
   00056    0.5500    -246.6220  0.5537 
   00057    0.5000    -242.6534  0.5507 
   00058    0.4500    -253.0719  0.4863 
   00059    0.5100    -263.7091  0.5409 
   00060    0.4200    -259.8502  0.5764 
   00061    0.5100    -262.4376  0.5858 
   00062    0.5000    -233.9441  0.5570 
   00063    0.4900    -256.1703  0.5682 
   00064    0.5600    -242.7848  0.5880 
   00065    0.4300    -257.8275  0.5873 
   00066    0.4200    -235.1358  0.5570 
   00067    0.4500    -234.9691  0.5758 
   00068    0.5600    -227.6338  0.5629 
   00069    0.4600    -239.9050  0.5989 
   00070    0.5700    -226.4840  0.5149 
   00071    0.5300    -211.3283  0.4642 
   00072    0.4400    -215.9064  0.4844 
   00073    0.5000    -208.8287  0.4642 
   00074    0.5800    -210.7062  0.4935 
   00075    0.4900    -234.7842  0.5255 
   00076    0.4500    -251.0383  0.5324 
   00077    0.4300    -237.5225  0.4625 
   00078    0.4700    -249.0301  0.4251 
   00079    0.3800    -249.2557  0.4537 
   00080    0.5600    -248.8835  0.4241 
   00081    0.4800    -242.5872  0.4890 
   00082    0.3900    -230.4880  0.4882 
   00083    0.5000    -238.5702  0.5398 
   00084    0.5200    -232.4268  0.5014 
   00085    0.5500    -249.5982  0.4726 
   00086    0.5200    -237.3495  0.5122 
   00087    0.5100    -241.7712  0.4829 
   00088    0.4100    -238.4098  0.5067 
   00089    0.5300    -222.9643  0.4441 
   00090    0.5400    -222.2281  0.4316 
   00091    0.4600    -238.2893  0.4821 
   00092    0.5200    -212.8682  0.4287 
   00093    0.4900    -220.4470  0.4667 
   00094    0.5300    -226.7310  0.4926 
   00095    0.5600    -227.0675  0.4056 
   00096    0.5400    -218.8444  0.5110 
   00097    0.5800    -216.5774  0.4736 
   00098    0.5400    -227.0363  0.4929 
   00099    0.5100    -228.7508  0.4533 
   00100    0.4800    -242.4607  0.4892 
   00101    0.4600    -257.9092  0.4680 
   00102    0.5100    -268.6298  0.4801 
   00103    0.4000    -255.9019  0.4701 
   00104    0.4300    -251.0159  0.5102 
   00105    0.4500    -269.7767  0.5440 
   00106    0.3900    -279.1056  0.5631 
   00107    0.4900    -265.6868  0.5007 
   00108    0.4900    -253.9841  0.4762 
   00109    0.5400    -263.5797  0.4839 
   00110    0.4900    -237.2853  0.4772 
   00111    0.4600    -242.5985  0.4882 
   00112    0.5300    -249.5443  0.4871 
   00113    0.4800    -250.0763  0.4740 
   00114    0.4100    -256.0801  0.5152 
   00115    0.5100    -236.3285  0.4408 
   00116    0.5100    -233.7518  0.3844 
   00117    0.4900    -243.3102  0.3790 
   00118    0.5600    -231.1400  0.4334 
   00119    0.5300    -228.5952  0.3493 
   00120    0.5300    -231.1324  0.3717 
   00121    0.4900    -232.0113  0.3085 
   00122    0.5300    -226.9326  0.3191 
   00123    0.4800    -244.5346  0.4249 
   00124    0.5500    -248.0900  0.3700 
   00125    0.5200    -277.5155  0.4226 
   00126    0.5000    -251.4255  0.4193 
   00127    0.4400    -251.7458  0.4307 
   00128    0.5000    -240.9952  0.4939 
   00129    0.5300    -223.2004  0.4784 
   00130    0.5300    -218.1458  0.4710 
   00131    0.5500    -255.8294  0.5577 
   00132    0.5100    -253.8871  0.5363 
   00133    0.4700    -237.7204  0.5247 
   00134    0.4700    -230.4616  0.5462 
   00135    0.4800    -229.9251  0.5951 
   00136    0.5600    -234.8623  0.6846 
   00137    0.4300    -248.3918  0.6712 
   00138    0.5200    -266.4370  0.6694 
   00139    0.4200    -264.1241  0.6809 
   00140    0.4500    -245.4804  0.6771 
   00141    0.3800    -249.8228  0.6965 
   00142    0.4200    -241.5347  0.6742 
   00143    0.5300    -263.8052  0.7180 
   00144    0.3300    -293.6762  0.7798 
   00145    0.4100    -285.7618  0.7574 
   00146    0.3800    -279.1245  0.7382 
   00147    0.5100    -269.6419  0.7310 
   00148    0.4200    -264.0778  0.7257 
   00149    0.4700    -241.8442  0.6574 
   00150    0.5600    -240.7001  0.6326 
   00151    0.4700    -225.7571  0.5775 
   00152    0.4500    -222.5552  0.5705 
   00153    0.5600    -251.5107  0.5952 
   00154    0.4400    -263.0937  0.5871 
   00155    0.4600    -258.3230  0.6137 
   00156    0.4500    -261.6376  0.5829 
   00157    0.3800    -263.4446  0.5766 
   00158    0.4000    -255.2618  0.5751 
   00159    0.4300    -266.9630  0.5783 
   00160    0.4100    -276.9420  0.5691 
   00161    0.3600    -261.6803  0.5197 
   00162    0.3500    -268.0874  0.5290 
   00163    0.3600    -267.5232  0.5147 
   00164    0.5500    -255.0062  0.5034 
   00165    0.4100    -260.2291  0.4936 
   00166    0.3100    -261.6766  0.5019 
   00167    0.4900    -254.8098  0.4789 
   00168    0.4700    -245.4966  0.4666 
   00169    0.5200    -261.0086  0.5589 
   00170    0.3500    -267.3573  0.5399 
   00171    0.4300    -269.2950  0.5216 
   00172    0.4200    -270.3744  0.5198 
   00173    0.4600    -274.3446  0.5184 
   00174    0.4000    -252.1527  0.4615 
   00175    0.5000    -236.9700  0.4153 
   00176    0.4100    -221.6425  0.3948 
   00177    0.5800    -220.9438  0.4152 
   00178    0.4600    -217.1616  0.3865 
   00179    0.4200    -228.7296  0.3948 
   00180    0.4900    -227.4171  0.4488 
   00181    0.4300    -251.6894  0.4892 
   00182    0.4900    -255.5185  0.4568 
   00183    0.3700    -241.3531  0.5480 
   00184    0.4300    -248.7465  0.5331 
   00185    0.4000    -237.5874  0.4887 
   00186    0.4200    -246.4846  0.5172 
   00187    0.4200    -244.9220  0.4650 
   00188    0.4900    -237.1119  0.4362 
   00189    0.4600    -226.3732  0.5008 
   00190    0.4900    -235.0026  0.4937 
   00191    0.5400    -229.2372  0.5043 
   00192    0.4700    -216.7098  0.5632 
   00193    0.4900    -248.2930  0.5817 
   00194    0.5000    -254.7970  0.5812 
   00195    0.5300    -254.7495  0.5841 
   00196    0.4200    -267.1481  0.6282 
   00197    0.4200    -258.7918  0.6531 
   00198    0.4800    -255.0644  0.6551 
   00199    0.4800    -248.5583  0.6198 
   00200    0.5400    -233.3571  0.5578 
   00201    0.4100    -223.6756  0.5290 
   00202    0.4900    -223.0266  0.5982 
   00203    0.4800    -231.1342  0.5988 
   00204    0.5200    -238.6769  0.6161 
   00205    0.4300    -260.3169  0.6239 
   00206    0.4700    -254.5669  0.6827 
   00207    0.5400    -251.5574  0.6600 
   00208    0.4400    -244.5813  0.6409 
   00209    0.5200    -246.6536  0.6910 
   00210    0.3300    -272.6302  0.7101 
   00211    0.4000    -264.1959  0.6658 
   00212    0.3900    -262.9497  0.6412 
   00213    0.4600    -266.3457  0.6649 
   00214    0.3900    -268.2189  0.6977 
   00215    0.5400    -250.9660  0.6628 
   00216    0.4100    -246.7731  0.6478 
   00217    0.4700    -246.5309  0.6369 
   00218    0.4100    -252.0268  0.5887 
   00219    0.4800    -243.7851  0.5279 
   00220    0.4500    -235.5401  0.4576 
   00221    0.5900    -225.8431  0.4408 
   00222    0.4400    -226.9147  0.4920 
   00223    0.5300    -231.0798  0.4647 
   00224    0.5000    -211.9355  0.3995 
   00225    0.5000    -244.3949  0.4520 
   00226    0.4900    -218.9875  0.4293 
   00227    0.4700    -200.8410  0.4135 
   00228    0.5900    -189.0735  0.4427 
   00229    0.5100    -192.5281  0.4207 
   00230    0.5100    -218.6496  0.5115 
   00231    0.5500    -225.6920  0.4830 
   00232    0.4200    -224.7260  0.5181 
   00233    0.5200    -221.4674  0.5460 
   00234    0.4800    -223.5348  0.5191 
   00235    0.5200    -209.1983  0.5005 
   00236    0.5400    -215.2985  0.5110 
   00237    0.5500    -224.8100  0.5187 
   00238    0.5000    -232.2474  0.5942 
   00239    0.5700    -232.9888  0.6343 
   00240    0.4600    -240.5154  0.6241 
   00241    0.4100    -224.2977  0.5956 
   00242    0.5900    -239.0436  0.6332 
   00243    0.4300    -237.6991  0.6406 
   00244    0.4700    -251.2309  0.6773 
   00245    0.3800    -250.1233  0.6988 
   00246    0.5700    -246.4490  0.6627 
   00247    0.4500    -268.6080  0.7042 
   00248    0.4400    -261.8546  0.6524 
   00249    0.4200    -272.0711  0.6782 
   00250    0.4900    -246.6496  0.6249 
   00251    0.5000    -239.0290  0.6071 
   00252    0.4500    -254.3764  0.6153 
   00253    0.4100    -256.5335  0.5999 
   00254    0.4100    -267.3552  0.6076 
   00255    0.4500    -259.7854  0.5996 
   00256    0.5700    -270.3482  0.5429 
   00257    0.4700    -259.2734  0.5159 
   00258    0.5000    -269.4400  0.5168 
   00259    0.4700    -263.5365  0.5095 
   00260    0.4600    -250.7496  0.4664 
   00261    0.4400    -232.0393  0.4236 
   00262    0.4400    -213.4568  0.3301 
   00263    0.4900    -204.2700  0.3522 
   00264    0.5600    -194.3941  0.3423 
   00265    0.6000    -220.3009  0.4156 
   00266    0.5200    -240.9248  0.4410 
   00267    0.5100    -259.5456  0.4949 
   00268    0.4800    -239.2432  0.5606 
   00269    0.5300    -250.3886  0.6016 
   00270    0.4700    -232.0978  0.5699 
   00271    0.3800    -257.2371  0.5512 
   00272    0.5400    -271.3628  0.5786 
   00273    0.4100    -277.0399  0.5995 
   00274    0.5300    -264.7972  0.5871 
   00275    0.4600    -256.6925  0.5664 
   00276    0.5500    -238.6381  0.6008 
   00277    0.4600    -249.8423  0.6179 
   00278    0.3800    -256.5845  0.5743 
   00279    0.5100    -268.8189  0.6094 
   00280    0.3900    -273.9981  0.5969 
   00281    0.3600    -267.8447  0.6040 
   00282    0.4100    -247.6711  0.5649 
   00283    0.4500    -254.5554  0.6057 
   00284    0.4600    -255.6762  0.5991 
   00285    0.4600    -269.9850  0.6526 
   00286    0.4700    -252.9370  0.6632 
   00287    0.4900    -260.7544  0.6712 
   00288    0.4100    -245.1001  0.6521 
   00289    0.4600    -254.0381  0.6520 
   00290    0.4500    -236.5466  0.6319 
   00291    0.4400    -260.7221  0.6556 
   00292    0.3600    -269.1314  0.6475 
   00293    0.4100    -260.2001  0.6371 
   00294    0.5100    -246.2023  0.5470 
   00295    0.4500    -242.0630  0.5185 
   00296    0.4200    -244.9962  0.4920 
   00297    0.5300    -237.0321  0.3804 
   00298    0.4700    -230.8753  0.3891 
   00299    0.4600    -229.6267  0.4304 
   00300    0.5400    -236.2813  0.4369 
   00301    0.5300    -229.0763  0.4591 
   00302    0.4500    -253.7479  0.4437 
   00303    0.4400    -232.3183  0.3892 
   00304    0.4600    -229.8490  0.3805 
   00305    0.5300    -230.2461  0.3526 
   00306    0.4800    -215.4600  0.3560 
   00307    0.5400    -217.6407  0.3786 
   00308    0.5700    -225.6954  0.4153 
   00309    0.5200    -215.4757  0.4212 
   00310    0.4700    -229.8018  0.3875 
   00311    0.5100    -230.1285  0.4102 
   00312    0.4900    -234.0642  0.4820 
   00313    0.5100    -222.3694  0.4862 
   00314    0.4900    -233.8248  0.4644 
   00315    0.5000    -235.1024  0.4282 
   00316    0.4600    -243.4848  0.4492 
   00317    0.5200    -245.9309  0.5125 
   00318    0.4600    -257.1047  0.5519 
   00319    0.4400    -236.1375  0.5215 
   00320    0.4900    -236.1581  0.5190 
   00321    0.5500    -224.1629  0.5612 
   00322    0.5400    -227.5940  0.4943 
   00323    0.4600    -229.2225  0.5432 
   00324    0.5900    -224.7023  0.5672 
   00325    0.4300    -240.6696  0.5774 
   00326    0.4600    -234.6907  0.5168 
   00327    0.4800    -241.1654  0.5299 
   00328    0.4700    -252.1452  0.5619 
   00329    0.4600    -261.8398  0.5409 
   00330    0.4700    -255.3721  0.5630 
   00331    0.5000    -255.0789  0.5409 
   00332    0.4100    -274.6553  0.6277 
   00333    0.4700    -266.6182  0.6371 
   00334    0.4100    -263.5270  0.6357 
   00335    0.4800    -262.5689  0.6461 
   00336    0.4500    -259.9543  0.6776 
   00337    0.4600    -261.9056  0.6727 
   00338    0.4900    -269.2219  0.7049 
   00339    0.4100    -260.0341  0.6924 
   00340    0.3200    -257.5314  0.6765 
   00341    0.4300    -269.3237  0.7106 
   00342    0.4800    -258.5273  0.7277 
   00343    0.4900    -245.9431  0.6112 
   00344    0.5500    -256.5184  0.6734 
   00345    0.4600    -253.5674  0.6776 
   00346    0.5300    -246.4351  0.6564 
   00347    0.4200    -260.0828  0.6406 
   00348    0.4000    -275.3218  0.6935 
   00349    0.4000    -256.4517  0.6681 
   00350    0.4600    -284.4138  0.7350 
   00351    0.4900    -268.7843  0.7372 
   00352    0.4600    -264.3097  0.7152 
   00353    0.3800    -280.1272  0.7243 
   00354    0.4300    -272.7576  0.7164 
   00355    0.4000    -276.6753  0.7522 
   00356    0.3600    -281.3155  0.7677 
   00357    0.3900    -271.7777  0.7443 
   00358    0.4200    -269.7417  0.7002 
   00359    0.3400    -259.7230  0.6912 
   00360    0.4800    -265.3915  0.7237 
   00361    0.4200    -274.0708  0.7376 
   00362    0.5300    -265.4996  0.7177 
   00363    0.3700    -273.2013  0.7455 
   00364    0.3800    -286.9275  0.7373 
   00365    0.3800    -270.5697  0.7159 
   00366    0.5300    -270.4480  0.6647 
   00367    0.5300    -274.9641  0.7077 
   00368    0.4700    -259.1121  0.6483 
   00369    0.5000    -246.7868  0.6559 
   00370    0.4600    -249.9478  0.6438 
   00371    0.4500    -258.8526  0.6969 
   00372    0.3900    -257.3654  0.7027 
   00373    0.5500    -253.5149  0.6755 
   00374    0.4600    -249.4002  0.6408 
   00375    0.4500    -269.2218  0.6650 
   00376    0.5100    -267.8922  0.6883 
   00377    0.5300    -247.7616  0.5956 
   00378    0.4700    -252.9994  0.6007 
   00379    0.4900    -246.1424  0.5843 
   00380    0.4400    -244.9536  0.5529 
   00381    0.4800    -233.6825  0.5147 
   00382    0.4400    -225.5279  0.5004 
   00383    0.5700    -238.9930  0.5353 
   00384    0.6000    -241.5791  0.5742 
   00385    0.5100    -239.0874  0.6024 
   00386    0.4700    -230.4012  0.5798 
   00387    0.4400    -228.2134  0.4753 
   00388    0.5000    -213.0119  0.4451 
   00389    0.5800    -242.6658  0.4459 
   00390    0.4200    -248.8656  0.4427 
   00391    0.4300    -278.6544  0.4315 
   00392    0.4400    -267.7948  0.4143 
   00393    0.4500    -268.0923  0.3993 
   00394    0.3900    -277.4912  0.3790 
   00395    0.3600    -273.3647  0.3596 
   00396    0.4700    -283.9402  0.3276 
   00397    0.4200    -284.2109  0.3958 
   00398    0.3300    -276.7374  0.3407 
   00399    0.4600    -260.2458  0.3148 
   00400    0.3600    -252.8483  0.3427 
   00401    0.5100    -244.1931  0.3256 
   00402    0.5600    -237.1994  0.3226 
   00403    0.4500    -262.2187  0.2953 
   00404    0.5000    -251.0928  0.3440 
   00405    0.5100    -241.6363  0.3667 
   00406    0.5000    -235.5004  0.4273 
   00407    0.5100    -230.3053  0.4407 
   00408    0.6100    -253.8528  0.5598 
   00409    0.4500    -243.0749  0.5105 
   00410    0.4900    -246.7665  0.5637 
   00411    0.5000    -249.6673  0.6011 
   00412    0.4800    -258.4910  0.5938 
   00413    0.4700    -250.7755  0.5945 
   00414    0.5000    -258.5174  0.6148 
   00415    0.4900    -256.8424  0.6085 
   00416    0.5800    -243.3996  0.6040 
   00417    0.4700    -237.2342  0.5778 
   00418    0.5300    -231.2929  0.5591 
   00419    0.4200    -222.6962  0.5632 
   00420    0.5200    -218.5899  0.5635 
   00421    0.5000    -215.2899  0.5810 
   00422    0.5500    -216.7830  0.6274 
   00423    0.5800    -198.2923  0.5722 
   00424    0.5600    -194.8846  0.5064 
   00425    0.5100    -202.4972  0.4992 
   00426    0.6300    -205.6014  0.5155 
   00427    0.5500    -210.7591  0.4727 
   00428    0.5700    -235.3229  0.4878 
   00429    0.4200    -236.2915  0.5042 
   00430    0.5800    -233.5804  0.4304 
   00431    0.5100    -224.4491  0.4440 
   00432    0.5200    -226.4611  0.4819 
   00433    0.5300    -222.6043  0.4273 
   00434    0.5300    -225.6156  0.4543 
   00435    0.5000    -244.0403  0.5260 
   00436    0.5500    -234.0284  0.4809 
   00437    0.4500    -240.8966  0.4384 
   00438    0.5300    -226.0168  0.4184 
   00439    0.5000    -241.0424  0.4132 
   00440    0.5300    -240.6472  0.4149 
   00441    0.5200    -208.4342  0.4064 
   00442    0.5700    -206.8278  0.3890 
   00443    0.4700    -214.0249  0.3938 
   00444    0.5900    -218.3202  0.4420 
   00445    0.4400    -226.9513  0.4598 
   00446    0.3900    -236.5854  0.4572 
   00447    0.4700    -230.5567  0.5129 
   00448    0.5000    -247.8558  0.5172 
   00449    0.4600    -248.7909  0.5348 
   00450    0.5000    -236.3711  0.5261 
   00451    0.4700    -229.1180  0.4788 
   00452    0.5100    -214.3046  0.4662 
   00453    0.6000    -221.2122  0.4440 
   00454    0.5100    -213.9962  0.3742 
   00455    0.6000    -209.8924  0.4242 
   00456    0.4800    -213.7612  0.4355 
   00457    0.5100    -211.3312  0.4153 
   00458    0.5800    -220.8946  0.4046 
   00459    0.6100    -202.3241  0.4768 
   00460    0.5900    -212.1679  0.4131 
   00461    0.5300    -229.7673  0.4834 
   00462    0.4500    -220.2068  0.4868 
   00463    0.5500    -223.1509  0.5056 
   00464    0.4600    -230.1955  0.4838 
   00465    0.4700    -231.2060  0.5096 
   00466    0.4800    -220.6471  0.4971 
   00467    0.4700    -235.7312  0.5436 
   00468    0.4500    -249.9025  0.5628 
   00469    0.4500    -249.4431  0.5129 
   00470    0.4600    -244.7461  0.5051 
   00471    0.4800    -258.6171  0.5424 
   00472    0.4800    -250.0782  0.4991 
   00473    0.5400    -242.3149  0.5031 
   00474    0.5200    -243.2423  0.4848 
   00475    0.5500    -236.3359  0.5063 
   00476    0.4200    -234.6905  0.4839 
   00477    0.5500    -230.8813  0.4884 
   00478    0.4300    -239.5223  0.5097 
   00479    0.4900    -236.4602  0.4872 
   00480    0.4400    -225.6361  0.4558 
   00481    0.4900    -236.4310  0.4126 
   00482    0.4900    -241.0759  0.5016 
   00483    0.5300    -218.3021  0.4758 
   00484    0.5200    -216.6822  0.4508 
   00485    0.6000    -238.2683  0.4783 
   00486    0.5500    -228.9303  0.4840 
   00487    0.5600    -225.9591  0.5364 
   00488    0.5900    -225.5456  0.5643 
   00489    0.5100    -245.3614  0.6048 
   00490    0.4700    -252.8789  0.5997 
   00491    0.5300    -256.0731  0.6264 
   00492    0.4100    -255.6127  0.6551 
   00493    0.4300    -257.5823  0.6696 
   00494    0.5300    -263.0448  0.7017 
   00495    0.4200    -267.4669  0.7031 
   00496    0.4400    -265.3915  0.7086 
   00497    0.4300    -273.8764  0.7491 
   00498    0.4000    -287.7610  0.7745 
   00499    0.3500    -292.9963  0.7903 
   00500    0.4900    -293.0941  0.7468 
   00501    0.4600    -263.0565  0.7412 
   00502    0.5100    -261.0196  0.7280 
   00503    0.4800    -286.3974  0.7606 
   00504    0.3400    -264.6914  0.7320 
   00505    0.4100    -247.9241  0.7062 
   00506    0.4000    -257.0915  0.6979 
   00507    0.4700    -270.3844  0.7105 
   00508    0.5200    -251.0131  0.7162 
   00509    0.4700    -267.1151  0.7533 
   00510    0.4300    -255.9991  0.7370 
   00511    0.4700    -241.2379  0.7166 
   00512    0.5500    -265.4056  0.7184 
   00513    0.4800    -272.1994  0.7044 
   00514    0.3800    -274.4113  0.6793 
   00515    0.4400    -280.2180  0.7104 
   00516    0.4800    -292.3320  0.7487 
   00517    0.3800    -283.3918  0.7438 
   00518    0.5100    -270.5306  0.7290 
   00519    0.5700    -260.5684  0.6958 
   00520    0.3800    -255.7381  0.6835 
   00521    0.4600    -242.6147  0.6791 
   00522    0.4100    -247.3408  0.7097 
   00523    0.4700    -245.8109  0.6763 
   00524    0.4900    -263.7033  0.6516 
   00525    0.5000    -273.8744  0.6917 
   00526    0.4400    -271.0512  0.6756 
   00527    0.4900    -274.0408  0.6407 
   00528    0.3500    -279.4994  0.6544 
   00529    0.4000    -290.2804  0.6395 
   00530    0.4100    -277.8410  0.6877 
   00531    0.4000    -272.0746  0.6776 
   00532    0.5600    -263.6299  0.6749 
   00533    0.3600    -255.7030  0.6270 
   00534    0.5000    -263.3051  0.6368 
   00535    0.5300    -232.3607  0.5694 
   00536    0.5400    -243.2857  0.6004 
   00537    0.4800    -248.5885  0.6384 
   00538    0.4000    -231.1814  0.6073 
   00539    0.4300    -244.9752  0.6511 
   00540    0.4100    -256.7684  0.6628 
   00541    0.5100    -242.8606  0.5889 
   00542    0.5000    -255.1972  0.6422 
   00543    0.4400    -272.1589  0.6623 
   00544    0.4300    -273.7544  0.6671 
   00545    0.4800    -274.9995  0.7137 
   00546    0.3900    -268.7786  0.7134 
   00547    0.5000    -244.6923  0.6651 
   00548    0.4200    -243.1586  0.6667 
   00549    0.5500    -225.7469  0.6547 
   00550    0.5800    -229.3537  0.6577 
   00551    0.4600    -238.4834  0.7089 
   00552    0.4800    -248.2244  0.7157 
   00553    0.4500    -265.1232  0.7241 
   00554    0.5000    -253.5857  0.6529 
   00555    0.4100    -249.6831  0.6810 
   00556    0.4600    -244.2615  0.6428 
   00557    0.4200    -265.0199  0.6688 
   00558    0.4800    -253.4051  0.6900 
   00559    0.3600    -241.7240  0.6786 
   00560    0.5400    -227.0760  0.6221 
   00561    0.4900    -237.6664  0.6701 
   00562    0.4600    -243.4997  0.6658 
   00563    0.3600    -262.1995  0.6702 
   00564    0.4100    -256.9580  0.6358 
   00565    0.4700    -253.1616  0.5930 
   00566    0.5500    -238.0698  0.5663 
   00567    0.4800    -259.9026  0.5630 
   00568    0.5200    -252.3088  0.5873 
   00569    0.4200    -254.5643  0.5810 
   00570    0.4900    -263.4731  0.5909 
   00571    0.4200    -267.5913  0.6291 
   00572    0.4200    -255.4391  0.6215 
   00573    0.5400    -241.4413  0.5949 
   00574    0.4200    -236.0441  0.5882 
   00575    0.4200    -227.7119  0.5929 
   00576    0.4700    -235.4591  0.6342 
   00577    0.4500    -237.3262  0.6230 
   00578    0.5300    -218.1155  0.5854 
   00579    0.4600    -235.6504  0.6468 
   00580    0.4100    -235.0471  0.6317 
   00581    0.5500    -237.9738  0.6507 
   00582    0.5000    -241.8675  0.6471 
   00583    0.4700    -229.6395  0.5584 
   00584    0.5400    -221.8515  0.4505 
   00585    0.5100    -200.2769  0.4551 
   00586    0.4900    -205.9981  0.4261 
   00587    0.5200    -216.1786  0.4264 
   00588    0.5500    -204.0503  0.3752 
   00589    0.5300    -230.0382  0.4140 
   00590    0.6200    -225.1329  0.4367 
   00591    0.5300    -241.9302  0.4723 
   00592    0.4700    -244.0014  0.5041 
   00593    0.4500    -252.5080  0.5231 
   00594    0.5100    -233.2932  0.4399 
   00595    0.5000    -216.3905  0.3772 
   00596    0.5800    -217.6613  0.3808 
   00597    0.4500    -238.6074  0.3918 
   00598    0.4300    -254.0400  0.4544 
   00599    0.4100    -233.3179  0.4281 
   00600    0.5700    -224.6727  0.3965 
   00601    0.5500    -240.2077  0.3766 
   00602    0.5300    -240.7918  0.3819 
   00603    0.4900    -230.3063  0.3807 
   00604    0.5200    -220.6241  0.4218 
   00605    0.4700    -229.0629  0.4221 
   00606    0.4500    -220.5444  0.3846 
   00607    0.6100    -222.0162  0.3515 
   00608    0.5800    -205.4550  0.3670 
   00609    0.5900    -199.7391  0.2921 
   00610    0.5200    -208.9986  0.3451 
   00611    0.5100    -233.8066  0.3496 
   00612    0.4500    -245.3690  0.3357 
   00613    0.4500    -249.0676  0.3221 
   00614    0.4700    -248.2812  0.3048 
   00615    0.4300    -246.3617  0.3711 
   00616    0.3900    -248.6623  0.3766 
   00617    0.4200    -230.9328  0.3563 
   00618    0.4700    -224.3128  0.3863 
   00619    0.5000    -231.9226  0.3806 
   00620    0.5700    -254.4324  0.4132 
   00621    0.4500    -232.5452  0.4194 
   00622    0.4900    -229.7125  0.4722 
   00623    0.5000    -227.1185  0.5099 
   00624    0.5700    -223.6090  0.4884 
   00625    0.5000    -223.6650  0.5218 
   00626    0.4800    -229.4562  0.4585 
   00627    0.4900    -214.6776  0.4265 
   00628    0.5000    -221.3372  0.4130 
   00629    0.5600    -217.2582  0.4523 
   00630    0.5400    -219.9832  0.4558 
   00631    0.5200    -216.1452  0.4482 
   00632    0.4500    -217.1618  0.4322 
   00633    0.5300    -225.5893  0.4129 
   00634    0.4700    -222.3698  0.3641 
   00635    0.5300    -231.9024  0.3593 
   00636    0.5000    -222.2843  0.3529 
   00637    0.5900    -223.5168  0.3700 
   00638    0.4700    -235.7303  0.4152 
   00639    0.4400    -244.1785  0.3983 
   00640    0.4100    -231.0713  0.3903 
   00641    0.6100    -232.0654  0.3617 
   00642    0.5100    -227.4073  0.4222 
   00643    0.5700    -221.1317  0.4076 
   00644    0.5500    -212.8450  0.3671 
   00645    0.5800    -227.3380  0.3337 
   00646    0.5400    -238.2482  0.3482 
   00647    0.5800    -212.3555  0.3690 
   00648    0.5400    -229.2170  0.4376 
   00649    0.5300    -235.2558  0.4694 
   00650    0.5300    -242.1036  0.4876 
   00651    0.5200    -242.6336  0.4459 
   00652    0.5300    -239.0688  0.4113 
   00653    0.5300    -230.4692  0.4271 
   00654    0.4500    -223.8262  0.4761 
   00655    0.5900    -227.7022  0.4601 
   00656    0.5000    -251.1972  0.4733 
   00657    0.4500    -222.9164  0.4704 
   00658    0.4500    -225.5943  0.4355 
   00659    0.4700    -234.6035  0.4832 
   00660    0.5100    -251.7712  0.4071 
   00661    0.4600    -226.1874  0.3893 
   00662    0.4700    -212.3532  0.4128 
   00663    0.5700    -211.8638  0.4511 
   00664    0.4600    -217.0144  0.5347 
   00665    0.5200    -211.3008  0.4903 
   00666    0.4800    -186.2271  0.4347 
   00667    0.5200    -192.9677  0.4510 
   00668    0.5900    -201.9967  0.4564 
   00669    0.5100    -209.7392  0.4044 
   00670    0.5100    -208.1065  0.3907 
   00671    0.5900    -209.0852  0.3673 
   00672    0.5200    -217.0832  0.2943 
   00673    0.5300    -208.9309  0.2639 
   00674    0.5300    -211.3637  0.2875 
   00675    0.5000    -222.5939  0.3196 
   00676    0.4900    -219.8199  0.2787 
   00677    0.5300    -221.1266  0.3473 
   00678    0.5200    -202.0057  0.3621 
   00679    0.4800    -199.7996  0.3376 
   00680    0.5400    -220.9693  0.3320 
   00681    0.5200    -219.1398  0.2938 
   00682    0.5100    -221.3618  0.2812 
   00683    0.5200    -207.9714  0.2880 
   00684    0.6000    -211.2460  0.3580 
   00685    0.6000    -216.9293  0.3522 
   00686    0.6100    -215.3792  0.2952 
   00687    0.5000    -218.2717  0.2920 
   00688    0.4400    -224.8864  0.3672 
   00689    0.4900    -232.6152  0.4201 
   00690    0.5100    -237.6381  0.4312 
   00691    0.5000    -229.9116  0.4429 
   00692    0.5000    -221.2345  0.4367 
   00693    0.5400    -217.0141  0.4032 
   00694    0.5000    -222.0114  0.4009 
   00695    0.4700    -220.9733  0.4133 
   00696    0.5800    -223.5154  0.3968 
   00697    0.5300    -226.9826  0.4045 
   00698    0.5100    -199.3775  0.4149 
   00699    0.4900    -226.6901  0.5302 
   00700    0.5100    -236.0585  0.4938 
   00701    0.4700    -228.0275  0.5401 
   00702    0.3900    -238.1333  0.5076 
   00703    0.5100    -240.0256  0.4224 
   00704    0.4400    -239.7337  0.4575 
   00705    0.5800    -249.9080  0.4478 
   00706    0.4500    -227.5539  0.4131 
   00707    0.4100    -232.5578  0.4024 
   00708    0.4700    -242.6925  0.4311 
   00709    0.5100    -226.8120  0.4813 
   00710    0.5400    -225.6120  0.4739 
   00711    0.6000    -216.7265  0.3802 
   00712    0.4400    -240.2544  0.3970 
   00713    0.5200    -226.8648  0.4334 
   00714    0.5700    -210.5013  0.4929 
   00715    0.4600    -210.4331  0.4298 
   00716    0.5600    -230.8342  0.4495 
   00717    0.5300    -233.2055  0.4233 
   00718    0.5300    -240.6420  0.4445 
   00719    0.4700    -216.2908  0.3803 
   00720    0.4500    -220.8703  0.3830 
   00721    0.4700    -233.0447  0.4151 
   00722    0.4100    -245.5920  0.4797 
   00723    0.5200    -223.6018  0.4746 
   00724    0.5200    -243.6897  0.4708 
   00725    0.5000    -254.3387  0.4865 
   00726    0.4800    -249.0435  0.4970 
   00727    0.4400    -243.2444  0.4865 
   00728    0.4800    -259.7646  0.5303 
   00729    0.3500    -259.1571  0.6029 
   00730    0.5300    -248.8717  0.5671 
   00731    0.4700    -235.0185  0.5662 
   00732    0.5300    -230.0745  0.4916 
   00733    0.4200    -233.2891  0.5187 
   00734    0.4900    -235.5221  0.4941 
   00735    0.5300    -239.4643  0.5177 
   00736    0.5600    -237.8850  0.5472 
   00737    0.5600    -224.0900  0.5141 
   00738    0.3800    -235.9320  0.5632 
   00739    0.5000    -223.9276  0.5317 
   00740    0.4700    -245.2430  0.5448 
   00741    0.4700    -220.1983  0.5595 
   00742    0.4100    -225.7373  0.4869 
   00743    0.4700    -247.8862  0.5133 
   00744    0.5400    -239.6583  0.5548 
   00745    0.4200    -243.6537  0.5899 
   00746    0.4300    -247.4646  0.6026 
   00747    0.5500    -236.6991  0.6379 
   00748    0.4500    -262.4571  0.7050 
   00749    0.4400    -262.2626  0.6697 
   00750    0.3700    -267.0315  0.7248 
   00751    0.3500    -277.7223  0.7511 
   00752    0.4400    -285.3217  0.7399 
   00753    0.4100    -273.6446  0.7123 
   00754    0.4600    -287.0470  0.7052 
   00755    0.2900    -290.1422  0.6890 
   00756    0.4000    -270.5454  0.6880 
   00757    0.4600    -279.6701  0.7114 
   00758    0.4100    -269.4026  0.6840 
   00759    0.4600    -282.9465  0.6844 
   00760    0.4200    -282.6296  0.6528 
   00761    0.4800    -289.0277  0.6628 
   00762    0.3500    -275.6080  0.6064 
   00763    0.4100    -258.1495  0.5748 
   00764    0.4800    -253.7931  0.6053 
   00765    0.4600    -225.3621  0.5095 
   00766    0.4600    -234.1536  0.4983 
   00767    0.4100    -248.3089  0.5358 
   00768    0.5100    -234.0026  0.4989 
   00769    0.4900    -233.6595  0.4840 
   00770    0.4700    -230.5484  0.4186 
   00771    0.4400    -242.3181  0.3851 
   00772    0.5100    -227.1670  0.3950 
   00773    0.4700    -223.4018  0.3877 
   00774    0.6500    -232.4220  0.4240 
   00775    0.5300    -209.1162  0.4153 
   00776    0.5400    -235.1153  0.4837 
   00777    0.5000    -242.0076  0.4764 
   00778    0.4300    -250.9445  0.5085 
   00779    0.5000    -230.2948  0.4615 
   00780    0.5200    -224.3641  0.4151 
   00781    0.5600    -223.4131  0.4624 
   00782    0.4700    -220.9849  0.4877 
   00783    0.3900    -214.7976  0.4583 
   00784    0.5500    -213.3165  0.4578 
   00785    0.5600    -217.1576  0.5048 
   00786    0.5700    -228.7101  0.4411 
   00787    0.4900    -230.4495  0.3774 
   00788    0.5600    -230.9773  0.3380 
   00789    0.5800    -225.7603  0.3662 
   00790    0.5600    -221.9087  0.4471 
   00791    0.5000    -216.3606  0.4589 
   00792    0.5600    -224.0084  0.4466 
   00793    0.4900    -235.7214  0.4569 
   00794    0.5200    -223.1485  0.4702 
   00795    0.5300    -224.8200  0.4952 
   00796    0.5400    -207.1040  0.4702 
   00797    0.5500    -233.6421  0.4868 
   00798    0.5600    -239.7825  0.4407 
   00799    0.5100    -252.2219  0.4133 
   00800    0.4900    -249.6206  0.4655 
   00801    0.4400    -258.6808  0.4743 
   00802    0.5000    -262.2840  0.5487 
   00803    0.4600    -259.0386  0.5908 
   00804    0.4800    -246.2945  0.5454 
   00805    0.4600    -237.6646  0.5801 
   00806    0.4700    -237.4338  0.5855 
   00807    0.4400    -240.3507  0.6080 
   00808    0.5300    -238.3133  0.6016 
   00809    0.5700    -210.1909  0.5798 
   00810    0.5700    -212.4887  0.5800 
   00811    0.4500    -223.8916  0.5863 
   00812    0.5100    -241.5515  0.5837 
   00813    0.5300    -248.7608  0.5897 
   00814    0.5600    -249.4320  0.5564 
   00815    0.5000    -244.7421  0.4987 
   00816    0.5300    -240.2304  0.4988 
   00817    0.5800    -222.2240  0.4886 
   00818    0.5100    -218.9913  0.4940 
   00819    0.6200    -196.8926  0.4937 
   00820    0.5300    -211.8274  0.4640 
   00821    0.5000    -229.5128  0.5192 
   00822    0.4800    -227.5851  0.4682 
   00823    0.5300    -227.3144  0.4847 
   00824    0.6200    -242.0061  0.4855 
   00825    0.4800    -239.8081  0.5949 
   00826    0.5100    -221.1740  0.5542 
   00827    0.4800    -228.6962  0.6072 
   00828    0.6400    -234.9818  0.5838 
   00829    0.5100    -229.9593  0.5651 
   00830    0.5100    -225.6626  0.6131 
   00831    0.5900    -241.8684  0.6313 
   00832    0.5400    -232.6779  0.6119 
   00833    0.6000    -238.4584  0.6148 
   00834    0.4000    -234.5170  0.6051 
   00835    0.4300    -265.5202  0.6357 
   00836    0.4400    -254.1122  0.6085 
   00837    0.5300    -254.7676  0.5504 
   00838    0.4100    -242.7535  0.5331 
   00839    0.4800    -252.1575  0.5730 
   00840    0.5400    -251.2109  0.5602 
   00841    0.4200    -261.4758  0.5723 
   00842    0.5100    -240.5141  0.5351 
   00843    0.5100    -247.8819  0.5553 
   00844    0.2700    -247.1361  0.5333 
   00845    0.3700    -247.7248  0.4813 
   00846    0.4100    -257.8058  0.4397 
   00847    0.4000    -249.2818  0.4893 
   00848    0.4000    -246.4172  0.5152 
   00849    0.5600    -251.4157  0.4744 
   00850    0.4800    -246.7946  0.5091 
   00851    0.4200    -254.0402  0.5235 
   00852    0.5100    -226.0440  0.4686 
   00853    0.5500    -229.7902  0.5372 
   00854    0.4100    -240.8458  0.5820 
   00855    0.4700    -245.1531  0.5352 
   00856    0.4700    -257.3815  0.5398 
   00857    0.5300    -233.1345  0.5241 
   00858    0.6000    -240.7149  0.5454 
   00859    0.4300    -229.2494  0.5102 
   00860    0.4900    -230.3534  0.5394 
   00861    0.4900    -234.2108  0.5182 
   00862    0.4100    -242.1058  0.5535 
   00863    0.4800    -233.0854  0.5602 
   00864    0.4600    -242.7838  0.5539 
   00865    0.4800    -222.4114  0.5097 
   00866    0.5100    -237.7788  0.5242 
   00867    0.4800    -242.4273  0.4542 
   00868    0.4800    -226.3450  0.4832 
   00869    0.4600    -234.2095  0.4640 
   00870    0.4000    -246.1704  0.4644 
   00871    0.4400    -241.2621  0.4456 
   00872    0.4400    -263.5197  0.4354 
   00873    0.4700    -269.2447  0.3959 
   00874    0.5200    -255.2377  0.3900 
   00875    0.4800    -249.5536  0.4481 
   00876    0.5200    -245.0739  0.4869 
   00877    0.4900    -228.3273  0.4884 
   00878    0.5300    -243.6085  0.4962 
   00879    0.4600    -252.3119  0.4706 
   00880    0.4700    -241.5896  0.4347 
   00881    0.4600    -237.7671  0.4489 
   00882    0.4500    -234.3199  0.4459 
   00883    0.4600    -228.9703  0.3870 
   00884    0.4900    -222.6662  0.3881 
   00885    0.4500    -217.2605  0.3495 
   00886    0.4800    -203.2400  0.3783 
   00887    0.4900    -219.0618  0.4415 
   00888    0.4700    -228.7692  0.4340 
   00889    0.5000    -237.8489  0.4355 
   00890    0.5200    -231.9077  0.3874 
   00891    0.4900    -223.2787  0.4023 
   00892    0.5700    -230.2089  0.3644 
   00893    0.5500    -219.5375  0.3638 
   00894    0.5300    -201.7255  0.2742 
   00895    0.5900    -199.0705  0.2969 
   00896    0.5400    -212.7051  0.2950 
   00897    0.4500    -226.2247  0.3187 
   00898    0.4600    -224.5089  0.3627 
   00899    0.4800    -231.0381  0.3458 
   00900    0.4500    -240.5342  0.3876 
   00901    0.5200    -232.8055  0.3739 
   00902    0.4600    -239.6744  0.4170 
   00903    0.5400    -248.9097  0.4295 
   00904    0.5100    -243.5397  0.4752 
   00905    0.4500    -238.9259  0.4683 
   00906    0.5100    -238.5775  0.4263 
   00907    0.6000    -234.5802  0.4581 
   00908    0.6200    -238.6047  0.3747 
   00909    0.4300    -228.4887  0.3396 
   00910    0.4900    -228.3750  0.3649 
   00911    0.4700    -207.5489  0.3416 
   00912    0.5000    -205.3549  0.3662 
   00913    0.6100    -205.5149  0.3883 
   00914    0.5900    -208.8064  0.3760 
   00915    0.5900    -212.6725  0.3133 
   00916    0.5100    -210.1342  0.3522 
   00917    0.5200    -210.6003  0.3361 
   00918    0.5100    -208.7131  0.4155 
   00919    0.5100    -222.8211  0.4687 
   00920    0.5500    -219.8662  0.4096 
   00921    0.5200    -217.6735  0.4605 
   00922    0.4500    -231.4236  0.4425 
   00923    0.4900    -207.8662  0.4003 
   00924    0.5600    -227.6575  0.3812 
   00925    0.4900    -257.1659  0.3194 
   00926    0.3900    -247.4726  0.2974 
   00927    0.5200    -243.0170  0.3198 
   00928    0.4700    -242.2101  0.2801 
   00929    0.4500    -234.8426  0.3289 
   00930    0.4900    -241.6239  0.3520 
   00931    0.6100    -211.3239  0.4143 
   00932    0.4600    -209.3105  0.4371 
   00933    0.5600    -215.7118  0.3940 
   00934    0.5000    -217.0580  0.3871 
   00935    0.5700    -209.6318  0.3350 
   00936    0.5300    -219.5114  0.3600 
   00937    0.5600    -226.2786  0.3919 
   00938    0.4500    -215.4797  0.4100 
   00939    0.5600    -213.0101  0.4571 
   00940    0.5300    -214.9818  0.4523 
   00941    0.5400    -219.0091  0.4585 
   00942    0.5800    -207.7378  0.4081 
   00943    0.4800    -227.2886  0.4054 
   00944    0.5000    -219.7531  0.4734 
   00945    0.5700    -221.0438  0.4779 
   00946    0.4800    -233.8060  0.3997 
   00947    0.4500    -237.5768  0.4245 
   00948    0.4500    -231.9910  0.4424 
   00949    0.5100    -254.5711  0.5053 
   00950    0.4500    -241.1417  0.5094 
   00951    0.5300    -228.7622  0.5644 
   00952    0.5300    -233.5240  0.5363 
   00953    0.4100    -240.3347  0.5931 
   00954    0.5200    -244.3669  0.5779 
   00955    0.4900    -246.7590  0.5763 
   00956    0.4200    -227.1243  0.5317 
   00957    0.4400    -230.2269  0.5136 
   00958    0.4400    -228.5095  0.5246 
   00959    0.5100    -235.4506  0.5730 
   00960    0.4700    -243.2749  0.5129 
   00961    0.3800    -246.6964  0.5948 
   00962    0.5000    -253.2264  0.5853 
   00963    0.4500    -280.7659  0.6255 
   00964    0.4000    -281.3484  0.6367 
   00965    0.4500    -271.2345  0.6257 
   00966    0.3900    -265.3130  0.6246 
   00967    0.3000    -272.6194  0.6134 
   00968    0.5100    -259.4602  0.6410 
   00969    0.4800    -238.8380  0.6033 
   00970    0.3900    -256.3470  0.6239 
   00971    0.4600    -252.3470  0.6423 
   00972    0.4300    -270.7144  0.6942 
   00973    0.4300    -289.9664  0.7378 
   00974    0.4200    -284.0623  0.7352 
   00975    0.5000    -275.4342  0.7554 
   00976    0.5300    -278.7210  0.7446 
   00977    0.4400    -273.6925  0.7279 
   00978    0.4500    -244.4021  0.6957 
   00979    0.4400    -262.3364  0.6941 
   00980    0.5400    -247.7608  0.6560 
   00981    0.4700    -247.1415  0.6274 
   00982    0.4700    -254.0030  0.6149 
   00983    0.4500    -264.4071  0.6184 
   00984    0.3900    -264.9123  0.6004 
   00985    0.3700    -270.5093  0.5608 
   00986    0.4700    -267.9971  0.5724 
   00987    0.4200    -264.7001  0.5688 
   00988    0.4800    -247.2006  0.5641 
   00989    0.4300    -248.8957  0.5704 
   00990    0.5200    -258.3230  0.5914 
   00991    0.4200    -278.2145  0.6292 
   00992    0.4700    -267.8778  0.6600 
   00993    0.4500    -255.8716  0.6499 
   00994    0.3600    -244.4841  0.6334 
   00995    0.4200    -243.3725  0.6683 
   00996    0.4600    -230.2944  0.6435 
   00997    0.5000    -229.1538  0.5870 
   00998    0.5300    -232.9664  0.5803 
   00999    0.4900    -234.9472  0.5924 
   01000    0.4900    -220.9251  0.5550 
