#=====================================================
# File created:        Fri-08-Mar-2024-at-05-09-44PM
# Size of lattice:     10x10
# Number of MC steps:  1000
# Reduced temperature: 1.000
# Run time (s):        12.561399
#=====================================================
# MC step:  Ratio:     Energy:   Order:
#=====================================================
   00000    0.5000     -90.7500  0.3392 
   00001    0.7500    -117.6699  0.3239 
   00002    0.6200    -177.3476  0.3865 
   00003    0.6300    -192.7420  0.4467 
   00004    0.5700    -192.1372  0.4364 
   00005    0.6000    -205.1042  0.3900 
   00006    0.5300    -207.4735  0.3921 
   00007    0.5000    -201.9422  0.3680 
   00008    0.6200    -207.1835  0.3488 
   00009    0.5900    -211.0720  0.4062 
   00010    0.5100    -226.4195  0.4436 
   00011    0.5000    -223.1906  0.3647 
   00012    0.5700    -215.4174  0.3981 
   00013    0.6200    -192.9443  0.3035 
   00014    0.4900    -221.7384  0.3352 
   00015    0.5200    -220.7776  0.4083 
   00016    0.5700    -223.0942  0.5012 
   00017    0.4800    -246.7705  0.5414 
   00018    0.4700    -250.0658  0.5526 
   00019    0.4100    -250.0662  0.5392 
   00020    0.5000    -244.5559  0.5409 
   00021    0.4900    -230.0341  0.4849 
   00022    0.4900    -223.7064  0.5215 
   00023    0.5500    -219.5548  0.5502 
   00024    0.5000    -232.6200  0.5215 
   00025    0.4200    -227.7173  0.5254 
   00026    0.5500    -205.5774  0.5409 
   00027    0.5300    -186.9643  0.5200 
   00028    0.5200    -198.1995  0.5478 
   00029    0.6100    -207.0583  0.5714 
   00030    0.4100    -218.9261  0.5782 
   00031    0.4800    -220.2550  0.5351 
   00032    0.5300    -213.9331  0.5234 
   00033    0.5500    -226.8097  0.5325 
   00034    0.4700    -233.9206  0.5533 
   00035    0.5000    -246.7849  0.5223 
   00036    0.4200    -229.2682  0.4713 
   00037    0.5000    -241.2085  0.5022 
   00038    0.5700    -201.5819  0.4102 
   00039    0.6400    -195.1730  0.3493 
   00040    0.5700    -194.6661  0.3615 
   00041    0.6000    -182.1395  0.3343 
   00042    0.5800    -179.2233  0.3466 
   00043    0.6000    -218.8048  0.3834 
   00044    0.4400    -227.3086  0.3656 
   00045    0.4900    -216.5372  0.4135 
   00046    0.5100    -226.3873  0.3719 
   00047    0.5000    -225.4934  0.3441 
   00048    0.5900    -225.5930  0.3947 
   00049    0.4900    -224.2353  0.4761 
   00050    0.5200    -227.7198  0.4896 
   00051    0.4500    -238.0708  0.4962 
   00052    0.5100    -248.4248  0.4686 
   00053    0.4600    -257.1606  0.4857 
   00054    0.5500    -241.6538  0.4576 
   00055    0.5500    -227.1320  0.4599 
   00056    0.5000    -219.3837  0.4762 
   00057    0.5500    -215.2390  0.4195 
   00058    0.5500    -190.5506  0.4304 
   00059    0.5700    -201.8083  0.4336 
   00060    0.5400    -201.0951  0.4110 
   00061    0.5900    -205.3026  0.3766 
   00062    0.6100    -228.0071  0.4182 
   00063    0.5900    -227.9579  0.4323 
   00064    0.4000    -231.4623  0.3906 
   00065    0.4500    -250.2707  0.4091 
   00066    0.6000    -223.9492  0.4525 
   00067    0.5200    -220.4635  0.4157 
   00068    0.4700    -213.4386  0.4236 
   00069    0.5500    -231.3262  0.3632 
   00070    0.5000    -232.1657  0.3765 
   00071    0.5400    -231.5568  0.3526 
   00072    0.5200    -233.0004  0.2631 
   00073    0.5000    -227.3313  0.3591 
   00074    0.5500    -237.1071  0.3837 
   00075    0.6700    -226.4043  0.3854 
   00076    0.5200    -226.6961  0.3769 
   00077    0.5900    -206.3734  0.3651 
   00078    0.5300    -196.3770  0.3115 
   00079    0.5100    -196.3738  0.3731 
   00080    0.5700    -224.2873  0.3765 
   00081    0.6000    -228.7442  0.3674 
   00082    0.5000    -239.8826  0.3943 
   00083    0.5200    -232.0915  0.3542 
   00084    0.5000    -218.9060  0.3957 
   00085    0.5200    -223.7477  0.3385 
   00086    0.5400    -229.4145  0.3164 
   00087    0.5300    -211.2461  0.3341 
   00088    0.4700    -216.5750  0.3433 
   00089    0.5800    -198.4253  0.2924 
   00090    0.6000    -212.9313  0.3918 
   00091    0.5800    -231.0189  0.3972 
   00092    0.5900    -223.1563  0.3505 
   00093    0.5000    -230.8214  0.3538 
   00094    0.4100    -223.2980  0.3473 
   00095    0.5400    -226.9427  0.3648 
   00096    0.4600    -223.7697  0.3707 
   00097    0.4300    -225.2792  0.4385 
   00098    0.5500    -218.4292  0.4718 
   00099    0.5000    -219.8677  0.4371 
   00100    0.5900    -238.6547  0.4376 
   00101    0.4900    -247.9404  0.4617 
   00102    0.4800    -236.1394  0.4644 
   00103    0.4400    -247.3926  0.4399 
   00104    0.4300    -233.8603  0.4452 
   00105    0.5600    -227.6964  0.4549 
   00106    0.5600    -236.1016  0.4548 
   00107    0.5500    -229.1291  0.4588 
   00108    0.5100    -228.9427  0.4451 
   00109    0.4400    -241.2238  0.4684 
   00110    0.4000    -232.1727  0.4309 
   00111    0.3800    -245.2167  0.4213 
   00112    0.5900    -235.4912  0.4356 
   00113    0.4800    -231.9928  0.4383 
   00114    0.5100    -224.3579  0.4678 
   00115    0.4400    -214.9416  0.4339 
   00116    0.4800    -216.0737  0.4748 
   00117    0.4700    -234.2309  0.4815 
   00118    0.4600    -239.9412  0.4748 
   00119    0.4600    -248.0105  0.4959 
   00120    0.5000    -236.2478  0.4169 
   00121    0.4600    -230.6199  0.4298 
   00122    0.5000    -233.0561  0.4367 
   00123    0.4400    -219.9912  0.3591 
   00124    0.5800    -208.6693  0.3502 
   00125    0.5400    -212.6049  0.3206 
   00126    0.4900    -207.6701  0.2988 
   00127    0.5100    -224.2486  0.3324 
   00128    0.5400    -220.4511  0.3546 
   00129    0.5300    -220.8579  0.4221 
   00130    0.4300    -217.7393  0.4122 
   00131    0.5200    -205.8394  0.3902 
   00132    0.5300    -231.1931  0.4276 
   00133    0.5000    -207.1133  0.4028 
   00134    0.5100    -228.9472  0.3929 
   00135    0.5000    -239.0444  0.4387 
   00136    0.5700    -230.8377  0.4845 
   00137    0.4800    -262.1171  0.5144 
   00138    0.4100    -264.5583  0.5171 
   00139    0.3900    -266.0310  0.5208 
   00140    0.4900    -280.1136  0.4990 
   00141    0.4900    -267.8526  0.4862 
   00142    0.4900    -257.1685  0.4741 
   00143    0.3800    -245.3376  0.4466 
   00144    0.4800    -242.8659  0.5036 
   00145    0.4800    -243.6344  0.5423 
   00146    0.4800    -229.9739  0.5688 
   00147    0.4600    -256.9135  0.5976 
   00148    0.5400    -243.0761  0.5087 
   00149    0.4900    -230.7061  0.5852 
   00150    0.4300    -239.2613  0.6041 
   00151    0.5000    -254.5451  0.5668 
   00152    0.4800    -241.2353  0.5266 
   00153    0.4700    -255.0815  0.5910 
   00154    0.5000    -260.2852  0.5626 
   00155    0.4200    -247.5896  0.5081 
   00156    0.3900    -253.5996  0.5004 
   00157    0.4900    -246.2460  0.5184 
   00158    0.5500    -235.5757  0.5519 
   00159    0.5100    -234.8566  0.5171 
   00160    0.5300    -219.8740  0.5430 
   00161    0.4400    -249.7388  0.5862 
   00162    0.4300    -256.9398  0.5851 
   00163    0.4200    -251.9630  0.5125 
   00164    0.4900    -249.4716  0.5427 
   00165    0.4800    -250.1857  0.5255 
   00166    0.4700    -245.6554  0.4998 
   00167    0.5000    -249.0254  0.5262 
   00168    0.5700    -237.7566  0.5653 
   00169    0.4800    -250.7671  0.5576 
   00170    0.4900    -245.6899  0.5739 
   00171    0.4900    -229.7445  0.5225 
   00172    0.4800    -221.4587  0.4815 
   00173    0.4700    -215.3485  0.4378 
   00174    0.6000    -224.0130  0.4506 
   00175    0.5600    -218.4816  0.4073 
   00176    0.5700    -213.6950  0.3781 
   00177    0.4800    -208.3304  0.4114 
   00178    0.5700    -207.4434  0.3668 
   00179    0.5900    -202.7299  0.4461 
   00180    0.4700    -224.6943  0.5043 
   00181    0.5200    -231.9889  0.5273 
   00182    0.5500    -225.7832  0.4909 
   00183    0.6000    -230.1164  0.4956 
   00184    0.5300    -216.9152  0.5086 
   00185    0.4800    -218.9791  0.5227 
   00186    0.4800    -216.6866  0.6094 
   00187    0.5300    -244.1269  0.5962 
   00188    0.5600    -234.3571  0.5845 
   00189    0.4800    -244.8578  0.6357 
   00190    0.4900    -223.8799  0.6004 
   00191    0.4800    -240.6265  0.6072 
   00192    0.5300    -231.5516  0.5889 
   00193    0.5200    -230.3686  0.5359 
   00194    0.5300    -220.2253  0.4507 
   00195    0.5000    -235.0557  0.4598 
   00196    0.5500    -247.9959  0.4807 
   00197    0.5100    -254.3854  0.4751 
   00198    0.5000    -257.0767  0.4190 
   00199    0.4200    -270.7650  0.4232 
   00200    0.4900    -251.7156  0.4544 
   00201    0.5500    -251.9116  0.4828 
   00202    0.4800    -244.6359  0.4785 
   00203    0.4500    -232.7993  0.5194 
   00204    0.4500    -242.2022  0.5087 
   00205    0.5600    -226.3598  0.4570 
   00206    0.4900    -223.6204  0.4519 
   00207    0.4700    -233.5832  0.4605 
   00208    0.6000    -214.9781  0.4152 
   00209    0.6000    -223.2970  0.3776 
   00210    0.5500    -218.7502  0.4015 
   00211    0.5400    -220.5757  0.4371 
   00212    0.4400    -219.3635  0.4536 
   00213    0.5000    -224.0859  0.4452 
   00214    0.4300    -210.2982  0.4121 
   00215    0.5300    -213.1750  0.3811 
   00216    0.5600    -193.7347  0.3729 
   00217    0.5100    -193.4833  0.4046 
   00218    0.5600    -195.3728  0.3776 
   00219    0.5100    -191.0904  0.4108 
   00220    0.6100    -194.8907  0.4506 
   00221    0.4800    -199.4662  0.4399 
   00222    0.6300    -215.1776  0.3951 
   00223    0.5300    -224.9343  0.3974 
   00224    0.5600    -246.6218  0.3898 
   00225    0.4500    -259.9452  0.3968 
   00226    0.4500    -242.0470  0.3770 
   00227    0.4500    -227.2489  0.4087 
   00228    0.5300    -212.5536  0.3505 
   00229    0.5300    -224.7618  0.3799 
   00230    0.5700    -226.5703  0.3511 
   00231    0.5000    -236.6977  0.3480 
   00232    0.4500    -234.1084  0.3431 
   00233    0.4600    -229.7905  0.3545 
   00234    0.5300    -229.4774  0.3688 
   00235    0.4700    -207.4074  0.3724 
   00236    0.5300    -192.5183  0.4389 
   00237    0.5700    -190.8003  0.3969 
   00238    0.5300    -197.3264  0.4022 
   00239    0.4600    -214.8025  0.4802 
   00240    0.5300    -215.1953  0.5238 
   00241    0.5800    -214.7374  0.5352 
   00242    0.4900    -243.1757  0.6012 
   00243    0.3900    -233.9739  0.6223 
   00244    0.5300    -224.1725  0.5250 
   00245    0.5500    -212.6205  0.5193 
   00246    0.5400    -221.1458  0.4906 
   00247    0.5200    -234.0429  0.4798 
   00248    0.4500    -224.9716  0.5438 
   00249    0.4700    -223.0229  0.5230 
   00250    0.5100    -221.5511  0.5011 
   00251    0.5100    -211.2909  0.4834 
   00252    0.5300    -213.7888  0.5188 
   00253    0.4800    -230.0339  0.5166 
   00254    0.5500    -229.8286  0.5339 
   00255    0.5900    -211.9882  0.4671 
   00256    0.5400    -213.2437  0.5661 
   00257    0.4700    -241.2989  0.5796 
   00258    0.5600    -225.7773  0.5377 
   00259    0.5000    -227.5620  0.5501 
   00260    0.4200    -232.3742  0.5396 
   00261    0.5500    -237.0406  0.5710 
   00262    0.5200    -223.8302  0.5823 
   00263    0.5300    -223.7322  0.5677 
   00264    0.5300    -220.0973  0.5418 
   00265    0.5700    -214.9087  0.4725 
   00266    0.5600    -229.0523  0.5150 
   00267    0.5100    -226.9649  0.5644 
   00268    0.5400    -232.8774  0.5511 
   00269    0.5500    -227.0786  0.5529 
   00270    0.4000    -244.2999  0.5804 
   00271    0.4900    -257.9882  0.5677 
   00272    0.4200    -244.6091  0.5563 
   00273    0.4000    -210.7984  0.5119 
   00274    0.6000    -209.2917  0.4554 
   00275    0.6300    -210.0086  0.3955 
   00276    0.5000    -202.5961  0.3028 
   00277    0.5800    -202.8413  0.2616 
   00278    0.5100    -210.3195  0.2734 
   00279    0.5900    -217.8425  0.3297 
   00280    0.5200    -223.6195  0.3880 
   00281    0.5300    -213.5562  0.3069 
   00282    0.5000    -218.3179  0.3318 
   00283    0.4300    -227.0060  0.3771 
   00284    0.4100    -223.8428  0.4060 
   00285    0.5500    -226.9533  0.4703 
   00286    0.5300    -212.6895  0.4636 
   00287    0.5400    -223.3555  0.4759 
   00288    0.5100    -224.6232  0.4909 
   00289    0.5200    -212.8877  0.4926 
   00290    0.5500    -225.8058  0.4734 
   00291    0.5100    -219.8953  0.3827 
   00292    0.4600    -233.1687  0.3807 
   00293    0.5600    -238.8522  0.4015 
   00294    0.5600    -247.8094  0.4919 
   00295    0.4200    -245.1972  0.4196 
   00296    0.4000    -248.8446  0.4417 
   00297    0.4900    -244.8699  0.4689 
   00298    0.4700    -256.6831  0.5290 
   00299    0.4500    -248.9544  0.5286 
   00300    0.4500    -237.9104  0.5260 
   00301    0.5100    -230.6195  0.4921 
   00302    0.4400    -239.8766  0.5128 
   00303    0.4600    -233.0973  0.5032 
   00304    0.5600    -220.2068  0.5222 
   00305    0.5600    -223.1260  0.5610 
   00306    0.5600    -249.4563  0.5469 
   00307    0.5200    -251.0424  0.5255 
   00308    0.4800    -258.4017  0.5374 
   00309    0.5200    -249.1799  0.5342 
   00310    0.5300    -240.7374  0.4812 
   00311    0.5100    -238.6200  0.4548 
   00312    0.5100    -246.5245  0.4805 
   00313    0.4200    -260.1638  0.5561 
   00314    0.4000    -264.1652  0.5745 
   00315    0.4900    -272.7000  0.5829 
   00316    0.4400    -263.6155  0.5706 
   00317    0.4600    -232.2448  0.5148 
   00318    0.5500    -239.8150  0.5705 
   00319    0.5200    -234.7324  0.5639 
   00320    0.4800    -240.5193  0.5776 
   00321    0.5500    -221.0887  0.5432 
   00322    0.5100    -244.9944  0.6050 
   00323    0.4900    -244.1907  0.5907 
   00324    0.4200    -255.9422  0.5940 
   00325    0.3800    -258.1516  0.6005 
   00326    0.4000    -268.8234  0.5891 
   00327    0.4200    -265.4294  0.5761 
   00328    0.4200    -267.5941  0.5586 
   00329    0.4200    -266.3800  0.6015 
   00330    0.4600    -249.8293  0.5907 
   00331    0.4600    -238.6317  0.5599 
   00332    0.5000    -220.5810  0.5689 
   00333    0.5100    -244.9987  0.5407 
   00334    0.4400    -230.0600  0.5520 
   00335    0.4400    -242.8327  0.5552 
   00336    0.5000    -246.4794  0.5320 
   00337    0.5200    -254.2398  0.6179 
   00338    0.3700    -246.9862  0.5627 
   00339    0.4700    -235.4700  0.5640 
   00340    0.4100    -260.0768  0.6026 
   00341    0.4700    -255.5541  0.6408 
   00342    0.5000    -243.5368  0.6264 
   00343    0.5000    -237.6732  0.5824 
   00344    0.5700    -224.5624  0.5027 
   00345    0.4800    -222.6348  0.4684 
   00346    0.6800    -196.5926  0.4210 
   00347    0.6000    -216.4322  0.4769 
   00348    0.5300    -208.3699  0.4738 
   00349    0.6800    -208.7154  0.5154 
   00350    0.5600    -212.5560  0.5158 
   00351    0.5400    -195.1641  0.4400 
   00352    0.5500    -216.8829  0.4432 
   00353    0.5700    -220.2253  0.3900 
   00354    0.5200    -211.6136  0.3586 
   00355    0.4900    -211.6231  0.2982 
   00356    0.5200    -218.4394  0.3307 
   00357    0.5300    -220.6938  0.3100 
   00358    0.5100    -221.9312  0.3361 
   00359    0.4500    -240.5106  0.3917 
   00360    0.5200    -243.4484  0.3777 
   00361    0.5000    -245.0421  0.3346 
   00362    0.5000    -251.1096  0.3968 
   00363    0.4800    -258.5761  0.4036 
   00364    0.4400    -252.1183  0.4552 
   00365    0.4000    -237.4950  0.4643 
   00366    0.4600    -246.8695  0.4767 
   00367    0.5100    -240.7541  0.4540 
   00368    0.4800    -238.4122  0.4077 
   00369    0.5900    -224.8279  0.3553 
   00370    0.5100    -235.7990  0.4162 
   00371    0.4300    -255.5304  0.4583 
   00372    0.4500    -226.9207  0.4104 
   00373    0.4800    -231.9949  0.4232 
   00374    0.4600    -240.0552  0.4071 
   00375    0.4300    -247.5111  0.3595 
   00376    0.4400    -255.5237  0.3264 
   00377    0.4000    -250.0746  0.3443 
   00378    0.6200    -225.6484  0.2888 
   00379    0.5300    -225.1688  0.2780 
   00380    0.5200    -206.9587  0.3241 
   00381    0.5700    -205.5165  0.3628 
   00382    0.5600    -211.0854  0.3505 
   00383    0.5300    -223.5439  0.4939 
   00384    0.4400    -241.5872  0.5591 
   00385    0.4500    -257.6551  0.5656 
   00386    0.4300    -262.1886  0.5866 
   00387    0.4800    -269.8947  0.6197 
   00388    0.3500    -265.5803  0.5958 
   00389    0.4300    -261.0215  0.6170 
   00390    0.4100    -270.4561  0.6712 
   00391    0.4300    -260.4848  0.6654 
   00392    0.4900    -273.3846  0.6534 
   00393    0.5100    -261.0659  0.5951 
   00394    0.5300    -228.7393  0.5588 
   00395    0.5300    -227.4262  0.5709 
   00396    0.5300    -208.9139  0.5210 
   00397    0.4400    -209.7846  0.5084 
   00398    0.4700    -220.1153  0.4855 
   00399    0.5700    -238.6739  0.5046 
   00400    0.5300    -235.9398  0.4790 
   00401    0.4500    -230.1990  0.5332 
   00402    0.6200    -224.4325  0.5517 
   00403    0.5400    -249.2100  0.5573 
   00404    0.5200    -248.5811  0.5573 
   00405    0.4300    -234.4441  0.5288 
   00406    0.4800    -240.0184  0.5523 
   00407    0.5600    -229.3237  0.6068 
   00408    0.3200    -252.0333  0.6338 
   00409    0.5600    -239.6612  0.6146 
   00410    0.4400    -257.9764  0.6441 
   00411    0.5000    -238.9282  0.6298 
   00412    0.4400    -246.1000  0.6830 
   00413    0.4200    -237.8197  0.6853 
   00414    0.5100    -231.4551  0.6629 
   00415    0.4800    -237.4600  0.6479 
   00416    0.4900    -244.3616  0.6753 
   00417    0.4100    -239.5030  0.6882 
   00418    0.4800    -250.7564  0.6587 
   00419    0.4500    -265.0088  0.6876 
   00420    0.5400    -260.6579  0.6731 
   00421    0.4400    -257.6246  0.7011 
   00422    0.3900    -245.8365  0.6187 
   00423    0.5100    -247.0293  0.6505 
   00424    0.4600    -232.1047  0.5942 
   00425    0.4500    -242.7310  0.6381 
   00426    0.4500    -243.3643  0.6147 
   00427    0.4100    -262.3826  0.6559 
   00428    0.4800    -258.0658  0.6691 
   00429    0.4400    -251.9925  0.6604 
   00430    0.4800    -267.9514  0.6615 
   00431    0.3800    -270.1343  0.6895 
   00432    0.4400    -260.2094  0.6818 
   00433    0.4100    -263.1751  0.6811 
   00434    0.5100    -265.3348  0.6604 
   00435    0.4800    -269.6997  0.6926 
   00436    0.3700    -272.5421  0.7118 
   00437    0.4800    -245.1262  0.6789 
   00438    0.4500    -247.5541  0.6823 
   00439    0.4300    -260.3964  0.6661 
   00440    0.4700    -254.4590  0.6511 
   00441    0.4900    -250.2233  0.6546 
   00442    0.4300    -255.6212  0.6484 
   00443    0.5500    -225.6999  0.6082 
   00444    0.5800    -215.9089  0.5940 
   00445    0.5100    -229.3927  0.6001 
   00446    0.5700    -243.7432  0.6577 
   00447    0.5000    -252.2002  0.6443 
   00448    0.4700    -234.1270  0.5859 
   00449    0.4600    -251.9881  0.6331 
   00450    0.5000    -223.0985  0.5512 
   00451    0.5300    -243.7698  0.5852 
   00452    0.4200    -256.2671  0.5508 
   00453    0.4500    -246.9299  0.5497 
   00454    0.4400    -232.9013  0.4789 
   00455    0.4800    -247.6586  0.5509 
   00456    0.4600    -247.8014  0.6188 
   00457    0.4300    -260.4617  0.6446 
   00458    0.4000    -275.3021  0.6836 
   00459    0.4300    -275.0080  0.6991 
   00460    0.3800    -274.5278  0.7145 
   00461    0.4900    -270.8686  0.6786 
   00462    0.4900    -258.8178  0.6582 
   00463    0.4200    -255.7209  0.6583 
   00464    0.3500    -247.5139  0.6360 
   00465    0.4500    -257.2815  0.6570 
   00466    0.4000    -248.2244  0.6646 
   00467    0.4100    -235.1395  0.6203 
   00468    0.4900    -242.5842  0.5811 
   00469    0.4900    -247.4006  0.5228 
   00470    0.4200    -251.0103  0.5398 
   00471    0.5800    -243.1010  0.5397 
   00472    0.4900    -228.1806  0.5313 
   00473    0.5100    -238.0130  0.5176 
   00474    0.4300    -237.4841  0.5053 
   00475    0.4900    -233.6392  0.4898 
   00476    0.4600    -244.6558  0.4817 
   00477    0.5100    -235.9490  0.4609 
   00478    0.5500    -210.8599  0.4500 
   00479    0.3900    -222.7546  0.4320 
   00480    0.5300    -233.9497  0.3779 
   00481    0.3700    -232.3061  0.3415 
   00482    0.5500    -213.0807  0.4169 
   00483    0.4800    -209.0073  0.4167 
   00484    0.4900    -215.5723  0.3901 
   00485    0.4700    -249.2820  0.4152 
   00486    0.4400    -233.3892  0.4002 
   00487    0.5100    -230.3391  0.4238 
   00488    0.4300    -269.9311  0.4632 
   00489    0.4600    -266.7262  0.4668 
   00490    0.5100    -251.5309  0.4704 
   00491    0.3900    -257.3032  0.4874 
   00492    0.4400    -255.7197  0.4910 
   00493    0.4800    -260.4301  0.4359 
   00494    0.4300    -258.9222  0.5008 
   00495    0.5000    -262.0922  0.4945 
   00496    0.4300    -250.8895  0.4531 
   00497    0.4800    -242.2732  0.3940 
   00498    0.5100    -242.3760  0.4188 
   00499    0.5500    -231.6799  0.3859 
   00500    0.6200    -218.9825  0.3353 
   00501    0.4200    -234.3257  0.3413 
   00502    0.5400    -240.3791  0.4064 
   00503    0.4500    -238.5333  0.3568 
   00504    0.4600    -240.6807  0.4162 
   00505    0.4400    -240.4040  0.4045 
   00506    0.5900    -240.8835  0.4160 
   00507    0.4900    -235.6978  0.3835 
   00508    0.4800    -230.3558  0.3546 
   00509    0.4900    -236.0050  0.4101 
   00510    0.5000    -240.1750  0.4898 
   00511    0.4900    -235.6487  0.5200 
   00512    0.4200    -242.8588  0.5382 
   00513    0.5400    -229.6707  0.5280 
   00514    0.4400    -245.6356  0.5685 
   00515    0.4100    -242.8754  0.5868 
   00516    0.5000    -250.3034  0.5883 
   00517    0.5400    -247.3881  0.6290 
   00518    0.5100    -239.8449  0.6092 
   00519    0.4100    -242.0704  0.6645 
   00520    0.4900    -225.3631  0.5838 
   00521    0.5400    -222.8503  0.5968 
   00522    0.4800    -245.9098  0.6121 
   00523    0.5100    -242.5368  0.5833 
   00524    0.5000    -240.7727  0.6257 
   00525    0.6000    -234.4588  0.5759 
   00526    0.5000    -231.2880  0.5633 
   00527    0.5200    -221.4297  0.5850 
   00528    0.5500    -222.2931  0.5848 
   00529    0.5300    -234.9595  0.5777 
   00530    0.5300    -216.0353  0.5552 
   00531    0.4200    -235.6670  0.5872 
   00532    0.4500    -235.5586  0.5313 
   00533    0.4600    -236.6390  0.5591 
   00534    0.5100    -247.0534  0.6108 
   00535    0.4700    -247.0721  0.5614 
   00536    0.4400    -253.4626  0.6077 
   00537    0.4800    -248.4396  0.6308 
   00538    0.5400    -247.7937  0.6833 
   00539    0.3700    -236.7755  0.6481 
   00540    0.5600    -232.0170  0.6344 
   00541    0.5400    -236.8179  0.6170 
   00542    0.5700    -262.2567  0.6607 
   00543    0.4500    -251.3377  0.6795 
   00544    0.4200    -247.2023  0.6823 
   00545    0.5200    -253.2510  0.6638 
   00546    0.4200    -253.1581  0.6623 
   00547    0.4900    -239.9960  0.6379 
   00548    0.5300    -230.9770  0.5773 
   00549    0.5500    -241.3881  0.5279 
   00550    0.4700    -244.3237  0.5455 
   00551    0.5300    -230.8426  0.5224 
   00552    0.4900    -251.8119  0.5714 
   00553    0.4600    -247.8066  0.5810 
   00554    0.4200    -248.1497  0.5969 
   00555    0.5100    -250.4127  0.5693 
   00556    0.5100    -240.1641  0.5500 
   00557    0.5400    -222.3137  0.5229 
   00558    0.4400    -250.7209  0.5218 
   00559    0.4200    -222.8723  0.5087 
   00560    0.5500    -203.8210  0.4467 
   00561    0.6300    -205.6923  0.4094 
   00562    0.5800    -181.3965  0.3665 
   00563    0.5400    -186.5242  0.4131 
   00564    0.6200    -190.8731  0.4083 
   00565    0.5400    -198.9473  0.4078 
   00566    0.5100    -200.1165  0.4172 
   00567    0.5400    -198.6948  0.4729 
   00568    0.5900    -214.0208  0.5220 
   00569    0.5200    -224.1808  0.5573 
   00570    0.5000    -239.6741  0.5793 
   00571    0.4300    -250.7554  0.5734 
   00572    0.5500    -254.5639  0.6160 
   00573    0.4200    -244.9455  0.6479 
   00574    0.4700    -233.1447  0.6209 
   00575    0.5900    -212.9317  0.5347 
   00576    0.4400    -231.9010  0.5346 
   00577    0.5300    -225.5558  0.5296 
   00578    0.4800    -232.7738  0.5555 
   00579    0.4900    -238.5123  0.5896 
   00580    0.5700    -236.8418  0.6282 
   00581    0.5000    -243.5173  0.6228 
   00582    0.4700    -242.0569  0.5685 
   00583    0.5700    -239.0715  0.6042 
   00584    0.5500    -240.6822  0.5353 
   00585    0.5300    -238.1029  0.5389 
   00586    0.5100    -207.0443  0.4754 
   00587    0.5000    -205.4766  0.3998 
   00588    0.5300    -230.5181  0.3842 
   00589    0.4800    -229.6524  0.4267 
   00590    0.5600    -225.0867  0.4908 
   00591    0.4700    -232.8356  0.4609 
   00592    0.5100    -232.7257  0.4412 
   00593    0.5100    -238.6819  0.3973 
   00594    0.5000    -225.5092  0.3919 
   00595    0.4200    -223.1012  0.3663 
   00596    0.5000    -204.0091  0.2798 
   00597    0.5800    -225.8678  0.3070 
   00598    0.4300    -220.7658  0.3183 
   00599    0.5300    -200.3317  0.3003 
   00600    0.5900    -203.3122  0.3120 
   00601    0.5700    -208.7058  0.3055 
   00602    0.5100    -222.4810  0.2882 
   00603    0.5900    -227.0686  0.3042 
   00604    0.4700    -236.6613  0.2771 
   00605    0.5000    -236.9486  0.2604 
   00606    0.4100    -231.1721  0.3459 
   00607    0.4900    -229.5975  0.3929 
   00608    0.5400    -216.2569  0.3873 
   00609    0.5800    -214.3550  0.3489 
   00610    0.4900    -218.3843  0.3639 
   00611    0.6000    -235.6471  0.3065 
   00612    0.4000    -238.7244  0.3316 
   00613    0.5400    -238.9143  0.3421 
   00614    0.5500    -201.7083  0.3072 
   00615    0.5600    -222.0052  0.3109 
   00616    0.6600    -227.3327  0.2846 
   00617    0.5200    -224.3718  0.3067 
   00618    0.4400    -238.9974  0.3930 
   00619    0.4600    -238.4589  0.3680 
   00620    0.5800    -254.2351  0.3844 
   00621    0.5500    -240.3855  0.3883 
   00622    0.4500    -234.2597  0.4686 
   00623    0.5000    -241.1452  0.4842 
   00624    0.4900    -224.1980  0.5073 
   00625    0.4700    -220.4519  0.5076 
   00626    0.4500    -254.3665  0.5797 
   00627    0.4700    -251.4969  0.6021 
   00628    0.4400    -266.7993  0.6024 
   00629    0.4100    -275.1788  0.6274 
   00630    0.3300    -273.1732  0.6175 
   00631    0.4400    -281.8367  0.6348 
   00632    0.4900    -273.0899  0.5609 
   00633    0.5400    -261.8681  0.5453 
   00634    0.4500    -240.6809  0.5563 
   00635    0.5400    -230.0270  0.5437 
   00636    0.4800    -230.9305  0.5203 
   00637    0.5600    -250.5497  0.5788 
   00638    0.4500    -256.0649  0.5981 
   00639    0.5100    -249.7379  0.5776 
   00640    0.4800    -262.9073  0.5627 
   00641    0.4400    -271.4541  0.5891 
   00642    0.4700    -266.1685  0.5953 
   00643    0.4500    -246.0943  0.5697 
   00644    0.4500    -255.8277  0.5634 
   00645    0.4800    -269.7204  0.5812 
   00646    0.4300    -255.6981  0.5535 
   00647    0.4400    -276.5899  0.6291 
   00648    0.4600    -258.3744  0.5999 
   00649    0.5300    -268.9903  0.6259 
   00650    0.3800    -277.5129  0.6611 
   00651    0.4100    -271.7909  0.6109 
   00652    0.4100    -267.8190  0.5973 
   00653    0.4400    -267.3787  0.5921 
   00654    0.4000    -270.5429  0.5948 
   00655    0.5400    -246.2190  0.6135 
   00656    0.5600    -246.0597  0.5569 
   00657    0.4300    -248.2163  0.5681 
   00658    0.4500    -246.8403  0.5214 
   00659    0.3900    -253.5768  0.5556 
   00660    0.4500    -255.0902  0.5832 
   00661    0.4800    -247.7551  0.5468 
   00662    0.5700    -243.7225  0.5519 
   00663    0.3900    -243.7841  0.5829 
   00664    0.5000    -238.6602  0.5495 
   00665    0.4600    -235.8024  0.5624 
   00666    0.4100    -231.7529  0.5679 
   00667    0.5000    -226.3409  0.5619 
   00668    0.5400    -235.8162  0.5891 
   00669    0.5500    -232.5638  0.5097 
   00670    0.4500    -243.6723  0.4868 
   00671    0.5100    -240.9479  0.4868 
   00672    0.4100    -253.9257  0.4683 
   00673    0.4900    -229.5578  0.4426 
   00674    0.3900    -222.3466  0.4090 
   00675    0.5000    -244.7004  0.4235 
   00676    0.4200    -232.3485  0.4653 
   00677    0.5400    -230.8511  0.4212 
   00678    0.5300    -221.5061  0.4152 
   00679    0.4400    -220.4928  0.4040 
   00680    0.4100    -232.9425  0.4178 
   00681    0.5300    -219.5144  0.3710 
   00682    0.5600    -226.8928  0.3270 
   00683    0.5200    -226.0343  0.3373 
   00684    0.5400    -231.1572  0.3402 
   00685    0.5500    -230.4544  0.3734 
   00686    0.6000    -233.6349  0.4961 
   00687    0.4900    -232.5789  0.3620 
   00688    0.5700    -245.3681  0.3814 
   00689    0.4400    -241.0383  0.3774 
   00690    0.4700    -252.6679  0.3681 
   00691    0.4200    -232.9128  0.4335 
   00692    0.5100    -224.7526  0.4512 
   00693    0.5400    -205.1024  0.4752 
   00694    0.5400    -233.1854  0.4959 
   00695    0.5700    -197.2826  0.4695 
   00696    0.5400    -214.1088  0.2949 
   00697    0.4300    -230.7625  0.3382 
   00698    0.4900    -224.5811  0.3189 
   00699    0.5300    -223.5844  0.2782 
   00700    0.6100    -220.1133  0.3371 
   00701    0.5000    -208.9485  0.3375 
   00702    0.5700    -195.6956  0.3061 
   00703    0.5000    -197.3550  0.3090 
   00704    0.5100    -216.5199  0.3290 
   00705    0.6400    -224.1205  0.3689 
   00706    0.5100    -232.2353  0.3924 
   00707    0.5300    -234.1556  0.4207 
   00708    0.4500    -238.9907  0.4846 
   00709    0.4800    -242.1461  0.4613 
   00710    0.4800    -247.6719  0.4587 
   00711    0.4800    -242.8933  0.3880 
   00712    0.4600    -249.8921  0.4355 
   00713    0.6200    -225.9029  0.4199 
   00714    0.3800    -245.8403  0.3984 
   00715    0.4900    -240.0857  0.4733 
   00716    0.5300    -220.0909  0.4112 
   00717    0.5100    -220.0434  0.4083 
   00718    0.5000    -233.7748  0.3504 
   00719    0.5000    -233.5175  0.4003 
   00720    0.5000    -238.9760  0.4225 
   00721    0.5600    -235.1852  0.4490 
   00722    0.4500    -240.8367  0.4723 
   00723    0.5400    -226.9788  0.4778 
   00724    0.5300    -234.2308  0.5179 
   00725    0.4800    -250.1932  0.5784 
   00726    0.4600    -237.6107  0.6089 
   00727    0.5000    -215.1213  0.5812 
   00728    0.5400    -239.0063  0.6569 
   00729    0.5300    -248.3900  0.6415 
   00730    0.4300    -263.5066  0.6353 
   00731    0.4500    -254.7996  0.5965 
   00732    0.4100    -278.2869  0.5964 
   00733    0.5200    -266.3694  0.5135 
   00734    0.4400    -266.4716  0.4901 
   00735    0.4700    -231.9323  0.5111 
   00736    0.5900    -249.0081  0.4873 
   00737    0.4800    -240.7892  0.4825 
   00738    0.5200    -236.2943  0.4890 
   00739    0.5000    -217.3302  0.4513 
   00740    0.4700    -207.4613  0.4209 
   00741    0.5200    -235.2271  0.4790 
   00742    0.4900    -250.1876  0.5018 
   00743    0.5300    -260.1318  0.5629 
   00744    0.4800    -260.2584  0.4984 
   00745    0.4300    -275.5989  0.5502 
   00746    0.4800    -246.1065  0.5329 
   00747    0.4800    -225.1366  0.5547 
   00748    0.5200    -234.2502  0.5849 
   00749    0.4900    -244.4313  0.6069 
   00750    0.3900    -250.3831  0.6509 
   00751    0.4800    -247.4345  0.6666 
   00752    0.4100    -260.6228  0.6767 
   00753    0.4300    -267.3039  0.7039 
   00754    0.4200    -288.2903  0.7542 
   00755    0.4200    -278.7190  0.7495 
   00756    0.4100    -280.5040  0.7055 
   00757    0.3600    -284.6107  0.7057 
   00758    0.4900    -253.1368  0.6692 
   00759    0.4900    -242.3456  0.6336 
   00760    0.4300    -225.9864  0.5822 
   00761    0.5100    -223.4051  0.5701 
   00762    0.5200    -236.4503  0.5671 
   00763    0.4700    -223.7108  0.5278 
   00764    0.4700    -260.9846  0.6030 
   00765    0.4300    -276.5092  0.5996 
   00766    0.4500    -269.7049  0.6339 
   00767    0.4800    -264.8351  0.6129 
   00768    0.4300    -234.8412  0.5571 
   00769    0.4900    -229.9480  0.5423 
   00770    0.5000    -238.6298  0.5674 
   00771    0.5600    -234.1694  0.5430 
   00772    0.5600    -226.6757  0.5449 
   00773    0.5100    -236.0448  0.5385 
   00774    0.4800    -232.2368  0.5320 
   00775    0.3800    -262.4890  0.5843 
   00776    0.4400    -246.0298  0.6128 
   00777    0.5100    -244.4019  0.6115 
   00778    0.5100    -248.1057  0.6731 
   00779    0.4900    -258.9252  0.6758 
   00780    0.4300    -283.3784  0.7149 
   00781    0.4800    -269.2202  0.6860 
   00782    0.4200    -274.4039  0.6911 
   00783    0.4400    -279.0101  0.7145 
   00784    0.3800    -277.0533  0.6947 
   00785    0.4100    -267.6893  0.6572 
   00786    0.5000    -251.3509  0.6204 
   00787    0.4100    -238.8523  0.5920 
   00788    0.4800    -227.9903  0.6197 
   00789    0.5300    -242.0281  0.6509 
   00790    0.5200    -246.9087  0.6494 
   00791    0.4600    -270.2173  0.6864 
   00792    0.3500    -274.6899  0.6837 
   00793    0.4500    -268.2060  0.6478 
   00794    0.5200    -256.5546  0.6814 
   00795    0.4400    -244.6433  0.6382 
   00796    0.4900    -245.3683  0.6481 
   00797    0.5200    -242.3318  0.6180 
   00798    0.5200    -230.6093  0.6236 
   00799    0.6000    -237.0054  0.6264 
   00800    0.5300    -243.2395  0.6622 
   00801    0.4500    -254.6613  0.6348 
   00802    0.3700    -248.0383  0.6375 
   00803    0.4900    -246.0398  0.5809 
   00804    0.5500    -226.1250  0.5817 
   00805    0.5900    -230.0092  0.5564 
   00806    0.4800    -229.5998  0.4763 
   00807    0.4800    -240.6165  0.4764 
   00808    0.5000    -232.2947  0.5378 
   00809    0.5200    -216.2820  0.5343 
   00810    0.5100    -230.8346  0.5427 
   00811    0.5600    -226.2498  0.5677 
   00812    0.6100    -250.1215  0.6326 
   00813    0.5500    -244.1470  0.5548 
   00814    0.4800    -256.0455  0.6052 
   00815    0.4100    -254.3110  0.5844 
   00816    0.5100    -233.4190  0.5579 
   00817    0.5800    -240.5775  0.5764 
   00818    0.4700    -240.4040  0.5865 
   00819    0.5000    -251.2119  0.5953 
   00820    0.5000    -239.4993  0.5887 
   00821    0.4800    -233.2108  0.5725 
   00822    0.4900    -223.2584  0.5587 
   00823    0.5100    -235.4012  0.6056 
   00824    0.5700    -249.3983  0.6336 
   00825    0.5900    -254.9390  0.6520 
   00826    0.4700    -249.3341  0.6563 
   00827    0.4000    -245.6848  0.6262 
   00828    0.4400    -245.3655  0.6046 
   00829    0.5400    -233.8920  0.5973 
   00830    0.4500    -225.9469  0.5658 
   00831    0.5500    -217.0250  0.5469 
   00832    0.5700    -217.0734  0.5558 
   00833    0.5000    -196.8148  0.5553 
   00834    0.5400    -214.0510  0.6105 
   00835    0.5300    -237.3206  0.6831 
   00836    0.4500    -244.6017  0.6980 
   00837    0.4100    -277.6384  0.7738 
   00838    0.4800    -289.1078  0.7566 
   00839    0.4600    -268.5227  0.7315 
   00840    0.4700    -260.8035  0.6893 
   00841    0.4500    -250.3739  0.6733 
   00842    0.4700    -241.8033  0.6793 
   00843    0.4900    -237.5484  0.6453 
   00844    0.4600    -262.2082  0.6650 
   00845    0.5400    -241.1393  0.6410 
   00846    0.4800    -261.6761  0.6795 
   00847    0.4600    -274.6822  0.6851 
   00848    0.4000    -275.9617  0.7152 
   00849    0.4100    -264.3548  0.6979 
   00850    0.3900    -256.5178  0.6986 
   00851    0.4700    -278.9015  0.7617 
   00852    0.3800    -267.8148  0.6935 
   00853    0.5200    -256.1506  0.6866 
   00854    0.4700    -277.4702  0.7233 
   00855    0.4500    -279.4471  0.6903 
   00856    0.4000    -261.8198  0.6409 
   00857    0.3000    -266.4848  0.6711 
   00858    0.3700    -269.4016  0.6717 
   00859    0.5500    -243.3108  0.6693 
   00860    0.4100    -256.5716  0.6897 
   00861    0.4900    -238.4615  0.6410 
   00862    0.4900    -248.9732  0.6628 
   00863    0.4500    -244.6091  0.6613 
   00864    0.4200    -251.5272  0.6692 
   00865    0.4300    -254.3106  0.6935 
   00866    0.4600    -262.7415  0.6726 
   00867    0.3700    -243.5791  0.6501 
   00868    0.5500    -243.4662  0.5684 
   00869    0.4600    -235.7601  0.5369 
   00870    0.4900    -239.1639  0.5630 
   00871    0.4600    -233.5080  0.5285 
   00872    0.5300    -238.9549  0.5794 
   00873    0.4900    -237.6312  0.5825 
   00874    0.5300    -229.8710  0.5575 
   00875    0.5100    -240.7118  0.4839 
   00876    0.4900    -248.5227  0.5098 
   00877    0.4500    -236.5416  0.5181 
   00878    0.4400    -234.5007  0.4748 
   00879    0.5100    -244.2793  0.5118 
   00880    0.5600    -238.9632  0.4961 
   00881    0.5300    -232.4122  0.4505 
   00882    0.4800    -245.1145  0.5327 
   00883    0.4600    -245.0074  0.5156 
   00884    0.5400    -252.0999  0.5527 
   00885    0.5200    -255.8069  0.5782 
   00886    0.3800    -258.9796  0.6404 
   00887    0.4600    -254.7746  0.6594 
   00888    0.4800    -238.7529  0.6374 
   00889    0.4900    -237.3683  0.6286 
   00890    0.4900    -233.7578  0.5857 
   00891    0.5800    -228.3149  0.5458 
   00892    0.6100    -232.3002  0.5640 
   00893    0.4900    -241.5150  0.5781 
   00894    0.4500    -237.3461  0.6044 
   00895    0.5800    -223.8155  0.6089 
   00896    0.4800    -194.1681  0.5263 
   00897    0.5900    -201.0870  0.4252 
   00898    0.5200    -195.4059  0.4390 
   00899    0.5800    -191.5254  0.4399 
   00900    0.5200    -195.9847  0.4099 
   00901    0.5300    -194.2699  0.4736 
   00902    0.4900    -215.1525  0.4730 
   00903    0.4400    -216.7703  0.4687 
   00904    0.5000    -213.6560  0.4472 
   00905    0.5900    -210.2565  0.4332 
   00906    0.4300    -213.1056  0.4291 
   00907    0.6400    -184.2671  0.4501 
   00908    0.5600    -183.0708  0.3907 
   00909    0.6100    -183.8851  0.3639 
   00910    0.5800    -195.0985  0.3206 
   00911    0.4400    -204.9393  0.3350 
   00912    0.5500    -219.1958  0.3911 
   00913    0.5800    -213.1215  0.3359 
   00914    0.6100    -230.1985  0.3326 
   00915    0.5400    -240.2330  0.3485 
   00916    0.5400    -220.7833  0.3624 
   00917    0.5600    -211.6631  0.3592 
   00918    0.6400    -218.4704  0.3696 
   00919    0.5500    -195.1993  0.4067 
   00920    0.6000    -194.9991  0.3968 
   00921    0.5700    -199.2998  0.4253 
   00922    0.5300    -189.1055  0.4198 
   00923    0.5000    -211.6342  0.5096 
   00924    0.4500    -208.8620  0.5565 
   00925    0.5100    -211.0459  0.5138 
   00926    0.5600    -220.5452  0.5165 
   00927    0.5300    -228.8635  0.5472 
   00928    0.5000    -219.9314  0.5098 
   00929    0.4900    -249.2045  0.5389 
   00930    0.5000    -257.6166  0.5666 
   00931    0.3400    -251.7104  0.5901 
   00932    0.5000    -245.0596  0.5195 
   00933    0.5500    -235.1211  0.4875 
   00934    0.5300    -223.8156  0.4363 
   00935    0.5600    -210.9328  0.4307 
   00936    0.5000    -216.5797  0.3567 
   00937    0.4100    -213.0129  0.3652 
   00938    0.4800    -239.7116  0.3665 
   00939    0.6000    -232.8465  0.4036 
   00940    0.5200    -225.0279  0.4055 
   00941    0.4500    -231.7912  0.4060 
   00942    0.5000    -228.6395  0.3996 
   00943    0.5000    -232.9420  0.3622 
   00944    0.5500    -208.7540  0.2997 
   00945    0.5300    -217.6820  0.3281 
   00946    0.5400    -228.0193  0.4142 
   00947    0.5400    -223.4972  0.5016 
   00948    0.5300    -227.6311  0.4780 
   00949    0.5300    -214.4998  0.5059 
   00950    0.5200    -231.5593  0.4805 
   00951    0.4600    -216.0349  0.4882 
   00952    0.5500    -222.2478  0.4672 
   00953    0.5600    -238.4508  0.4655 
   00954    0.5400    -213.5149  0.4745 
   00955    0.4800    -219.9379  0.5121 
   00956    0.4800    -222.6523  0.5324 
   00957    0.5400    -233.7348  0.5685 
   00958    0.4700    -252.7812  0.6078 
   00959    0.4700    -262.1701  0.6616 
   00960    0.4300    -267.9025  0.6759 
   00961    0.3800    -265.0577  0.6736 
   00962    0.4000    -269.6391  0.6944 
   00963    0.4700    -247.5601  0.6095 
   00964    0.4100    -250.2248  0.5327 
   00965    0.4600    -252.1663  0.5414 
   00966    0.5100    -252.8353  0.4587 
   00967    0.4800    -252.7871  0.4491 
   00968    0.4600    -255.9012  0.5161 
   00969    0.3700    -240.3560  0.5002 
   00970    0.5100    -233.5543  0.4644 
   00971    0.4700    -228.9027  0.4837 
   00972    0.6100    -200.4256  0.4685 
   00973    0.6000    -189.2352  0.4164 
   00974    0.6200    -211.7745  0.4842 
   00975    0.5400    -232.1267  0.4739 
   00976    0.4800    -226.4124  0.4788 
   00977    0.5400    -213.7458  0.4692 
   00978    0.5200    -212.0365  0.4438 
   00979    0.6000    -216.7635  0.4333 
   00980    0.5100    -236.1125  0.4534 
   00981    0.5100    -216.9426  0.4300 
   00982    0.4900    -235.7564  0.4996 
   00983    0.4100    -221.1444  0.4489 
   00984    0.5900    -225.2469  0.4469 
   00985    0.4600    -219.7945  0.4410 
   00986    0.5600    -216.5361  0.4225 
   00987    0.5400    -206.1678  0.4492 
   00988    0.5100    -210.3217  0.4477 
   00989    0.5100    -213.7640  0.4351 
   00990    0.5300    -225.6803  0.5153 
   00991    0.5300    -224.7570  0.5190 
   00992    0.5100    -214.2672  0.4705 
   00993    0.4900    -233.9382  0.4759 
   00994    0.5100    -220.4473  0.4038 
   00995    0.4700    -225.0279  0.4837 
   00996    0.4200    -208.0056  0.4830 
   00997    0.6900    -207.7095  0.4875 
   00998    0.5200    -206.3751  0.4558 
   00999    0.6100    -228.5196  0.4976 
   01000    0.5100    -236.9658  0.4739 
