#=====================================================
# File created:        Fri-08-Mar-2024-at-05-08-15PM
# Size of lattice:     10x10
# Number of MC steps:  1000
# Reduced temperature: 1.000
# Run time (s):        12.527580
#=====================================================
# MC step:  Ratio:     Energy:   Order:
#=====================================================
   00000    0.5000    -109.6765  0.3594 
   00001    0.6700    -182.3098  0.3790 
   00002    0.6700    -195.1817  0.3656 
   00003    0.5700    -191.3319  0.3512 
   00004    0.6100    -215.5605  0.3315 
   00005    0.5200    -214.4326  0.3433 
   00006    0.5600    -215.5386  0.4109 
   00007    0.5400    -209.2081  0.4453 
   00008    0.5500    -191.7840  0.4739 
   00009    0.5900    -206.2524  0.5098 
   00010    0.5200    -208.0715  0.5332 
   00011    0.5800    -231.8935  0.6044 
   00012    0.5100    -232.8106  0.5891 
   00013    0.4700    -215.9561  0.5539 
   00014    0.5300    -202.7463  0.5069 
   00015    0.5500    -202.3552  0.4922 
   00016    0.5600    -220.5940  0.5441 
   00017    0.4400    -228.5193  0.5322 
   00018    0.5800    -237.7541  0.5560 
   00019    0.4600    -254.3682  0.5886 
   00020    0.3900    -240.7705  0.5880 
   00021    0.4900    -258.4154  0.6279 
   00022    0.4800    -252.8445  0.6171 
   00023    0.4400    -240.9609  0.5935 
   00024    0.4800    -245.4746  0.6218 
   00025    0.4300    -248.8677  0.6469 
   00026    0.5800    -267.8956  0.6797 
   00027    0.5000    -264.9758  0.6141 
   00028    0.4700    -272.0398  0.6258 
   00029    0.4600    -269.2822  0.6341 
   00030    0.4000    -268.9634  0.6828 
   00031    0.4200    -266.0836  0.6716 
   00032    0.4200    -268.8535  0.6671 
   00033    0.3900    -248.1818  0.6175 
   00034    0.4500    -269.8552  0.6493 
   00035    0.4800    -271.5371  0.6456 
   00036    0.3900    -269.9530  0.6768 
   00037    0.4400    -255.7766  0.6718 
   00038    0.5000    -265.4342  0.7215 
   00039    0.3800    -257.6580  0.6604 
   00040    0.4100    -250.6882  0.6668 
   00041    0.4200    -239.5716  0.6559 
   00042    0.5200    -260.4941  0.6698 
   00043    0.4100    -258.8822  0.6480 
   00044    0.5300    -263.7620  0.6673 
   00045    0.6000    -251.5853  0.6639 
   00046    0.4800    -253.9943  0.6748 
   00047    0.4300    -268.1918  0.6978 
   00048    0.5100    -274.1568  0.7048 
   00049    0.5200    -278.2379  0.6977 
   00050    0.4400    -241.6733  0.6361 
   00051    0.5300    -233.3162  0.6357 
   00052    0.5100    -214.0542  0.5590 
   00053    0.6000    -205.6683  0.5891 
   00054    0.5600    -209.2950  0.5637 
   00055    0.4900    -216.9426  0.5404 
   00056    0.4900    -221.5751  0.5774 
   00057    0.4400    -228.1734  0.5848 
   00058    0.4500    -239.3360  0.5823 
   00059    0.5400    -233.4082  0.6245 
   00060    0.5400    -230.2463  0.5986 
   00061    0.4900    -217.6284  0.5721 
   00062    0.5000    -212.5836  0.5270 
   00063    0.5100    -207.0037  0.4767 
   00064    0.4800    -212.9212  0.5152 
   00065    0.5000    -215.4141  0.4762 
   00066    0.5800    -218.0867  0.4213 
   00067    0.4700    -214.4219  0.4213 
   00068    0.4300    -223.7174  0.4163 
   00069    0.5100    -232.4066  0.4280 
   00070    0.5600    -248.2693  0.4828 
   00071    0.5000    -229.1147  0.4864 
   00072    0.4000    -239.4761  0.5134 
   00073    0.5700    -237.4965  0.5126 
   00074    0.4800    -219.5616  0.4347 
   00075    0.3800    -224.4639  0.4282 
   00076    0.5400    -227.7333  0.4230 
   00077    0.4800    -221.5566  0.4382 
   00078    0.4400    -218.6379  0.3807 
   00079    0.5900    -194.5319  0.3620 
   00080    0.5600    -217.3416  0.3075 
   00081    0.5300    -210.3106  0.2600 
   00082    0.6800    -216.6308  0.3088 
   00083    0.5200    -238.7280  0.3197 
   00084    0.4300    -220.7635  0.3077 
   00085    0.5300    -217.2177  0.3481 
   00086    0.5500    -231.8384  0.3131 
   00087    0.4500    -231.2678  0.2671 
   00088    0.4700    -236.2617  0.3390 
   00089    0.5400    -232.6880  0.3497 
   00090    0.5500    -228.5131  0.3272 
   00091    0.5100    -237.9613  0.3142 
   00092    0.4400    -228.5355  0.2654 
   00093    0.3900    -239.0654  0.2735 
   00094    0.3900    -236.4842  0.2927 
   00095    0.5200    -231.0698  0.3544 
   00096    0.5400    -245.1674  0.3262 
   00097    0.4800    -236.5654  0.3193 
   00098    0.4400    -243.4073  0.3796 
   00099    0.5400    -221.8571  0.4345 
   00100    0.5400    -193.9158  0.4061 
   00101    0.4800    -218.6375  0.4793 
   00102    0.5900    -204.5704  0.4358 
   00103    0.5000    -230.4878  0.4728 
   00104    0.5500    -221.6484  0.5906 
   00105    0.4200    -242.7006  0.6504 
   00106    0.5000    -243.8280  0.6505 
   00107    0.4300    -247.6593  0.6210 
   00108    0.4300    -240.6648  0.6183 
   00109    0.4500    -234.0081  0.6185 
   00110    0.4100    -256.1198  0.6726 
   00111    0.4800    -274.1253  0.7060 
   00112    0.4600    -267.0786  0.7099 
   00113    0.4800    -283.0834  0.7103 
   00114    0.3700    -275.0323  0.7079 
   00115    0.5100    -286.2683  0.7461 
   00116    0.3300    -298.0167  0.7550 
   00117    0.5200    -273.4586  0.6567 
   00118    0.4100    -282.4132  0.6499 
   00119    0.5000    -249.3014  0.6144 
   00120    0.5000    -274.7506  0.5779 
   00121    0.4800    -270.7445  0.5965 
   00122    0.4000    -257.1159  0.5750 
   00123    0.4100    -277.1579  0.6113 
   00124    0.3800    -295.6992  0.6225 
   00125    0.2700    -289.1530  0.6180 
   00126    0.4500    -279.7055  0.6513 
   00127    0.4400    -269.2885  0.6245 
   00128    0.4200    -277.8404  0.6583 
   00129    0.4500    -276.9280  0.6566 
   00130    0.3800    -271.9143  0.6284 
   00131    0.4300    -262.7729  0.6516 
   00132    0.4500    -255.7209  0.6639 
   00133    0.4800    -242.7425  0.6563 
   00134    0.4700    -249.5803  0.6297 
   00135    0.5100    -237.3563  0.5688 
   00136    0.4800    -223.3828  0.5464 
   00137    0.5800    -234.7035  0.5234 
   00138    0.4400    -243.0411  0.5534 
   00139    0.4700    -250.5769  0.5880 
   00140    0.5500    -238.1623  0.6225 
   00141    0.4400    -259.7458  0.6533 
   00142    0.4200    -271.3081  0.6510 
   00143    0.4300    -281.5664  0.6700 
   00144    0.3300    -294.0183  0.7275 
   00145    0.4100    -288.9809  0.6801 
   00146    0.3700    -285.6172  0.6892 
   00147    0.4000    -274.7569  0.6891 
   00148    0.4600    -273.3481  0.7278 
   00149    0.3800    -293.2296  0.7292 
   00150    0.4100    -291.6613  0.7048 
   00151    0.4700    -285.0721  0.7506 
   00152    0.5000    -272.1123  0.6863 
   00153    0.4000    -256.6760  0.7036 
   00154    0.5600    -254.0390  0.6931 
   00155    0.4400    -262.8672  0.6995 
   00156    0.4300    -275.4104  0.6956 
   00157    0.4000    -261.7381  0.6617 
   00158    0.4600    -261.0191  0.6516 
   00159    0.4300    -263.6547  0.6491 
   00160    0.3800    -264.3769  0.6738 
   00161    0.3900    -273.9418  0.7045 
   00162    0.4100    -268.6744  0.6750 
   00163    0.4000    -279.6724  0.7704 
   00164    0.5000    -281.4455  0.7932 
   00165    0.4300    -283.6220  0.7495 
   00166    0.4400    -270.1557  0.7056 
   00167    0.4800    -276.8893  0.7291 
   00168    0.4200    -293.9458  0.7476 
   00169    0.4600    -291.0334  0.7489 
   00170    0.3400    -258.2783  0.7417 
   00171    0.3900    -266.7177  0.7367 
   00172    0.4500    -266.6275  0.7430 
   00173    0.4900    -282.5318  0.7515 
   00174    0.4500    -288.4123  0.7529 
   00175    0.3400    -281.0872  0.7770 
   00176    0.3300    -278.2983  0.7569 
   00177    0.4600    -273.2017  0.6984 
   00178    0.5300    -299.1078  0.7277 
   00179    0.3700    -286.9764  0.7216 
   00180    0.3600    -280.0970  0.6971 
   00181    0.4400    -282.5692  0.7225 
   00182    0.4500    -295.7945  0.7287 
   00183    0.3900    -281.0559  0.7183 
   00184    0.5100    -266.6147  0.6554 
   00185    0.4300    -267.0673  0.6753 
   00186    0.4100    -268.0051  0.7226 
   00187    0.4400    -269.0299  0.7456 
   00188    0.4400    -260.0927  0.7304 
   00189    0.4200    -268.6739  0.7347 
   00190    0.4700    -245.1776  0.6857 
   00191    0.5300    -249.5177  0.6268 
   00192    0.4800    -272.4903  0.7011 
   00193    0.3900    -267.0830  0.7081 
   00194    0.4700    -257.5073  0.6776 
   00195    0.4500    -272.2664  0.7009 
   00196    0.4000    -251.5032  0.6028 
   00197    0.5400    -235.2231  0.5987 
   00198    0.5600    -221.1565  0.5447 
   00199    0.4800    -228.7572  0.5773 
   00200    0.5200    -228.7934  0.5416 
   00201    0.5200    -225.9985  0.5030 
   00202    0.4800    -230.3179  0.4999 
   00203    0.5900    -234.8324  0.5354 
   00204    0.4900    -256.4850  0.6148 
   00205    0.5400    -214.5859  0.5530 
   00206    0.4700    -211.0351  0.5539 
   00207    0.5300    -225.4629  0.5888 
   00208    0.5400    -249.1873  0.6772 
   00209    0.4700    -279.6795  0.7379 
   00210    0.4200    -263.0777  0.7142 
   00211    0.4800    -262.7670  0.6724 
   00212    0.4100    -269.5258  0.6954 
   00213    0.4600    -273.3720  0.7335 
   00214    0.4500    -268.7245  0.7374 
   00215    0.5500    -268.7467  0.7278 
   00216    0.4400    -274.0282  0.7174 
   00217    0.4400    -283.2656  0.7343 
   00218    0.4100    -289.4663  0.7416 
   00219    0.4100    -275.9397  0.6850 
   00220    0.4400    -266.5293  0.6811 
   00221    0.5000    -268.4329  0.7070 
   00222    0.4500    -260.9146  0.6760 
   00223    0.4900    -246.2142  0.6675 
   00224    0.4900    -253.1035  0.6279 
   00225    0.5700    -261.6429  0.6281 
   00226    0.4200    -247.9619  0.5879 
   00227    0.4100    -254.0724  0.5956 
   00228    0.4600    -252.1010  0.6248 
   00229    0.5100    -247.9423  0.6325 
   00230    0.4000    -246.2197  0.6376 
   00231    0.4400    -250.1460  0.6493 
   00232    0.5300    -240.5286  0.5809 
   00233    0.4000    -239.6925  0.6145 
   00234    0.5300    -238.9324  0.6357 
   00235    0.3700    -246.9044  0.6013 
   00236    0.5100    -247.2127  0.6266 
   00237    0.5000    -238.2803  0.5834 
   00238    0.5300    -237.8401  0.5275 
   00239    0.4800    -221.9215  0.4533 
   00240    0.3800    -231.3535  0.4688 
   00241    0.4400    -234.2900  0.4298 
   00242    0.4200    -232.8697  0.4070 
   00243    0.5500    -221.7419  0.3980 
   00244    0.4700    -224.8474  0.3821 
   00245    0.3800    -228.0660  0.4740 
   00246    0.5800    -231.4144  0.4887 
   00247    0.5900    -207.1777  0.4655 
   00248    0.5200    -252.8753  0.5221 
   00249    0.4700    -250.6013  0.5091 
   00250    0.4500    -245.5474  0.5148 
   00251    0.4900    -249.5180  0.5179 
   00252    0.4500    -232.2534  0.4605 
   00253    0.4300    -236.1568  0.4842 
   00254    0.5100    -238.6344  0.5145 
   00255    0.4900    -242.3782  0.5086 
   00256    0.4800    -253.7917  0.4643 
   00257    0.5300    -241.8201  0.4205 
   00258    0.5000    -234.5186  0.4585 
   00259    0.5900    -217.5658  0.4663 
   00260    0.4900    -235.8414  0.4456 
   00261    0.5400    -230.1433  0.4541 
   00262    0.5000    -232.1207  0.4071 
   00263    0.5200    -207.7616  0.3673 
   00264    0.5800    -210.3572  0.4012 
   00265    0.5300    -223.3610  0.4381 
   00266    0.5900    -209.9839  0.4849 
   00267    0.4600    -220.2453  0.5410 
   00268    0.4600    -224.1475  0.4844 
   00269    0.5500    -215.7392  0.4698 
   00270    0.5500    -208.3939  0.5046 
   00271    0.4100    -207.0911  0.5264 
   00272    0.5000    -232.1669  0.5001 
   00273    0.5300    -231.6230  0.4253 
   00274    0.5000    -219.2534  0.3932 
   00275    0.5000    -229.1353  0.3944 
   00276    0.5500    -225.6200  0.4329 
   00277    0.5100    -234.6644  0.4807 
   00278    0.4800    -230.4016  0.4562 
   00279    0.5800    -244.8846  0.5136 
   00280    0.5200    -226.4275  0.4890 
   00281    0.5100    -236.3628  0.5675 
   00282    0.5200    -229.9712  0.5386 
   00283    0.6000    -225.4629  0.4928 
   00284    0.4600    -260.9081  0.5987 
   00285    0.4800    -252.8119  0.5541 
   00286    0.4600    -220.2007  0.5008 
   00287    0.5100    -214.6873  0.5250 
   00288    0.5600    -220.4614  0.5948 
   00289    0.5500    -209.9552  0.5488 
   00290    0.5500    -210.3180  0.4279 
   00291    0.4600    -213.3597  0.4221 
   00292    0.5200    -193.8055  0.4147 
   00293    0.4600    -202.0707  0.4187 
   00294    0.5700    -207.8472  0.3778 
   00295    0.5900    -204.9113  0.3639 
   00296    0.5200    -214.0156  0.3194 
   00297    0.5800    -223.6940  0.2938 
   00298    0.5000    -225.3855  0.2936 
   00299    0.5000    -236.4793  0.3521 
   00300    0.5800    -212.2109  0.3391 
   00301    0.6100    -222.2408  0.3165 
   00302    0.4700    -227.1886  0.3190 
   00303    0.5800    -217.3989  0.3135 
   00304    0.3900    -215.3794  0.3221 
   00305    0.5200    -206.0107  0.3434 
   00306    0.4800    -232.5183  0.3815 
   00307    0.4900    -231.9637  0.3965 
   00308    0.5100    -213.2608  0.2637 
   00309    0.4900    -210.3016  0.2669 
   00310    0.5400    -200.4934  0.2913 
   00311    0.5500    -209.6887  0.2978 
   00312    0.5700    -210.7626  0.3058 
   00313    0.6400    -214.4854  0.3004 
   00314    0.4900    -214.0860  0.3336 
   00315    0.5700    -216.8246  0.3812 
   00316    0.4900    -217.7480  0.4028 
   00317    0.6100    -213.9183  0.4045 
   00318    0.5400    -189.9630  0.3433 
   00319    0.5700    -198.3040  0.3436 
   00320    0.5900    -194.1702  0.3739 
   00321    0.5700    -195.2068  0.3731 
   00322    0.5300    -193.3523  0.3942 
   00323    0.6200    -204.9123  0.3821 
   00324    0.4400    -203.2227  0.3984 
   00325    0.5500    -185.5480  0.4241 
   00326    0.5800    -188.4240  0.4189 
   00327    0.5200    -185.3524  0.4388 
   00328    0.5900    -197.4334  0.5035 
   00329    0.5500    -211.6833  0.4630 
   00330    0.5900    -197.6643  0.4369 
   00331    0.5900    -212.9943  0.5579 
   00332    0.4400    -247.7003  0.6260 
   00333    0.4900    -215.2255  0.5811 
   00334    0.4300    -239.8756  0.6333 
   00335    0.3800    -251.3973  0.6291 
   00336    0.4300    -252.0243  0.6444 
   00337    0.5000    -252.6568  0.6377 
   00338    0.4700    -227.4015  0.6009 
   00339    0.5100    -256.2707  0.6183 
   00340    0.3500    -253.8629  0.5924 
   00341    0.4900    -238.7843  0.5805 
   00342    0.5100    -239.8446  0.5595 
   00343    0.4500    -225.1399  0.5165 
   00344    0.5300    -220.6629  0.5117 
   00345    0.5700    -225.2481  0.4871 
   00346    0.5200    -232.2173  0.4981 
   00347    0.5400    -227.1402  0.4368 
   00348    0.5100    -231.7519  0.4347 
   00349    0.4700    -240.4988  0.3734 
   00350    0.5200    -233.3115  0.4462 
   00351    0.5000    -221.9398  0.4454 
   00352    0.4700    -237.9134  0.4798 
   00353    0.5600    -239.3770  0.5257 
   00354    0.4800    -248.2449  0.5280 
   00355    0.4400    -252.1222  0.5704 
   00356    0.4600    -245.6846  0.5927 
   00357    0.5300    -261.1759  0.6532 
   00358    0.3900    -266.9214  0.6626 
   00359    0.3800    -279.8046  0.7073 
   00360    0.4800    -271.3700  0.7232 
   00361    0.3600    -269.0409  0.7394 
   00362    0.4400    -267.8871  0.6789 
   00363    0.4600    -265.3710  0.6874 
   00364    0.4600    -259.0503  0.6963 
   00365    0.4100    -255.8735  0.6983 
   00366    0.4400    -260.3092  0.6855 
   00367    0.3400    -263.1372  0.7310 
   00368    0.5400    -270.8319  0.7671 
   00369    0.4100    -272.0263  0.7758 
   00370    0.4900    -277.8409  0.7679 
   00371    0.4700    -277.3035  0.7693 
   00372    0.4900    -253.8806  0.7071 
   00373    0.4700    -239.4954  0.6868 
   00374    0.4700    -238.0289  0.7130 
   00375    0.5200    -230.0380  0.6453 
   00376    0.4600    -267.6624  0.7016 
   00377    0.4200    -283.6108  0.7429 
   00378    0.4300    -266.9280  0.7040 
   00379    0.4200    -271.6056  0.6807 
   00380    0.4900    -239.1242  0.6580 
   00381    0.4500    -266.3064  0.6931 
   00382    0.3700    -268.5033  0.7095 
   00383    0.4500    -261.8257  0.6981 
   00384    0.4400    -271.4158  0.7062 
   00385    0.3400    -280.7343  0.7200 
   00386    0.3400    -270.7987  0.6962 
   00387    0.4200    -278.6276  0.7364 
   00388    0.5000    -281.0377  0.7481 
   00389    0.3600    -283.1778  0.7585 
   00390    0.4500    -282.3962  0.7789 
   00391    0.3900    -295.8719  0.7837 
   00392    0.4200    -251.8954  0.7257 
   00393    0.4200    -273.6077  0.7246 
   00394    0.4300    -286.9433  0.7390 
   00395    0.4700    -292.3974  0.7543 
   00396    0.4300    -275.8799  0.7098 
   00397    0.3700    -294.9326  0.7519 
   00398    0.4800    -304.2427  0.7586 
   00399    0.3600    -302.5915  0.7839 
   00400    0.3900    -279.9524  0.7321 
   00401    0.3700    -267.9897  0.6710 
   00402    0.4200    -264.8104  0.6605 
   00403    0.4500    -248.5162  0.6328 
   00404    0.5600    -260.2988  0.6257 
   00405    0.4600    -256.5700  0.6476 
   00406    0.5100    -262.0778  0.6907 
   00407    0.4600    -258.3050  0.6657 
   00408    0.4100    -242.2787  0.6584 
   00409    0.4700    -249.0916  0.6458 
   00410    0.4400    -243.6786  0.6304 
   00411    0.4400    -260.4681  0.6300 
   00412    0.4200    -257.2771  0.6703 
   00413    0.4700    -233.6690  0.6524 
   00414    0.5200    -232.8615  0.6210 
   00415    0.5400    -239.8365  0.6276 
   00416    0.4600    -251.0726  0.6571 
   00417    0.4500    -256.2407  0.6947 
   00418    0.4400    -274.6066  0.7236 
   00419    0.4200    -260.3536  0.7322 
   00420    0.3700    -273.0773  0.7774 
   00421    0.4300    -283.4076  0.7700 
   00422    0.4900    -275.2118  0.7734 
   00423    0.4200    -281.8105  0.7880 
   00424    0.5000    -288.8761  0.7885 
   00425    0.3400    -279.5232  0.7731 
   00426    0.4500    -258.2482  0.7570 
   00427    0.4500    -267.2819  0.7498 
   00428    0.4500    -277.2499  0.7402 
   00429    0.4100    -281.9671  0.7310 
   00430    0.4100    -290.6918  0.7884 
   00431    0.4100    -310.5647  0.8194 
   00432    0.4200    -297.1741  0.8089 
   00433    0.3700    -277.9216  0.7591 
   00434    0.4700    -279.9705  0.7329 
   00435    0.4100    -297.4261  0.7654 
   00436    0.4500    -285.1712  0.7358 
   00437    0.3800    -268.7554  0.7104 
   00438    0.4900    -266.3106  0.7190 
   00439    0.4600    -259.8962  0.7197 
   00440    0.4800    -269.6169  0.6642 
   00441    0.4600    -262.0772  0.6524 
   00442    0.4600    -244.1748  0.5660 
   00443    0.5900    -223.2880  0.5477 
   00444    0.5700    -224.4204  0.5458 
   00445    0.5300    -249.7327  0.5952 
   00446    0.5000    -248.0162  0.5959 
   00447    0.5000    -251.7870  0.5639 
   00448    0.4400    -242.9424  0.5299 
   00449    0.5100    -250.4931  0.6146 
   00450    0.4500    -242.7060  0.5530 
   00451    0.5400    -253.8599  0.5543 
   00452    0.4700    -242.2104  0.5726 
   00453    0.4800    -251.8903  0.5617 
   00454    0.4200    -252.3144  0.5794 
   00455    0.4000    -249.6757  0.5923 
   00456    0.4700    -217.1020  0.5485 
   00457    0.5500    -226.3895  0.5612 
   00458    0.5200    -246.7208  0.5608 
   00459    0.5400    -259.7795  0.4890 
   00460    0.4000    -268.0015  0.4761 
   00461    0.4600    -255.0774  0.5081 
   00462    0.5500    -247.0913  0.4105 
   00463    0.4900    -253.7898  0.3808 
   00464    0.5200    -253.2550  0.4530 
   00465    0.4700    -247.1948  0.4566 
   00466    0.5500    -267.2622  0.4867 
   00467    0.5300    -254.6864  0.4401 
   00468    0.4700    -253.2334  0.4288 
   00469    0.4000    -261.4001  0.4528 
   00470    0.5400    -249.7887  0.4382 
   00471    0.4300    -257.0890  0.4812 
   00472    0.4800    -246.1636  0.4735 
   00473    0.5400    -213.8197  0.4347 
   00474    0.5100    -215.4895  0.4022 
   00475    0.4100    -240.1929  0.4401 
   00476    0.4400    -243.4334  0.4642 
   00477    0.4700    -259.6126  0.5275 
   00478    0.4500    -266.6472  0.4742 
   00479    0.4800    -230.1304  0.4204 
   00480    0.4900    -238.5014  0.4341 
   00481    0.5700    -245.3511  0.5194 
   00482    0.5200    -253.1259  0.4872 
   00483    0.4600    -249.5527  0.4399 
   00484    0.5000    -252.0752  0.4626 
   00485    0.5500    -240.2645  0.4342 
   00486    0.3700    -249.5540  0.4848 
   00487    0.5200    -260.3644  0.4787 
   00488    0.4000    -251.3365  0.4435 
   00489    0.4500    -240.5502  0.4755 
   00490    0.4700    -232.4242  0.4323 
   00491    0.4700    -231.0607  0.4655 
   00492    0.4600    -233.7591  0.5153 
   00493    0.5600    -237.3965  0.4924 
   00494    0.5600    -251.5916  0.5314 
   00495    0.4400    -266.8608  0.5331 
   00496    0.3700    -263.8394  0.5666 
   00497    0.4100    -264.4283  0.5677 
   00498    0.4700    -252.9145  0.5996 
   00499    0.4400    -249.3980  0.6107 
   00500    0.4500    -251.4204  0.6007 
   00501    0.4200    -248.2832  0.6001 
   00502    0.5600    -246.8417  0.5961 
   00503    0.4600    -263.9193  0.5837 
   00504    0.5600    -252.0138  0.6003 
   00505    0.4400    -259.6577  0.6007 
   00506    0.4300    -269.4847  0.6564 
   00507    0.3400    -265.2991  0.6508 
   00508    0.4000    -265.4302  0.6736 
   00509    0.3700    -277.8009  0.6936 
   00510    0.3400    -292.2981  0.7396 
   00511    0.4000    -281.2335  0.6860 
   00512    0.4300    -292.3838  0.6981 
   00513    0.3800    -290.5991  0.6882 
   00514    0.4400    -306.8298  0.6861 
   00515    0.3900    -293.2188  0.6917 
   00516    0.4000    -291.5696  0.6751 
   00517    0.4000    -279.1995  0.6935 
   00518    0.4200    -263.5677  0.6389 
   00519    0.4900    -250.4056  0.6456 
   00520    0.5500    -225.2668  0.4845 
   00521    0.5200    -208.0400  0.4366 
   00522    0.5500    -203.0017  0.3785 
   00523    0.5500    -219.4510  0.4035 
   00524    0.4800    -226.1533  0.4484 
   00525    0.4700    -216.6102  0.4360 
   00526    0.4600    -258.6325  0.4714 
   00527    0.4800    -244.3410  0.4030 
   00528    0.4500    -243.6565  0.3986 
   00529    0.4700    -238.6099  0.4310 
   00530    0.4700    -228.5875  0.4558 
   00531    0.4900    -224.1126  0.4375 
   00532    0.5500    -230.5703  0.4449 
   00533    0.4900    -223.7328  0.3755 
   00534    0.4900    -241.5597  0.4225 
   00535    0.4100    -240.4795  0.4399 
   00536    0.4800    -238.1771  0.4549 
   00537    0.4300    -227.9618  0.4898 
   00538    0.5300    -227.0931  0.4757 
   00539    0.5500    -233.1987  0.4250 
   00540    0.4500    -254.4235  0.4337 
   00541    0.4400    -245.1705  0.4373 
   00542    0.4400    -256.1892  0.4542 
   00543    0.4500    -248.3823  0.4575 
   00544    0.5500    -242.3471  0.4470 
   00545    0.3600    -246.3496  0.3845 
   00546    0.4800    -222.8929  0.3741 
   00547    0.5200    -254.4210  0.4446 
   00548    0.4300    -249.2132  0.4358 
   00549    0.4100    -262.1759  0.4565 
   00550    0.3300    -267.3437  0.4656 
   00551    0.4700    -250.8305  0.3858 
   00552    0.4900    -247.3654  0.4398 
   00553    0.4000    -236.5525  0.4382 
   00554    0.5700    -221.1539  0.3896 
   00555    0.5400    -217.5638  0.4296 
   00556    0.4700    -236.5795  0.4315 
   00557    0.4500    -247.1749  0.3866 
   00558    0.4800    -237.5073  0.4258 
   00559    0.5200    -228.9185  0.4374 
   00560    0.5300    -231.3358  0.4578 
   00561    0.4600    -238.1725  0.4103 
   00562    0.4500    -235.1337  0.4565 
   00563    0.4600    -241.1355  0.4478 
   00564    0.5100    -211.6721  0.4093 
   00565    0.5200    -206.4380  0.3766 
   00566    0.5200    -196.8756  0.3779 
   00567    0.5500    -188.4849  0.4400 
   00568    0.5800    -204.0990  0.3807 
   00569    0.5700    -196.8320  0.3284 
   00570    0.5600    -209.3733  0.2970 
   00571    0.4300    -215.1625  0.2601 
   00572    0.4800    -222.3664  0.3460 
   00573    0.5000    -220.4374  0.2977 
   00574    0.5700    -228.0085  0.3564 
   00575    0.4700    -206.2817  0.2933 
   00576    0.5800    -215.1841  0.3168 
   00577    0.4600    -194.4175  0.3033 
   00578    0.6300    -195.8432  0.3929 
   00579    0.5700    -196.2468  0.3356 
   00580    0.5500    -195.4608  0.3354 
   00581    0.5200    -192.9031  0.2769 
   00582    0.4800    -219.4139  0.2856 
   00583    0.4900    -237.6579  0.3128 
   00584    0.5000    -234.7464  0.3161 
   00585    0.4900    -236.2999  0.3232 
   00586    0.4100    -239.8255  0.3318 
   00587    0.5000    -227.0443  0.3558 
   00588    0.5900    -221.9090  0.3457 
   00589    0.4600    -233.8595  0.3464 
   00590    0.4900    -222.6687  0.3262 
   00591    0.4500    -248.0965  0.4149 
   00592    0.3900    -234.1496  0.3868 
   00593    0.4400    -235.9047  0.3228 
   00594    0.5700    -216.5502  0.4107 
   00595    0.4800    -220.2525  0.4277 
   00596    0.4900    -226.2050  0.3965 
   00597    0.5000    -217.9995  0.4205 
   00598    0.5600    -233.9311  0.3678 
   00599    0.4700    -249.3252  0.3891 
   00600    0.4500    -248.7692  0.3772 
   00601    0.4800    -231.2612  0.3919 
   00602    0.4500    -241.9723  0.4242 
   00603    0.5500    -220.5610  0.4813 
   00604    0.6100    -206.8822  0.5047 
   00605    0.5600    -213.4534  0.5340 
   00606    0.5300    -249.8559  0.4953 
   00607    0.5000    -247.0645  0.5729 
   00608    0.5800    -250.4960  0.4291 
   00609    0.5600    -241.7523  0.4482 
   00610    0.4200    -252.9217  0.4699 
   00611    0.5700    -240.2008  0.4552 
   00612    0.5500    -221.1674  0.4606 
   00613    0.4200    -220.7525  0.4990 
   00614    0.5600    -241.9268  0.5634 
   00615    0.4700    -237.7111  0.6115 
   00616    0.4700    -233.5556  0.6040 
   00617    0.5300    -228.6335  0.5815 
   00618    0.4100    -234.1468  0.5886 
   00619    0.5200    -231.1081  0.5829 
   00620    0.5500    -223.4923  0.5617 
   00621    0.5000    -222.4163  0.5503 
   00622    0.5500    -228.9952  0.5496 
   00623    0.5300    -230.8150  0.4931 
   00624    0.4200    -234.6012  0.5577 
   00625    0.4600    -244.9665  0.5909 
   00626    0.4400    -246.3797  0.6226 
   00627    0.4000    -260.9676  0.6675 
   00628    0.5200    -264.7464  0.6321 
   00629    0.4600    -272.9753  0.6785 
   00630    0.3800    -276.4931  0.7093 
   00631    0.3600    -278.7425  0.7361 
   00632    0.4400    -283.1889  0.7409 
   00633    0.3500    -258.8892  0.7065 
   00634    0.4300    -255.0259  0.6690 
   00635    0.3900    -261.0239  0.6341 
   00636    0.5100    -259.6669  0.6533 
   00637    0.3700    -266.9707  0.7074 
   00638    0.3500    -265.0480  0.6997 
   00639    0.4800    -263.4263  0.6621 
   00640    0.3600    -271.5549  0.6975 
   00641    0.4600    -270.8571  0.7111 
   00642    0.4800    -251.2645  0.6728 
   00643    0.4600    -261.4001  0.6791 
   00644    0.5700    -267.2184  0.7301 
   00645    0.4400    -246.4597  0.7068 
   00646    0.4500    -261.6517  0.7105 
   00647    0.4300    -227.2034  0.6280 
   00648    0.5500    -229.2000  0.6054 
   00649    0.4400    -253.7768  0.6389 
   00650    0.3400    -254.8178  0.6117 
   00651    0.4100    -237.8453  0.6042 
   00652    0.3700    -231.8467  0.5904 
   00653    0.4500    -243.0602  0.6333 
   00654    0.4600    -277.9344  0.7159 
   00655    0.5000    -255.6181  0.6209 
   00656    0.4600    -289.1987  0.7130 
   00657    0.3600    -284.7382  0.7167 
   00658    0.4300    -280.2718  0.7467 
   00659    0.5200    -259.8217  0.6820 
   00660    0.4200    -264.8959  0.6906 
   00661    0.3800    -279.8516  0.7275 
   00662    0.4100    -286.0614  0.7582 
   00663    0.3900    -289.0737  0.7685 
   00664    0.4700    -301.5330  0.8026 
   00665    0.4100    -299.7479  0.8028 
   00666    0.3600    -300.3836  0.8059 
   00667    0.3900    -275.6924  0.7475 
   00668    0.4500    -277.8345  0.7705 
   00669    0.3700    -295.3319  0.7941 
   00670    0.4700    -287.9117  0.7840 
   00671    0.3500    -286.1396  0.7858 
   00672    0.4400    -260.2902  0.7500 
   00673    0.4800    -255.2181  0.7302 
   00674    0.6100    -255.1786  0.7193 
   00675    0.4800    -259.8304  0.7215 
   00676    0.4600    -258.0362  0.7152 
   00677    0.4300    -242.8934  0.6979 
   00678    0.5300    -253.8532  0.7070 
   00679    0.4200    -255.8321  0.7218 
   00680    0.5000    -257.9997  0.6880 
   00681    0.4300    -264.3479  0.7408 
   00682    0.4200    -268.7061  0.7213 
   00683    0.3700    -252.5763  0.6948 
   00684    0.4900    -261.9100  0.7058 
   00685    0.5300    -257.5618  0.7300 
   00686    0.4800    -275.2752  0.7368 
   00687    0.4900    -259.3411  0.7184 
   00688    0.4300    -277.6060  0.7496 
   00689    0.4500    -276.9901  0.7545 
   00690    0.4000    -274.7360  0.7311 
   00691    0.3400    -284.7470  0.7602 
   00692    0.4300    -296.6314  0.8035 
   00693    0.4600    -277.9778  0.7766 
   00694    0.5000    -278.8987  0.7549 
   00695    0.4200    -292.0319  0.7065 
   00696    0.4100    -293.7186  0.6936 
   00697    0.4000    -285.2669  0.7146 
   00698    0.4200    -266.0264  0.6753 
   00699    0.4400    -256.8438  0.6829 
   00700    0.4300    -282.3727  0.7320 
   00701    0.4200    -281.2334  0.6961 
   00702    0.4300    -257.1166  0.6553 
   00703    0.4600    -227.9561  0.6193 
   00704    0.4900    -231.9412  0.6455 
   00705    0.5700    -223.3439  0.6747 
   00706    0.5100    -258.2474  0.7406 
   00707    0.4600    -248.4408  0.7306 
   00708    0.4500    -246.7258  0.7064 
   00709    0.4500    -235.6968  0.6009 
   00710    0.6000    -237.0298  0.6138 
   00711    0.5200    -219.5211  0.5623 
   00712    0.4900    -211.5188  0.5511 
   00713    0.5400    -211.7009  0.5641 
   00714    0.4500    -209.7614  0.5882 
   00715    0.5000    -218.4639  0.6201 
   00716    0.5600    -225.6284  0.6261 
   00717    0.5200    -249.7329  0.6429 
   00718    0.5000    -268.6512  0.6696 
   00719    0.3800    -256.4242  0.6826 
   00720    0.4600    -255.0772  0.6729 
   00721    0.4900    -248.3690  0.6843 
   00722    0.5100    -257.0528  0.6554 
   00723    0.4900    -250.7803  0.6674 
   00724    0.5000    -243.0054  0.6784 
   00725    0.5100    -226.2930  0.6423 
   00726    0.5200    -227.5045  0.6414 
   00727    0.4700    -218.0247  0.6373 
   00728    0.6000    -214.6249  0.5679 
   00729    0.5300    -232.8598  0.5710 
   00730    0.6000    -234.6448  0.6024 
   00731    0.5100    -222.5887  0.5669 
   00732    0.5000    -228.8058  0.5613 
   00733    0.5400    -226.8111  0.5214 
   00734    0.5300    -206.5341  0.4820 
   00735    0.5600    -222.9161  0.5630 
   00736    0.6000    -224.4250  0.5440 
   00737    0.4900    -233.0427  0.5602 
   00738    0.4900    -231.3088  0.5505 
   00739    0.5100    -199.0763  0.5432 
   00740    0.5700    -211.0187  0.4768 
   00741    0.4500    -218.1885  0.4991 
   00742    0.5500    -215.3639  0.4967 
   00743    0.6600    -216.7765  0.5401 
   00744    0.5000    -202.4031  0.5547 
   00745    0.5600    -220.7828  0.6038 
   00746    0.5800    -226.1002  0.5968 
   00747    0.5400    -207.6513  0.5095 
   00748    0.5100    -220.0185  0.5133 
   00749    0.5000    -226.0039  0.4956 
   00750    0.4700    -229.9461  0.4902 
   00751    0.5100    -247.1331  0.5726 
   00752    0.3400    -251.5394  0.6157 
   00753    0.3700    -248.1355  0.5755 
   00754    0.5400    -221.6184  0.5325 
   00755    0.5000    -227.0995  0.5110 
   00756    0.5000    -229.9608  0.5209 
   00757    0.4900    -221.7426  0.5300 
   00758    0.4500    -259.1142  0.6323 
   00759    0.4300    -245.9151  0.5723 
   00760    0.4500    -240.8321  0.5918 
   00761    0.4700    -258.6377  0.6566 
   00762    0.4500    -275.7308  0.6617 
   00763    0.4000    -281.3696  0.6949 
   00764    0.4300    -282.2768  0.6663 
   00765    0.4200    -277.3585  0.6451 
   00766    0.4100    -266.8529  0.7094 
   00767    0.4200    -254.7389  0.6719 
   00768    0.4500    -263.6472  0.7043 
   00769    0.5100    -272.8529  0.7565 
   00770    0.5500    -254.8218  0.7099 
   00771    0.3900    -257.6879  0.7291 
   00772    0.4100    -256.6701  0.7304 
   00773    0.4500    -259.2105  0.6906 
   00774    0.4000    -278.9683  0.7453 
   00775    0.4200    -281.2999  0.7639 
   00776    0.3800    -291.9404  0.8053 
   00777    0.4000    -287.6083  0.7724 
   00778    0.4800    -290.9050  0.7874 
   00779    0.5100    -288.4995  0.7830 
   00780    0.4800    -283.7337  0.7693 
   00781    0.4300    -265.0990  0.7592 
   00782    0.5300    -264.3451  0.7570 
   00783    0.4700    -256.9783  0.7430 
   00784    0.4600    -246.2462  0.7433 
   00785    0.4000    -269.2187  0.7887 
   00786    0.4500    -254.8308  0.7498 
   00787    0.4900    -272.5584  0.7783 
   00788    0.4000    -282.8094  0.7663 
   00789    0.4100    -288.2190  0.7731 
   00790    0.4400    -285.3916  0.7693 
   00791    0.4600    -253.6334  0.7302 
   00792    0.4700    -250.4525  0.7099 
   00793    0.5200    -275.6101  0.7318 
   00794    0.4400    -254.1196  0.6733 
   00795    0.4800    -249.4109  0.6235 
   00796    0.4900    -243.1142  0.5721 
   00797    0.4500    -258.6019  0.6404 
   00798    0.3900    -259.9380  0.6247 
   00799    0.5300    -264.9510  0.7095 
   00800    0.5000    -252.5670  0.6594 
   00801    0.5100    -257.6666  0.6534 
   00802    0.4400    -239.3495  0.6262 
   00803    0.4100    -244.7885  0.6281 
   00804    0.4300    -256.6206  0.6174 
   00805    0.4800    -248.8826  0.6092 
   00806    0.4800    -235.4325  0.6255 
   00807    0.5200    -217.8440  0.5800 
   00808    0.4600    -226.1422  0.5899 
   00809    0.5200    -240.1901  0.5649 
   00810    0.4200    -224.6915  0.6262 
   00811    0.5100    -237.7174  0.6540 
   00812    0.4700    -253.7455  0.7012 
   00813    0.4900    -252.7617  0.6918 
   00814    0.4200    -260.2318  0.6973 
   00815    0.4700    -258.7956  0.6669 
   00816    0.4800    -267.2935  0.6547 
   00817    0.4500    -270.6431  0.7181 
   00818    0.4900    -285.7216  0.7298 
   00819    0.4600    -276.4832  0.7300 
   00820    0.3700    -288.4644  0.7152 
   00821    0.3800    -272.5852  0.6782 
   00822    0.3800    -263.6697  0.6658 
   00823    0.4500    -266.0173  0.6738 
   00824    0.3600    -263.3017  0.6489 
   00825    0.4600    -262.9926  0.6128 
   00826    0.4700    -260.9071  0.5840 
   00827    0.4100    -263.0427  0.6134 
   00828    0.3900    -266.5439  0.6401 
   00829    0.5300    -278.4511  0.6500 
   00830    0.4600    -266.9985  0.6303 
   00831    0.4800    -254.8338  0.5950 
   00832    0.4300    -259.0063  0.6269 
   00833    0.3700    -264.5337  0.6525 
   00834    0.4000    -288.7995  0.6989 
   00835    0.4100    -286.2743  0.6788 
   00836    0.4300    -299.9431  0.7236 
   00837    0.3800    -295.3559  0.7210 
   00838    0.3800    -292.0816  0.7206 
   00839    0.4400    -269.6918  0.7280 
   00840    0.4300    -266.0124  0.6936 
   00841    0.5600    -244.3588  0.6043 
   00842    0.4600    -260.0973  0.6429 
   00843    0.4100    -247.2314  0.6146 
   00844    0.4200    -247.5683  0.5761 
   00845    0.5200    -260.6975  0.6253 
   00846    0.4600    -271.0489  0.6601 
   00847    0.4600    -259.6004  0.6458 
   00848    0.4700    -248.3637  0.6190 
   00849    0.4300    -266.5169  0.6472 
   00850    0.5400    -271.8899  0.6285 
   00851    0.4200    -265.7466  0.6499 
   00852    0.3600    -265.2786  0.6386 
   00853    0.5000    -266.4838  0.6177 
   00854    0.4300    -247.1513  0.5952 
   00855    0.4500    -261.8424  0.6310 
   00856    0.4700    -240.1962  0.5312 
   00857    0.4900    -237.5088  0.5263 
   00858    0.4000    -236.5325  0.5293 
   00859    0.5200    -221.5068  0.4581 
   00860    0.5300    -246.2978  0.4892 
   00861    0.4800    -238.7734  0.5186 
   00862    0.4300    -214.0124  0.5426 
   00863    0.4800    -214.1083  0.5550 
   00864    0.5300    -207.3449  0.4611 
   00865    0.4700    -211.7604  0.4622 
   00866    0.5700    -193.4670  0.4346 
   00867    0.5800    -217.4359  0.4675 
   00868    0.4700    -201.1858  0.4743 
   00869    0.5700    -201.9707  0.4596 
   00870    0.5400    -207.8545  0.4557 
   00871    0.4500    -198.6072  0.4116 
   00872    0.5800    -210.1126  0.4373 
   00873    0.5200    -212.8331  0.4466 
   00874    0.5400    -209.1537  0.3953 
   00875    0.6300    -202.5264  0.4600 
   00876    0.5300    -206.9965  0.4446 
   00877    0.6300    -213.2781  0.5007 
   00878    0.4800    -209.4117  0.5120 
   00879    0.4300    -204.3542  0.4812 
   00880    0.4900    -217.3926  0.4738 
   00881    0.5200    -232.4516  0.5029 
   00882    0.4800    -248.0526  0.4675 
   00883    0.4500    -250.2426  0.4734 
   00884    0.4600    -256.2064  0.4674 
   00885    0.5200    -232.2260  0.5194 
   00886    0.5200    -235.3691  0.5608 
   00887    0.5700    -231.9706  0.4828 
   00888    0.4900    -230.1808  0.4803 
   00889    0.4800    -230.6461  0.5296 
   00890    0.5200    -241.7016  0.5197 
   00891    0.4400    -249.3970  0.5032 
   00892    0.4400    -256.1885  0.4997 
   00893    0.4000    -261.3330  0.5353 
   00894    0.4400    -256.1921  0.5683 
   00895    0.5000    -251.7846  0.5877 
   00896    0.5700    -238.5139  0.5576 
   00897    0.4700    -245.5615  0.5239 
   00898    0.3800    -249.0036  0.5360 
   00899    0.6000    -240.5985  0.5025 
   00900    0.4800    -230.1922  0.4825 
   00901    0.4400    -240.0274  0.3699 
   00902    0.4900    -234.9213  0.3819 
   00903    0.4800    -246.1738  0.4199 
   00904    0.4500    -236.4338  0.4435 
   00905    0.5000    -240.0804  0.4963 
   00906    0.5400    -239.8561  0.5010 
   00907    0.5400    -227.0827  0.4841 
   00908    0.5200    -220.8196  0.5176 
   00909    0.5000    -211.5423  0.4569 
   00910    0.5100    -222.7492  0.4825 
   00911    0.5400    -219.7949  0.4658 
   00912    0.4700    -220.8042  0.5147 
   00913    0.4800    -208.4077  0.5025 
   00914    0.4100    -235.6435  0.5311 
   00915    0.4500    -235.0429  0.5289 
   00916    0.5200    -268.5913  0.5959 
   00917    0.3300    -262.9897  0.6399 
   00918    0.4100    -249.2637  0.5826 
   00919    0.4600    -234.1571  0.6051 
   00920    0.4600    -255.0794  0.6547 
   00921    0.4300    -245.2101  0.6371 
   00922    0.5000    -256.0721  0.6656 
   00923    0.4600    -247.9415  0.6098 
   00924    0.5400    -224.7451  0.5647 
   00925    0.5000    -225.4685  0.5800 
   00926    0.5200    -248.3831  0.5513 
   00927    0.4700    -246.7614  0.5703 
   00928    0.5400    -242.2595  0.5662 
   00929    0.5000    -246.6368  0.5757 
   00930    0.3900    -252.7937  0.6255 
   00931    0.4800    -259.3290  0.6467 
   00932    0.4400    -277.2375  0.6792 
   00933    0.3300    -294.3025  0.7318 
   00934    0.3500    -285.3202  0.6948 
   00935    0.4100    -267.5854  0.6947 
   00936    0.4100    -267.4947  0.6909 
   00937    0.4600    -252.5551  0.6779 
   00938    0.4200    -244.3792  0.6526 
   00939    0.5100    -232.7331  0.6492 
   00940    0.4900    -248.4209  0.6118 
   00941    0.5200    -237.5651  0.5756 
   00942    0.4700    -239.4423  0.5731 
   00943    0.5200    -243.3546  0.5274 
   00944    0.6000    -230.0687  0.5303 
   00945    0.5600    -214.3621  0.5360 
   00946    0.4500    -222.9313  0.5438 
   00947    0.5500    -226.6044  0.5289 
   00948    0.5200    -227.8116  0.5563 
   00949    0.4500    -244.1571  0.5544 
   00950    0.4900    -223.1881  0.5285 
   00951    0.5500    -244.6025  0.5976 
   00952    0.3800    -249.8941  0.6253 
   00953    0.5300    -244.5526  0.6475 
   00954    0.4500    -272.7565  0.7290 
   00955    0.4300    -288.2109  0.7544 
   00956    0.3900    -295.8900  0.7944 
   00957    0.3900    -279.8200  0.7604 
   00958    0.4300    -271.9835  0.7463 
   00959    0.3600    -277.1902  0.7442 
   00960    0.4400    -271.6935  0.7130 
   00961    0.4800    -258.2325  0.7034 
   00962    0.4600    -262.1954  0.6975 
   00963    0.3900    -241.4013  0.6449 
   00964    0.4700    -242.8674  0.6645 
   00965    0.5000    -237.5947  0.6732 
   00966    0.4400    -251.3710  0.7022 
   00967    0.3500    -262.0803  0.7272 
   00968    0.4200    -258.9170  0.7120 
   00969    0.4300    -248.0058  0.7087 
   00970    0.4900    -252.7182  0.6899 
   00971    0.4400    -254.4850  0.6334 
   00972    0.4500    -276.3712  0.6658 
   00973    0.5200    -252.8035  0.6339 
   00974    0.4900    -257.1146  0.6513 
   00975    0.5100    -258.9764  0.6831 
   00976    0.3600    -241.5223  0.6222 
   00977    0.5000    -247.2583  0.6421 
   00978    0.5300    -253.0103  0.6423 
   00979    0.5100    -240.0660  0.6561 
   00980    0.4800    -248.5995  0.6816 
   00981    0.4700    -259.8055  0.6918 
   00982    0.4900    -262.2344  0.7184 
   00983    0.3500    -282.1019  0.7230 
   00984    0.4600    -271.6459  0.6935 
   00985    0.5000    -250.9715  0.6629 
   00986    0.3900    -261.9415  0.6244 
   00987    0.5100    -270.3959  0.5882 
   00988    0.4800    -275.4071  0.6102 
   00989    0.4600    -264.0907  0.6355 
   00990    0.5200    -264.8651  0.6288 
   00991    0.4600    -264.8267  0.6480 
   00992    0.4500    -238.6923  0.6667 
   00993    0.4900    -237.3867  0.6445 
   00994    0.4800    -237.3400  0.6338 
   00995    0.4400    -235.5213  0.6184 
   00996    0.4700    -231.4501  0.6086 
   00997    0.4700    -222.3078  0.5549 
   00998    0.4600    -225.2422  0.5771 
   00999    0.5300    -241.1510  0.6221 
   01000    0.5300    -251.0394  0.6360 
