#=====================================================
# File created:        Fri-08-Mar-2024-at-05-18-12PM
# Size of lattice:     10x10
# Number of MC steps:  1000
# Reduced temperature: 1.000
# Run time (s):        13.095654
#=====================================================
# MC step:  Ratio:     Energy:   Order:
#=====================================================
   00000    0.5000     -99.1664  0.3782 
   00001    0.7300    -155.9971  0.4169 
   00002    0.6100    -188.3632  0.4670 
   00003    0.5600    -215.0796  0.5209 
   00004    0.5600    -195.0805  0.4743 
   00005    0.6300    -230.3238  0.4379 
   00006    0.5400    -214.9115  0.3925 
   00007    0.5500    -241.6377  0.4090 
   00008    0.5700    -242.5161  0.3881 
   00009    0.4600    -235.2923  0.3773 
   00010    0.4700    -217.2019  0.4191 
   00011    0.5500    -212.3093  0.3950 
   00012    0.4500    -188.2303  0.4125 
   00013    0.5500    -218.1846  0.4703 
   00014    0.4900    -217.3057  0.4315 
   00015    0.5700    -231.0889  0.4059 
   00016    0.4700    -231.7506  0.4371 
   00017    0.5200    -230.2041  0.4352 
   00018    0.5200    -226.9696  0.4544 
   00019    0.4800    -240.1904  0.4903 
   00020    0.4800    -235.0735  0.5161 
   00021    0.4400    -241.4413  0.5402 
   00022    0.4900    -231.0048  0.5484 
   00023    0.5600    -219.8439  0.5370 
   00024    0.5900    -248.5693  0.5632 
   00025    0.3800    -227.1911  0.5266 
   00026    0.4500    -229.4534  0.5450 
   00027    0.5200    -232.6745  0.5559 
   00028    0.4300    -243.1198  0.5608 
   00029    0.4300    -238.9618  0.4969 
   00030    0.4900    -229.0709  0.5060 
   00031    0.4900    -232.9769  0.5365 
   00032    0.4300    -227.6432  0.5565 
   00033    0.4700    -244.0483  0.5873 
   00034    0.5000    -260.0739  0.5629 
   00035    0.4800    -240.2903  0.5649 
   00036    0.5500    -240.8632  0.5136 
   00037    0.5500    -236.8029  0.5383 
   00038    0.5400    -241.0465  0.6387 
   00039    0.5000    -231.5078  0.5667 
   00040    0.5100    -232.7432  0.5075 
   00041    0.4700    -240.6440  0.5231 
   00042    0.6000    -245.9781  0.5635 
   00043    0.4200    -245.9562  0.5436 
   00044    0.4100    -232.0604  0.5235 
   00045    0.4600    -215.9215  0.5118 
   00046    0.4400    -222.5523  0.5489 
   00047    0.5000    -230.5717  0.4935 
   00048    0.5300    -230.7421  0.4744 
   00049    0.4500    -247.2250  0.4518 
   00050    0.4900    -262.9967  0.4505 
   00051    0.3900    -232.9222  0.4526 
   00052    0.5800    -246.7062  0.4063 
   00053    0.4100    -232.6923  0.3937 
   00054    0.5200    -241.2533  0.4229 
   00055    0.4700    -228.1217  0.3937 
   00056    0.4000    -215.9027  0.4157 
   00057    0.4800    -226.1483  0.2828 
   00058    0.4600    -227.8941  0.3042 
   00059    0.5300    -206.2119  0.3165 
   00060    0.6200    -205.9676  0.2896 
   00061    0.5200    -227.2094  0.3808 
   00062    0.6400    -235.7631  0.4145 
   00063    0.5000    -224.7375  0.3774 
   00064    0.5500    -224.0143  0.3540 
   00065    0.4700    -210.2385  0.3408 
   00066    0.4600    -219.2491  0.3744 
   00067    0.4700    -224.4944  0.4045 
   00068    0.5300    -219.1927  0.3657 
   00069    0.5200    -229.2012  0.3842 
   00070    0.4600    -249.7252  0.3660 
   00071    0.4500    -236.7380  0.4071 
   00072    0.4800    -232.1031  0.3951 
   00073    0.5500    -192.2935  0.3344 
   00074    0.5100    -198.0895  0.3478 
   00075    0.5200    -194.6868  0.3443 
   00076    0.6000    -188.0112  0.3455 
   00077    0.5500    -231.2567  0.3269 
   00078    0.5800    -204.1675  0.3681 
   00079    0.5300    -214.5742  0.4190 
   00080    0.5000    -224.1615  0.3916 
   00081    0.4300    -228.7691  0.2991 
   00082    0.4800    -201.3286  0.3286 
   00083    0.5300    -215.3477  0.2664 
   00084    0.5700    -232.1641  0.3037 
   00085    0.4600    -239.4425  0.3113 
   00086    0.5800    -226.7567  0.3481 
   00087    0.5100    -236.6440  0.3419 
   00088    0.4900    -247.8359  0.4155 
   00089    0.5500    -249.3804  0.4354 
   00090    0.4700    -249.9094  0.4257 
   00091    0.5000    -213.5449  0.3858 
   00092    0.5700    -227.3867  0.4161 
   00093    0.5500    -228.1691  0.4543 
   00094    0.5000    -238.5947  0.4064 
   00095    0.4400    -224.4870  0.4084 
   00096    0.5200    -210.2070  0.4018 
   00097    0.5700    -201.2473  0.4230 
   00098    0.5800    -211.7529  0.4094 
   00099    0.4700    -228.8514  0.3945 
   00100    0.4300    -225.5259  0.4055 
   00101    0.4900    -225.5961  0.4117 
   00102    0.5100    -223.2099  0.4690 
   00103    0.4600    -213.2452  0.4700 
   00104    0.5300    -238.6703  0.5183 
   00105    0.4500    -247.5178  0.5484 
   00106    0.5300    -241.5256  0.5782 
   00107    0.5800    -236.5718  0.5959 
   00108    0.4900    -238.6898  0.5507 
   00109    0.4900    -219.2999  0.5570 
   00110    0.5400    -241.0277  0.5526 
   00111    0.3500    -268.7479  0.6053 
   00112    0.5400    -234.9106  0.5597 
   00113    0.4400    -228.5746  0.5207 
   00114    0.5400    -200.7140  0.5123 
   00115    0.5900    -192.8106  0.5038 
   00116    0.4200    -221.8695  0.5244 
   00117    0.5200    -214.1635  0.5298 
   00118    0.5700    -212.1418  0.5645 
   00119    0.5300    -218.7895  0.5107 
   00120    0.5900    -212.7554  0.5733 
   00121    0.4900    -232.1547  0.5546 
   00122    0.5400    -247.7843  0.5992 
   00123    0.5000    -263.4577  0.6253 
   00124    0.4200    -272.7328  0.6282 
   00125    0.3900    -272.5733  0.6171 
   00126    0.4100    -277.0728  0.5953 
   00127    0.3700    -260.8248  0.5988 
   00128    0.3700    -271.3582  0.6084 
   00129    0.4700    -265.5911  0.5634 
   00130    0.4200    -246.8682  0.5448 
   00131    0.4900    -227.8337  0.5299 
   00132    0.4700    -228.6668  0.4797 
   00133    0.4300    -261.5080  0.5361 
   00134    0.4300    -278.6915  0.5267 
   00135    0.4000    -268.2162  0.5724 
   00136    0.3900    -262.8513  0.5859 
   00137    0.3400    -252.0451  0.5965 
   00138    0.6000    -248.6428  0.5678 
   00139    0.5700    -224.5359  0.4904 
   00140    0.5400    -238.2031  0.5167 
   00141    0.4700    -245.0211  0.4438 
   00142    0.6600    -224.5344  0.4049 
   00143    0.5300    -225.5673  0.4740 
   00144    0.5700    -231.9634  0.4136 
   00145    0.4600    -217.0743  0.4021 
   00146    0.5400    -229.6693  0.5380 
   00147    0.5100    -211.6583  0.4899 
   00148    0.5600    -213.0044  0.4877 
   00149    0.5600    -205.0347  0.4291 
   00150    0.5300    -204.4212  0.3792 
   00151    0.5800    -188.2949  0.3487 
   00152    0.5500    -192.8972  0.3447 
   00153    0.6200    -207.8861  0.3618 
   00154    0.5200    -196.4601  0.3651 
   00155    0.6300    -205.2081  0.3675 
   00156    0.5500    -220.1247  0.3415 
   00157    0.5200    -227.1838  0.3546 
   00158    0.4500    -223.0200  0.4414 
   00159    0.5100    -230.5592  0.4295 
   00160    0.4900    -231.7861  0.3647 
   00161    0.5500    -229.1796  0.3909 
   00162    0.4700    -232.8170  0.4273 
   00163    0.5000    -234.9530  0.4316 
   00164    0.5400    -230.2387  0.4336 
   00165    0.5800    -225.0582  0.4109 
   00166    0.4700    -228.7756  0.4429 
   00167    0.5100    -227.6239  0.4414 
   00168    0.4500    -232.3998  0.4927 
   00169    0.4200    -214.4917  0.4429 
   00170    0.4900    -202.6238  0.4441 
   00171    0.6200    -216.9206  0.4305 
   00172    0.5100    -213.9505  0.4669 
   00173    0.5900    -197.9348  0.4223 
   00174    0.5800    -215.8090  0.4467 
   00175    0.5400    -226.3097  0.3998 
   00176    0.5100    -237.4597  0.4145 
   00177    0.4500    -242.0557  0.4685 
   00178    0.4900    -246.2041  0.5081 
   00179    0.4300    -250.9681  0.4764 
   00180    0.4700    -243.5036  0.4305 
   00181    0.4900    -257.5341  0.4292 
   00182    0.5000    -242.6263  0.4803 
   00183    0.4300    -240.0347  0.4348 
   00184    0.5500    -232.8195  0.4619 
   00185    0.4900    -227.2262  0.4009 
   00186    0.5300    -232.6923  0.4016 
   00187    0.5200    -230.6344  0.3866 
   00188    0.4500    -217.9678  0.4023 
   00189    0.5700    -211.4589  0.4434 
   00190    0.5100    -226.0780  0.3948 
   00191    0.4900    -225.1405  0.3840 
   00192    0.5900    -214.9282  0.3982 
   00193    0.5300    -224.6952  0.4089 
   00194    0.5400    -229.4885  0.4012 
   00195    0.5100    -232.3778  0.4245 
   00196    0.4200    -234.2750  0.4151 
   00197    0.5500    -214.5088  0.4179 
   00198    0.5000    -230.3448  0.4217 
   00199    0.4800    -212.8180  0.3951 
   00200    0.6000    -211.3841  0.3774 
   00201    0.6000    -210.6470  0.3840 
   00202    0.5900    -208.0687  0.3964 
   00203    0.5000    -226.8434  0.4801 
   00204    0.4700    -223.7982  0.4587 
   00205    0.5500    -247.2102  0.4414 
   00206    0.4800    -244.5575  0.4189 
   00207    0.4100    -240.9347  0.3893 
   00208    0.4400    -211.3586  0.3460 
   00209    0.5200    -193.2125  0.3018 
   00210    0.5200    -202.9683  0.2891 
   00211    0.6100    -194.7425  0.3124 
   00212    0.5200    -223.7624  0.3624 
   00213    0.5300    -208.9530  0.2802 
   00214    0.4800    -220.8358  0.2817 
   00215    0.4800    -212.1153  0.3087 
   00216    0.5100    -223.3202  0.3632 
   00217    0.4600    -224.8869  0.3931 
   00218    0.5200    -227.4682  0.3735 
   00219    0.5100    -227.5237  0.4368 
   00220    0.4700    -232.6903  0.5013 
   00221    0.4500    -233.1459  0.4802 
   00222    0.5200    -259.1897  0.4679 
   00223    0.4000    -274.4537  0.4732 
   00224    0.2900    -270.3539  0.4835 
   00225    0.5400    -257.7289  0.5304 
   00226    0.4600    -258.2137  0.5399 
   00227    0.4500    -253.5715  0.5507 
   00228    0.4300    -240.3724  0.5082 
   00229    0.4900    -269.8481  0.5100 
   00230    0.4000    -255.9255  0.5103 
   00231    0.5100    -239.3253  0.4536 
   00232    0.4800    -243.8242  0.4029 
   00233    0.5100    -252.2658  0.4674 
   00234    0.4300    -241.2857  0.4529 
   00235    0.5200    -218.0013  0.4086 
   00236    0.5000    -217.7780  0.3551 
   00237    0.6500    -222.1678  0.3491 
   00238    0.5900    -244.3793  0.4041 
   00239    0.4700    -226.4096  0.4329 
   00240    0.5400    -228.6761  0.4643 
   00241    0.6000    -188.5954  0.3990 
   00242    0.6300    -208.8895  0.4283 
   00243    0.5600    -213.0491  0.4212 
   00244    0.4700    -205.5826  0.4406 
   00245    0.5900    -235.9479  0.5080 
   00246    0.4300    -248.5498  0.4981 
   00247    0.4600    -243.3967  0.5100 
   00248    0.3900    -234.1073  0.5475 
   00249    0.5100    -243.5358  0.5753 
   00250    0.5300    -219.1460  0.5609 
   00251    0.5500    -235.4891  0.5836 
   00252    0.4500    -236.3385  0.5538 
   00253    0.5700    -224.4135  0.5574 
   00254    0.5100    -186.4263  0.4637 
   00255    0.6400    -181.9888  0.4475 
   00256    0.6000    -199.0122  0.5098 
   00257    0.5700    -229.5518  0.5766 
   00258    0.5000    -243.2819  0.5788 
   00259    0.5500    -246.2483  0.6177 
   00260    0.4200    -287.8541  0.7029 
   00261    0.3500    -284.8846  0.6694 
   00262    0.5100    -273.1881  0.6423 
   00263    0.5000    -275.1805  0.6814 
   00264    0.4200    -263.6143  0.6498 
   00265    0.5200    -246.7659  0.6503 
   00266    0.4400    -234.5837  0.6245 
   00267    0.4900    -245.9143  0.6293 
   00268    0.4500    -248.7493  0.6431 
   00269    0.4500    -253.3771  0.6077 
   00270    0.4500    -255.5614  0.6227 
   00271    0.3800    -258.3718  0.6053 
   00272    0.4800    -239.4067  0.6111 
   00273    0.4800    -231.0497  0.5985 
   00274    0.4100    -258.8484  0.6493 
   00275    0.3900    -274.6634  0.6687 
   00276    0.3500    -266.8827  0.6719 
   00277    0.5100    -250.1362  0.6743 
   00278    0.4400    -257.0986  0.6947 
   00279    0.4200    -266.8320  0.7098 
   00280    0.4500    -273.2556  0.7016 
   00281    0.3900    -270.1466  0.6936 
   00282    0.4700    -252.2043  0.6829 
   00283    0.4200    -274.1877  0.7340 
   00284    0.4100    -252.0087  0.6766 
   00285    0.5400    -229.2612  0.6588 
   00286    0.4700    -238.5663  0.6940 
   00287    0.4300    -262.1022  0.7268 
   00288    0.4600    -258.6094  0.6692 
   00289    0.5000    -248.5781  0.6448 
   00290    0.5100    -260.9586  0.6885 
   00291    0.4500    -265.0170  0.7130 
   00292    0.4700    -274.3011  0.7217 
   00293    0.3600    -265.0381  0.6725 
   00294    0.4500    -273.2610  0.6939 
   00295    0.5100    -259.6713  0.7008 
   00296    0.4700    -277.8681  0.7664 
   00297    0.4400    -261.0212  0.6960 
   00298    0.4800    -262.8940  0.6905 
   00299    0.3900    -258.9275  0.6346 
   00300    0.4100    -270.5566  0.6533 
   00301    0.3700    -284.6575  0.6912 
   00302    0.5800    -264.9846  0.6265 
   00303    0.4400    -250.6073  0.6070 
   00304    0.6000    -241.7523  0.5834 
   00305    0.5000    -259.2964  0.5690 
   00306    0.4600    -256.3033  0.5735 
   00307    0.4700    -235.0695  0.5182 
   00308    0.4100    -243.1093  0.5913 
   00309    0.4600    -246.2243  0.5330 
   00310    0.5300    -235.2430  0.5303 
   00311    0.4600    -225.8640  0.5057 
   00312    0.4800    -251.1489  0.5954 
   00313    0.4900    -234.9167  0.5826 
   00314    0.5100    -215.1092  0.5697 
   00315    0.5600    -217.2863  0.5491 
   00316    0.5400    -208.1674  0.5362 
   00317    0.6800    -226.6745  0.5230 
   00318    0.5400    -245.3940  0.5933 
   00319    0.4000    -238.2100  0.5755 
   00320    0.4300    -230.7604  0.5547 
   00321    0.5300    -214.4787  0.5208 
   00322    0.4300    -234.8295  0.4891 
   00323    0.5100    -232.1894  0.3979 
   00324    0.5300    -239.6162  0.4554 
   00325    0.5500    -234.8330  0.4825 
   00326    0.4500    -227.9376  0.4862 
   00327    0.5300    -237.7536  0.5440 
   00328    0.4600    -243.2333  0.5310 
   00329    0.6000    -228.8030  0.5594 
   00330    0.4600    -238.8255  0.5681 
   00331    0.4700    -240.3301  0.5811 
   00332    0.5200    -240.2439  0.5610 
   00333    0.4800    -262.3942  0.6070 
   00334    0.4800    -257.3971  0.5552 
   00335    0.4300    -241.1737  0.5727 
   00336    0.5000    -234.3779  0.6263 
   00337    0.4700    -231.9476  0.6350 
   00338    0.4800    -247.9166  0.6495 
   00339    0.4700    -240.6268  0.6265 
   00340    0.4800    -245.0901  0.6450 
   00341    0.3400    -258.3829  0.6093 
   00342    0.5000    -255.4650  0.6456 
   00343    0.5300    -259.0831  0.6367 
   00344    0.5300    -253.9633  0.7184 
   00345    0.2800    -257.8625  0.7178 
   00346    0.3900    -255.6979  0.7269 
   00347    0.5000    -246.0240  0.6812 
   00348    0.4400    -249.9799  0.6878 
   00349    0.4800    -272.1248  0.7248 
   00350    0.4500    -300.0345  0.7758 
   00351    0.3900    -277.4213  0.7483 
   00352    0.4700    -282.6644  0.7185 
   00353    0.4700    -253.8152  0.6657 
   00354    0.5000    -256.8346  0.6794 
   00355    0.3800    -255.7259  0.6745 
   00356    0.4600    -247.9472  0.6694 
   00357    0.5000    -243.5549  0.6828 
   00358    0.4800    -232.7559  0.6666 
   00359    0.4300    -241.0214  0.6478 
   00360    0.4700    -243.9202  0.6420 
   00361    0.4500    -235.5258  0.6076 
   00362    0.5600    -233.2412  0.5717 
   00363    0.4400    -242.5013  0.5232 
   00364    0.5100    -231.8558  0.5458 
   00365    0.4300    -232.6144  0.4800 
   00366    0.5100    -239.4460  0.4624 
   00367    0.4800    -235.0122  0.4961 
   00368    0.5600    -253.0558  0.5297 
   00369    0.4400    -249.3005  0.4906 
   00370    0.4700    -230.8020  0.5255 
   00371    0.4700    -235.3963  0.5633 
   00372    0.5000    -228.9632  0.5321 
   00373    0.5000    -222.7545  0.5225 
   00374    0.4000    -224.4823  0.4434 
   00375    0.5300    -234.3757  0.4786 
   00376    0.4800    -232.5014  0.5272 
   00377    0.5600    -227.9310  0.4658 
   00378    0.5500    -235.5401  0.5067 
   00379    0.4800    -237.9428  0.4963 
   00380    0.4500    -238.0231  0.5142 
   00381    0.5200    -237.9648  0.4308 
   00382    0.5300    -234.2829  0.4460 
   00383    0.4700    -266.2557  0.4384 
   00384    0.3900    -249.9368  0.4650 
   00385    0.5000    -255.9813  0.4803 
   00386    0.5000    -263.3101  0.4961 
   00387    0.5300    -254.7912  0.4650 
   00388    0.4600    -245.7499  0.4017 
   00389    0.4700    -252.2848  0.4122 
   00390    0.4600    -260.3502  0.4614 
   00391    0.4700    -250.7759  0.4897 
   00392    0.5200    -240.7309  0.5013 
   00393    0.4900    -253.0000  0.5735 
   00394    0.4100    -257.3544  0.5884 
   00395    0.4700    -254.0107  0.5680 
   00396    0.4800    -252.4377  0.5873 
   00397    0.4600    -254.0379  0.5823 
   00398    0.5100    -242.3285  0.5140 
   00399    0.4900    -248.0717  0.5064 
   00400    0.4900    -244.8923  0.5069 
   00401    0.5600    -244.0179  0.5232 
   00402    0.5100    -238.4059  0.5425 
   00403    0.4700    -247.3162  0.5093 
   00404    0.4500    -266.9337  0.5741 
   00405    0.4000    -239.8957  0.5388 
   00406    0.5100    -245.2179  0.5549 
   00407    0.4900    -243.2226  0.5598 
   00408    0.5300    -238.5163  0.4936 
   00409    0.5600    -239.9089  0.4289 
   00410    0.3900    -235.5528  0.4727 
   00411    0.5600    -230.6761  0.3878 
   00412    0.5500    -235.3564  0.4084 
   00413    0.5000    -237.5645  0.3718 
   00414    0.5200    -227.2579  0.2998 
   00415    0.5300    -227.5345  0.3226 
   00416    0.4000    -226.9200  0.3493 
   00417    0.6000    -237.5656  0.3033 
   00418    0.5300    -233.6723  0.3375 
   00419    0.4400    -234.0763  0.3611 
   00420    0.4300    -262.6564  0.4137 
   00421    0.5500    -253.4399  0.4418 
   00422    0.4500    -252.6456  0.4220 
   00423    0.4800    -244.1147  0.3260 
   00424    0.4800    -218.2926  0.3258 
   00425    0.4600    -228.3140  0.3402 
   00426    0.5800    -227.3668  0.3889 
   00427    0.4300    -241.4519  0.4377 
   00428    0.5500    -227.4073  0.4389 
   00429    0.4900    -240.7646  0.4694 
   00430    0.4900    -245.1840  0.5014 
   00431    0.3900    -254.6439  0.5538 
   00432    0.3700    -259.2518  0.5629 
   00433    0.4300    -255.2663  0.5243 
   00434    0.3900    -267.3070  0.5084 
   00435    0.4900    -260.5892  0.5043 
   00436    0.4800    -248.3019  0.4674 
   00437    0.5200    -244.5445  0.4897 
   00438    0.4600    -245.7969  0.4352 
   00439    0.5200    -250.0777  0.4217 
   00440    0.4700    -224.6030  0.4311 
   00441    0.5300    -209.6483  0.4162 
   00442    0.4600    -204.6241  0.4554 
   00443    0.5900    -212.2982  0.4733 
   00444    0.4800    -234.5135  0.5101 
   00445    0.5200    -225.6938  0.5095 
   00446    0.5900    -235.8601  0.4878 
   00447    0.5200    -233.0685  0.4793 
   00448    0.5600    -238.5575  0.4679 
   00449    0.5000    -244.5975  0.4424 
   00450    0.4900    -254.2122  0.4330 
   00451    0.4400    -256.5590  0.4365 
   00452    0.5100    -233.0025  0.4325 
   00453    0.4300    -232.2377  0.5278 
   00454    0.3800    -224.4080  0.4510 
   00455    0.4700    -236.4555  0.4373 
   00456    0.6200    -221.4361  0.3941 
   00457    0.4700    -238.6517  0.4514 
   00458    0.5100    -237.4358  0.5066 
   00459    0.5300    -223.1975  0.4831 
   00460    0.5000    -242.1393  0.5639 
   00461    0.4700    -251.4824  0.5427 
   00462    0.4300    -239.4257  0.5315 
   00463    0.3800    -234.4967  0.5000 
   00464    0.5000    -237.3838  0.5398 
   00465    0.4600    -256.6028  0.5518 
   00466    0.5200    -255.2645  0.6031 
   00467    0.4900    -267.8037  0.5729 
   00468    0.4800    -256.3288  0.4996 
   00469    0.4200    -233.8481  0.4347 
   00470    0.5500    -211.1234  0.4168 
   00471    0.6000    -197.1059  0.3724 
   00472    0.5600    -202.0032  0.3732 
   00473    0.5700    -201.8365  0.3637 
   00474    0.5700    -207.6265  0.4001 
   00475    0.5300    -220.0505  0.4610 
   00476    0.4800    -223.4361  0.4491 
   00477    0.4700    -215.8209  0.4365 
   00478    0.5300    -209.0753  0.3733 
   00479    0.6200    -208.1055  0.4212 
   00480    0.5500    -241.1996  0.4413 
   00481    0.4600    -242.5092  0.4882 
   00482    0.4700    -243.1203  0.5038 
   00483    0.5200    -239.2951  0.4359 
   00484    0.5000    -226.4061  0.4374 
   00485    0.5100    -241.3917  0.5624 
   00486    0.4300    -215.0144  0.5295 
   00487    0.5300    -217.5735  0.5088 
   00488    0.5100    -213.2715  0.4723 
   00489    0.4800    -231.8971  0.4563 
   00490    0.5400    -222.2742  0.4834 
   00491    0.5100    -206.1834  0.4563 
   00492    0.4800    -200.8219  0.3851 
   00493    0.6400    -185.6796  0.4413 
   00494    0.6200    -203.9473  0.4493 
   00495    0.5000    -196.5827  0.4699 
   00496    0.4900    -206.1281  0.4657 
   00497    0.5500    -211.6961  0.5386 
   00498    0.4900    -217.2669  0.4960 
   00499    0.5000    -220.9548  0.4864 
   00500    0.5000    -202.0153  0.4802 
   00501    0.5300    -217.8858  0.4813 
   00502    0.4800    -216.5780  0.4480 
   00503    0.4700    -213.5244  0.4229 
   00504    0.6100    -229.1556  0.4862 
   00505    0.5300    -235.6183  0.5050 
   00506    0.5800    -221.9469  0.5053 
   00507    0.6200    -236.4059  0.5425 
   00508    0.5200    -233.7357  0.5594 
   00509    0.5100    -223.9091  0.5239 
   00510    0.4100    -235.8384  0.5942 
   00511    0.6100    -255.4576  0.6052 
   00512    0.4600    -249.0910  0.5560 
   00513    0.4800    -265.9929  0.5782 
   00514    0.3900    -252.2800  0.5738 
   00515    0.5000    -231.2608  0.5528 
   00516    0.4000    -252.5561  0.5687 
   00517    0.4800    -268.8270  0.5793 
   00518    0.4700    -270.1403  0.6386 
   00519    0.3700    -264.4622  0.6565 
   00520    0.4100    -269.0737  0.5834 
   00521    0.4600    -259.7483  0.5565 
   00522    0.4300    -272.8526  0.5523 
   00523    0.4200    -262.6058  0.5542 
   00524    0.4800    -256.6245  0.5513 
   00525    0.4800    -247.0077  0.6012 
   00526    0.5000    -241.7610  0.5866 
   00527    0.4500    -243.4882  0.5730 
   00528    0.4700    -222.6350  0.5529 
   00529    0.5700    -222.1123  0.6432 
   00530    0.4900    -219.8003  0.6279 
   00531    0.4700    -252.3557  0.7355 
   00532    0.4500    -266.9172  0.7553 
   00533    0.4400    -265.9516  0.7367 
   00534    0.3900    -264.4333  0.7509 
   00535    0.3200    -271.6176  0.7417 
   00536    0.3400    -266.4764  0.7190 
   00537    0.4500    -258.0314  0.6969 
   00538    0.5400    -269.0233  0.7382 
   00539    0.5100    -254.4195  0.7162 
   00540    0.5500    -260.5018  0.7004 
   00541    0.4500    -241.4614  0.6749 
   00542    0.5600    -224.2058  0.6304 
   00543    0.5500    -207.1894  0.5798 
   00544    0.5600    -219.7683  0.5695 
   00545    0.5100    -211.6005  0.5348 
   00546    0.5200    -212.4350  0.5355 
   00547    0.5400    -202.5442  0.5244 
   00548    0.5400    -199.6212  0.5151 
   00549    0.5300    -208.5452  0.5415 
   00550    0.4800    -223.6385  0.5763 
   00551    0.4600    -231.1486  0.5993 
   00552    0.5400    -239.1653  0.6146 
   00553    0.4800    -233.5601  0.5421 
   00554    0.4200    -263.8057  0.5981 
   00555    0.5400    -272.6253  0.6334 
   00556    0.4200    -261.0096  0.6238 
   00557    0.4700    -263.2951  0.6341 
   00558    0.3800    -270.3358  0.6544 
   00559    0.3900    -263.0905  0.6224 
   00560    0.5300    -251.6514  0.6374 
   00561    0.4100    -238.3612  0.5877 
   00562    0.5500    -242.6959  0.5643 
   00563    0.4000    -235.2956  0.5545 
   00564    0.4700    -226.5599  0.5409 
   00565    0.5300    -238.0691  0.5443 
   00566    0.4400    -235.1280  0.5705 
   00567    0.5200    -221.9853  0.5554 
   00568    0.5400    -227.0080  0.5670 
   00569    0.4900    -236.2296  0.5500 
   00570    0.5300    -226.4185  0.5377 
   00571    0.4800    -229.3559  0.4991 
   00572    0.5200    -241.6850  0.5762 
   00573    0.5600    -251.0216  0.6104 
   00574    0.4400    -248.0273  0.6179 
   00575    0.4500    -268.1814  0.6953 
   00576    0.3500    -270.5433  0.7035 
   00577    0.4900    -266.8026  0.7051 
   00578    0.4000    -281.6419  0.7090 
   00579    0.4100    -283.3560  0.6713 
   00580    0.4700    -272.4873  0.6376 
   00581    0.4200    -264.0660  0.6232 
   00582    0.5000    -255.4623  0.5959 
   00583    0.3900    -261.9877  0.5326 
   00584    0.5100    -250.9177  0.5823 
   00585    0.3400    -235.6588  0.5522 
   00586    0.5000    -241.9161  0.4885 
   00587    0.4600    -256.3146  0.5104 
   00588    0.4400    -256.2227  0.5705 
   00589    0.4000    -259.7388  0.5955 
   00590    0.5400    -247.4595  0.5627 
   00591    0.4900    -245.8920  0.5448 
   00592    0.5300    -248.8937  0.5402 
   00593    0.5500    -227.8291  0.4959 
   00594    0.4400    -230.4633  0.4572 
   00595    0.5300    -227.1163  0.4333 
   00596    0.5100    -216.7044  0.4366 
   00597    0.6400    -203.3500  0.4114 
   00598    0.4300    -208.8603  0.4776 
   00599    0.5800    -228.0781  0.4474 
   00600    0.5300    -226.0325  0.4552 
   00601    0.5600    -250.1526  0.5226 
   00602    0.6300    -242.4501  0.5330 
   00603    0.4700    -219.6425  0.4289 
   00604    0.4900    -245.9741  0.4391 
   00605    0.4900    -250.9659  0.4522 
   00606    0.5000    -244.5610  0.4326 
   00607    0.3700    -252.3594  0.4545 
   00608    0.5100    -227.2886  0.5250 
   00609    0.5000    -246.4469  0.4891 
   00610    0.4600    -252.9830  0.5005 
   00611    0.4700    -248.8479  0.4633 
   00612    0.5100    -229.8310  0.4240 
   00613    0.4700    -228.6544  0.3893 
   00614    0.4900    -238.5135  0.3944 
   00615    0.4200    -216.9631  0.4039 
   00616    0.5100    -215.7185  0.4209 
   00617    0.5200    -231.7411  0.3898 
   00618    0.4400    -241.7283  0.4555 
   00619    0.4900    -249.0152  0.5208 
   00620    0.4200    -238.0442  0.5155 
   00621    0.4800    -223.6605  0.5319 
   00622    0.4700    -245.6789  0.6018 
   00623    0.5500    -238.4261  0.5911 
   00624    0.5000    -213.4429  0.5456 
   00625    0.4700    -212.5942  0.5663 
   00626    0.6100    -211.3836  0.5211 
   00627    0.5000    -238.3133  0.5835 
   00628    0.4700    -238.9044  0.5452 
   00629    0.4000    -255.9479  0.5300 
   00630    0.4700    -232.9209  0.5533 
   00631    0.4900    -245.8382  0.5275 
   00632    0.4900    -241.6096  0.4842 
   00633    0.4700    -232.6695  0.5034 
   00634    0.5500    -233.2833  0.4771 
   00635    0.4100    -230.3964  0.4678 
   00636    0.4500    -238.1949  0.5009 
   00637    0.5000    -236.4230  0.5703 
   00638    0.4700    -241.8223  0.5463 
   00639    0.4500    -259.5861  0.5926 
   00640    0.4200    -246.9863  0.5718 
   00641    0.5200    -252.3038  0.6110 
   00642    0.4200    -277.3794  0.7098 
   00643    0.5100    -263.4222  0.6924 
   00644    0.4100    -259.0096  0.6327 
   00645    0.4600    -260.7955  0.6559 
   00646    0.4300    -226.9687  0.6112 
   00647    0.5400    -247.1338  0.6258 
   00648    0.4300    -248.1963  0.6036 
   00649    0.5100    -221.8323  0.5001 
   00650    0.4300    -231.3762  0.4942 
   00651    0.4200    -231.8372  0.4957 
   00652    0.4000    -246.6790  0.4706 
   00653    0.4900    -224.5591  0.4375 
   00654    0.5300    -231.0132  0.5097 
   00655    0.4700    -225.8564  0.5448 
   00656    0.5700    -225.5004  0.5360 
   00657    0.5100    -224.6789  0.5330 
   00658    0.5600    -235.1561  0.5976 
   00659    0.4500    -257.0893  0.6339 
   00660    0.4700    -244.9789  0.6294 
   00661    0.5300    -243.6147  0.6514 
   00662    0.4800    -248.5727  0.6320 
   00663    0.5200    -261.4824  0.6082 
   00664    0.4600    -269.8711  0.6612 
   00665    0.5200    -270.1769  0.6872 
   00666    0.4300    -277.0957  0.6882 
   00667    0.5200    -274.5898  0.6964 
   00668    0.4600    -260.6634  0.7127 
   00669    0.4400    -278.5353  0.7136 
   00670    0.4900    -288.4136  0.7425 
   00671    0.5100    -285.6534  0.7471 
   00672    0.4100    -279.6164  0.7282 
   00673    0.4300    -286.2227  0.7468 
   00674    0.4100    -282.2440  0.7488 
   00675    0.3700    -284.2581  0.7551 
   00676    0.5200    -282.5478  0.7741 
   00677    0.4200    -276.4023  0.7691 
   00678    0.4400    -248.7917  0.7281 
   00679    0.5100    -260.2390  0.7290 
   00680    0.4500    -235.2729  0.6887 
   00681    0.4800    -266.6229  0.7077 
   00682    0.4100    -271.5288  0.7086 
   00683    0.3600    -275.2106  0.6916 
   00684    0.4600    -275.5374  0.6828 
   00685    0.3900    -281.5707  0.6914 
   00686    0.4300    -279.0356  0.7218 
   00687    0.4700    -271.2027  0.7037 
   00688    0.5700    -253.2479  0.6695 
   00689    0.5200    -260.1162  0.6668 
   00690    0.5000    -266.8960  0.6958 
   00691    0.4000    -273.5465  0.6424 
   00692    0.4100    -265.7534  0.6838 
   00693    0.4000    -273.2106  0.6941 
   00694    0.3600    -287.0161  0.7031 
   00695    0.3800    -285.4983  0.6931 
   00696    0.4000    -270.5165  0.6875 
   00697    0.3900    -265.4859  0.6720 
   00698    0.4200    -256.5301  0.6503 
   00699    0.4400    -271.0803  0.6667 
   00700    0.3900    -283.6643  0.7181 
   00701    0.3700    -293.4579  0.7395 
   00702    0.4700    -283.9088  0.7063 
   00703    0.3900    -263.1613  0.6826 
   00704    0.5200    -253.8305  0.6898 
   00705    0.5300    -245.1990  0.7209 
   00706    0.5000    -245.2089  0.6883 
   00707    0.5200    -262.2576  0.7265 
   00708    0.4700    -263.7646  0.7272 
   00709    0.3300    -253.0010  0.6945 
   00710    0.4600    -256.4338  0.6261 
   00711    0.4500    -224.0805  0.5338 
   00712    0.4600    -221.9470  0.5803 
   00713    0.4700    -230.0630  0.5586 
   00714    0.5000    -224.2992  0.5067 
   00715    0.5500    -243.3187  0.5151 
   00716    0.4600    -234.9297  0.4410 
   00717    0.5200    -217.2650  0.4016 
   00718    0.4500    -215.3835  0.3687 
   00719    0.5800    -205.1446  0.3978 
   00720    0.4700    -212.1443  0.3974 
   00721    0.5200    -221.4075  0.3223 
   00722    0.5900    -206.4673  0.3307 
   00723    0.4200    -200.6415  0.3788 
   00724    0.5500    -200.8181  0.3422 
   00725    0.6200    -218.6685  0.3701 
   00726    0.5900    -246.7911  0.4492 
   00727    0.4500    -249.0245  0.4540 
   00728    0.4900    -247.2078  0.4701 
   00729    0.4600    -245.9784  0.4275 
   00730    0.4900    -260.1322  0.4313 
   00731    0.4400    -242.5889  0.4353 
   00732    0.4200    -247.9771  0.4149 
   00733    0.4900    -244.4574  0.4296 
   00734    0.3700    -236.8038  0.4666 
   00735    0.5700    -232.2627  0.4777 
   00736    0.5400    -221.6498  0.5279 
   00737    0.5300    -228.3741  0.5735 
   00738    0.5400    -209.4108  0.5429 
   00739    0.3600    -227.7025  0.5821 
   00740    0.4700    -214.1843  0.5664 
   00741    0.5800    -222.1163  0.5661 
   00742    0.5200    -225.0285  0.5739 
   00743    0.4700    -243.6692  0.5881 
   00744    0.4500    -258.0126  0.6202 
   00745    0.4500    -258.7089  0.6006 
   00746    0.4600    -253.8383  0.6305 
   00747    0.4700    -256.3346  0.6732 
   00748    0.5100    -246.5770  0.6771 
   00749    0.4400    -241.9990  0.6743 
   00750    0.5400    -272.7139  0.6719 
   00751    0.3900    -265.4549  0.7035 
   00752    0.4200    -260.7196  0.6861 
   00753    0.4800    -249.0850  0.6649 
   00754    0.4900    -270.4702  0.7042 
   00755    0.4700    -291.5816  0.7676 
   00756    0.4400    -271.3375  0.7317 
   00757    0.4500    -254.7752  0.6687 
   00758    0.3800    -250.5773  0.6400 
   00759    0.4300    -261.1982  0.6476 
   00760    0.4000    -258.3882  0.6551 
   00761    0.4200    -241.5427  0.6390 
   00762    0.4500    -214.8007  0.5640 
   00763    0.5100    -232.5532  0.6034 
   00764    0.5000    -250.3299  0.6171 
   00765    0.4600    -240.1346  0.5556 
   00766    0.5100    -244.2263  0.6051 
   00767    0.4800    -239.4693  0.6119 
   00768    0.4400    -247.7537  0.6752 
   00769    0.4600    -259.8461  0.6898 
   00770    0.5400    -216.9973  0.6063 
   00771    0.4600    -227.9790  0.6320 
   00772    0.4100    -236.8212  0.6547 
   00773    0.5100    -250.8545  0.6586 
   00774    0.3800    -233.4709  0.6166 
   00775    0.4700    -248.4907  0.6127 
   00776    0.4300    -253.2930  0.5729 
   00777    0.4900    -258.2548  0.6536 
   00778    0.5400    -241.0793  0.6061 
   00779    0.5400    -242.4313  0.6207 
   00780    0.5100    -250.1065  0.6255 
   00781    0.4400    -253.6015  0.6404 
   00782    0.3800    -247.1490  0.5951 
   00783    0.5200    -250.2609  0.5800 
   00784    0.5300    -252.1764  0.5676 
   00785    0.4700    -263.9725  0.4889 
   00786    0.4700    -257.3456  0.4457 
   00787    0.4700    -245.4005  0.4050 
   00788    0.5400    -218.6565  0.4424 
   00789    0.5000    -214.4186  0.4977 
   00790    0.5100    -219.3427  0.4820 
   00791    0.5500    -220.2519  0.5014 
   00792    0.5000    -224.8921  0.5333 
   00793    0.5200    -246.2878  0.6031 
   00794    0.5400    -216.6868  0.5302 
   00795    0.5800    -204.6372  0.4677 
   00796    0.4800    -210.6340  0.4734 
   00797    0.5500    -208.6654  0.4339 
   00798    0.5100    -219.0741  0.4192 
   00799    0.5800    -244.7131  0.5078 
   00800    0.5000    -232.5975  0.4878 
   00801    0.4900    -234.7863  0.4797 
   00802    0.4500    -239.5554  0.5086 
   00803    0.5000    -246.3026  0.4673 
   00804    0.4400    -229.2819  0.4595 
   00805    0.4500    -238.3591  0.4872 
   00806    0.5100    -253.3881  0.4701 
   00807    0.4500    -261.7103  0.5280 
   00808    0.5000    -248.4227  0.4679 
   00809    0.6200    -256.1849  0.5056 
   00810    0.5300    -261.3346  0.5880 
   00811    0.5200    -260.8126  0.5231 
   00812    0.4200    -270.4088  0.5786 
   00813    0.3900    -282.3315  0.5825 
   00814    0.3300    -275.1106  0.5643 
   00815    0.3400    -270.2553  0.5355 
   00816    0.3600    -271.2963  0.5090 
   00817    0.4000    -271.2068  0.4544 
   00818    0.4000    -262.4006  0.4382 
   00819    0.5500    -262.8058  0.4380 
   00820    0.3900    -272.8818  0.4545 
   00821    0.4000    -267.5036  0.4135 
   00822    0.4500    -256.8197  0.3994 
   00823    0.4700    -232.1791  0.3881 
   00824    0.5000    -224.2548  0.4712 
   00825    0.4700    -230.8393  0.5272 
   00826    0.5200    -258.0323  0.4962 
   00827    0.5500    -246.9944  0.4171 
   00828    0.5200    -223.7090  0.4610 
   00829    0.5600    -238.3603  0.5307 
   00830    0.4800    -227.3173  0.5032 
   00831    0.5200    -233.1687  0.5635 
   00832    0.5000    -244.1313  0.5655 
   00833    0.5300    -222.2688  0.5987 
   00834    0.5600    -231.9607  0.6028 
   00835    0.4600    -230.1109  0.6089 
   00836    0.4300    -231.6181  0.6277 
   00837    0.5300    -230.9414  0.6097 
   00838    0.4600    -225.8828  0.5683 
   00839    0.4500    -247.4540  0.5771 
   00840    0.5300    -254.7889  0.6467 
   00841    0.3900    -260.5312  0.6877 
   00842    0.4500    -261.6920  0.6658 
   00843    0.4100    -254.1373  0.6462 
   00844    0.5400    -254.6395  0.6703 
   00845    0.4200    -271.9227  0.7043 
   00846    0.5300    -266.2638  0.7099 
   00847    0.3600    -282.9575  0.7431 
   00848    0.4300    -286.1851  0.7244 
   00849    0.3400    -290.7161  0.7693 
   00850    0.3100    -290.5217  0.7551 
   00851    0.4100    -274.6117  0.7176 
   00852    0.4100    -293.4238  0.7640 
   00853    0.4400    -278.1730  0.7200 
   00854    0.3300    -283.1098  0.7410 
   00855    0.4200    -298.1160  0.7756 
   00856    0.3600    -278.4886  0.7729 
   00857    0.4200    -283.1989  0.7793 
   00858    0.4100    -277.2943  0.7426 
   00859    0.3800    -251.4471  0.6771 
   00860    0.4800    -259.0744  0.6842 
   00861    0.4100    -265.4681  0.6960 
   00862    0.4400    -264.0688  0.6960 
   00863    0.4100    -262.9648  0.6954 
   00864    0.4800    -277.5769  0.7110 
   00865    0.4500    -267.8066  0.6751 
   00866    0.3700    -257.0221  0.6204 
   00867    0.5700    -230.3745  0.6303 
   00868    0.4900    -243.7079  0.6430 
   00869    0.5000    -251.6051  0.6478 
   00870    0.4000    -243.9094  0.6243 
   00871    0.4800    -248.0893  0.6023 
   00872    0.4900    -242.4015  0.5793 
   00873    0.4800    -251.2860  0.5788 
   00874    0.5200    -251.4419  0.6062 
   00875    0.4700    -245.2324  0.6261 
   00876    0.4300    -250.8737  0.6540 
   00877    0.5900    -252.2785  0.6691 
   00878    0.5200    -235.0059  0.6095 
   00879    0.5100    -238.9011  0.6445 
   00880    0.3900    -239.1447  0.6249 
   00881    0.4300    -249.9174  0.6181 
   00882    0.4400    -244.4243  0.5973 
   00883    0.4100    -266.8050  0.6559 
   00884    0.4500    -269.4331  0.6607 
   00885    0.4900    -260.8239  0.6840 
   00886    0.4700    -275.3647  0.7305 
   00887    0.4500    -280.7311  0.7387 
   00888    0.4200    -305.8657  0.7567 
   00889    0.3900    -283.7653  0.7487 
   00890    0.5000    -285.1882  0.7548 
   00891    0.4200    -286.6967  0.7542 
   00892    0.4600    -271.4301  0.6968 
   00893    0.5000    -275.8711  0.6843 
   00894    0.3400    -282.3394  0.7015 
   00895    0.4000    -272.4044  0.6736 
   00896    0.4300    -258.1111  0.6235 
   00897    0.5100    -264.2023  0.6196 
   00898    0.3600    -252.5686  0.6309 
   00899    0.4700    -260.9854  0.6728 
   00900    0.4100    -252.6945  0.6755 
   00901    0.3700    -241.0447  0.6657 
   00902    0.4500    -217.1310  0.6430 
   00903    0.4800    -235.1074  0.6542 
   00904    0.4400    -233.9700  0.6616 
   00905    0.4400    -240.3220  0.6985 
   00906    0.4300    -249.2029  0.6756 
   00907    0.4700    -264.9742  0.7303 
   00908    0.4300    -262.9652  0.7339 
   00909    0.4700    -265.4035  0.7471 
   00910    0.4600    -256.9179  0.6919 
   00911    0.4300    -251.2665  0.6792 
   00912    0.4500    -236.6175  0.6407 
   00913    0.4800    -247.5914  0.6241 
   00914    0.4900    -246.4318  0.5800 
   00915    0.4200    -253.4713  0.5409 
   00916    0.4500    -238.4017  0.5214 
   00917    0.5600    -238.4660  0.5350 
   00918    0.5200    -242.5839  0.5420 
   00919    0.5100    -264.4278  0.6334 
   00920    0.5300    -259.3798  0.6044 
   00921    0.5500    -259.7528  0.5740 
   00922    0.4400    -246.7414  0.6096 
   00923    0.4300    -226.0656  0.5912 
   00924    0.5800    -240.7099  0.5366 
   00925    0.5400    -223.2895  0.4882 
   00926    0.4600    -244.2831  0.4909 
   00927    0.4500    -241.9510  0.4385 
   00928    0.4200    -237.5683  0.4070 
   00929    0.5100    -239.6000  0.4050 
   00930    0.4400    -234.6978  0.3760 
   00931    0.5500    -238.8688  0.3879 
   00932    0.5000    -235.7439  0.3854 
   00933    0.5500    -254.4587  0.4303 
   00934    0.5500    -246.5051  0.4787 
   00935    0.4700    -231.8709  0.5169 
   00936    0.5200    -241.1788  0.5311 
   00937    0.5200    -232.7380  0.5077 
   00938    0.5700    -224.1678  0.4124 
   00939    0.5400    -216.5632  0.4934 
   00940    0.5000    -227.4270  0.5096 
   00941    0.5300    -207.4565  0.4347 
   00942    0.5800    -241.9298  0.4416 
   00943    0.5600    -239.8995  0.4853 
   00944    0.5500    -246.6778  0.5439 
   00945    0.4200    -252.5103  0.5226 
   00946    0.4100    -244.0253  0.5096 
   00947    0.5300    -246.8840  0.4607 
   00948    0.4700    -240.1765  0.4476 
   00949    0.5200    -237.1474  0.4608 
   00950    0.3900    -271.1387  0.5213 
   00951    0.4600    -251.6391  0.5314 
   00952    0.3300    -242.4853  0.5506 
   00953    0.4100    -251.6119  0.5046 
   00954    0.4600    -256.0698  0.4713 
   00955    0.4000    -249.3221  0.4194 
   00956    0.3400    -252.9441  0.4504 
   00957    0.4900    -239.3874  0.4165 
   00958    0.4400    -265.0806  0.3570 
   00959    0.4600    -253.7097  0.4031 
   00960    0.3500    -251.6440  0.3674 
   00961    0.3800    -256.7769  0.4075 
   00962    0.4100    -251.8067  0.3839 
   00963    0.4600    -260.4911  0.3853 
   00964    0.4600    -263.1386  0.3468 
   00965    0.5000    -272.1412  0.4097 
   00966    0.4200    -268.4938  0.4247 
   00967    0.4800    -242.0711  0.4189 
   00968    0.5500    -228.6530  0.4254 
   00969    0.5000    -227.4417  0.4650 
   00970    0.5500    -241.2853  0.4954 
   00971    0.4900    -231.8234  0.5074 
   00972    0.5300    -236.9872  0.4586 
   00973    0.4700    -230.4060  0.4603 
   00974    0.5500    -236.8532  0.3936 
   00975    0.5800    -238.9973  0.4007 
   00976    0.4800    -232.0177  0.3166 
   00977    0.4600    -242.6796  0.3001 
   00978    0.4500    -233.2186  0.2797 
   00979    0.4700    -241.0970  0.2617 
   00980    0.5000    -230.9282  0.3306 
   00981    0.4900    -223.8046  0.3094 
   00982    0.5900    -222.8537  0.2653 
   00983    0.4500    -228.2539  0.3220 
   00984    0.4800    -240.7551  0.3186 
   00985    0.5000    -235.3326  0.3896 
   00986    0.5200    -228.6989  0.3810 
   00987    0.5000    -246.4335  0.3478 
   00988    0.5100    -232.6386  0.3068 
   00989    0.5400    -240.7298  0.2684 
   00990    0.5600    -222.1807  0.3152 
   00991    0.4600    -239.6481  0.3063 
   00992    0.5200    -230.9265  0.3079 
   00993    0.4600    -218.9749  0.2854 
   00994    0.5800    -197.6359  0.3204 
   00995    0.5500    -213.0465  0.2971 
   00996    0.5300    -201.4729  0.3446 
   00997    0.4800    -205.8660  0.3176 
   00998    0.6200    -221.5483  0.2783 
   00999    0.6100    -203.4485  0.2969 
   01000    0.5000    -227.0891  0.3168 
