#=====================================================
# File created:        Fri-08-Mar-2024-at-05-11-50PM
# Size of lattice:     10x10
# Number of MC steps:  1000
# Reduced temperature: 1.000
# Run time (s):        12.719291
#=====================================================
# MC step:  Ratio:     Energy:   Order:
#=====================================================
   00000    0.5000    -113.2644  0.3448 
   00001    0.6500    -147.7146  0.3830 
   00002    0.6100    -195.9622  0.4170 
   00003    0.5000    -213.7588  0.4504 
   00004    0.5400    -236.3656  0.5142 
   00005    0.5400    -214.1238  0.4757 
   00006    0.4700    -225.6634  0.5167 
   00007    0.4700    -224.8421  0.4908 
   00008    0.4100    -227.0668  0.4142 
   00009    0.4500    -225.6482  0.4213 
   00010    0.4600    -219.3097  0.4068 
   00011    0.4600    -227.2655  0.3998 
   00012    0.5800    -212.7871  0.4426 
   00013    0.4700    -220.3959  0.4868 
   00014    0.5700    -217.7693  0.4848 
   00015    0.5200    -239.6481  0.5296 
   00016    0.5000    -224.3468  0.4603 
   00017    0.4900    -218.8106  0.4744 
   00018    0.5400    -223.2368  0.5209 
   00019    0.5800    -218.0894  0.5387 
   00020    0.6300    -219.8550  0.5329 
   00021    0.5000    -238.5783  0.5460 
   00022    0.4300    -234.9817  0.5242 
   00023    0.5200    -237.2295  0.5329 
   00024    0.5300    -236.5292  0.5366 
   00025    0.6000    -241.9433  0.5681 
   00026    0.5000    -225.6299  0.5740 
   00027    0.4600    -233.7846  0.6270 
   00028    0.4600    -212.2326  0.5934 
   00029    0.5900    -214.7614  0.6002 
   00030    0.6100    -227.9383  0.6369 
   00031    0.4500    -236.6201  0.6285 
   00032    0.5600    -209.9559  0.5772 
   00033    0.5000    -240.7771  0.5954 
   00034    0.4500    -242.3265  0.5699 
   00035    0.5800    -235.9600  0.5686 
   00036    0.4100    -251.3892  0.5751 
   00037    0.4600    -246.9998  0.6175 
   00038    0.4900    -234.2078  0.5993 
   00039    0.5700    -214.0284  0.5702 
   00040    0.5000    -224.4494  0.6489 
   00041    0.5700    -213.7930  0.5736 
   00042    0.5700    -245.4361  0.5890 
   00043    0.4900    -229.7350  0.5443 
   00044    0.4300    -249.5220  0.5936 
   00045    0.5200    -257.2955  0.6263 
   00046    0.4800    -248.9606  0.5970 
   00047    0.4100    -237.7121  0.5827 
   00048    0.4500    -250.6737  0.5996 
   00049    0.4300    -237.5115  0.6043 
   00050    0.5100    -249.5122  0.6051 
   00051    0.4400    -256.8274  0.5899 
   00052    0.4700    -271.5204  0.6445 
   00053    0.3800    -274.5652  0.6350 
   00054    0.4700    -263.0426  0.5942 
   00055    0.3700    -257.1536  0.6213 
   00056    0.4300    -266.9806  0.6155 
   00057    0.4000    -259.5074  0.6384 
   00058    0.4100    -276.7083  0.6408 
   00059    0.4800    -267.4931  0.6215 
   00060    0.4800    -273.2212  0.6054 
   00061    0.3600    -270.3886  0.5977 
   00062    0.4100    -247.0774  0.5659 
   00063    0.5600    -230.9663  0.5321 
   00064    0.4900    -235.2608  0.4696 
   00065    0.5100    -230.0561  0.4744 
   00066    0.5200    -248.4110  0.4745 
   00067    0.4100    -256.7672  0.4200 
   00068    0.4100    -264.1493  0.4670 
   00069    0.4600    -246.2551  0.4998 
   00070    0.4100    -261.7327  0.5556 
   00071    0.3200    -261.4421  0.5540 
   00072    0.3700    -280.6068  0.5455 
   00073    0.5000    -260.4311  0.5294 
   00074    0.4200    -240.6725  0.4754 
   00075    0.5000    -214.3552  0.4906 
   00076    0.5000    -215.3100  0.4427 
   00077    0.5600    -232.0440  0.5368 
   00078    0.4700    -236.3065  0.5339 
   00079    0.5000    -220.6943  0.5291 
   00080    0.5100    -233.4001  0.5122 
   00081    0.5700    -220.9271  0.4844 
   00082    0.4300    -243.5490  0.5338 
   00083    0.4700    -240.1469  0.5501 
   00084    0.4300    -233.3748  0.5249 
   00085    0.4900    -223.1943  0.4895 
   00086    0.4700    -222.5014  0.4156 
   00087    0.5300    -218.2184  0.3372 
   00088    0.5500    -205.1935  0.4221 
   00089    0.5500    -231.7379  0.4300 
   00090    0.5300    -224.3081  0.4561 
   00091    0.5600    -211.5929  0.4581 
   00092    0.6200    -197.9602  0.3545 
   00093    0.5600    -208.9728  0.4232 
   00094    0.5400    -224.3157  0.3886 
   00095    0.5400    -228.1838  0.3207 
   00096    0.5400    -215.2894  0.3393 
   00097    0.5400    -204.0652  0.3727 
   00098    0.5400    -198.6329  0.4187 
   00099    0.5100    -198.2772  0.3891 
   00100    0.5800    -204.9670  0.4287 
   00101    0.5600    -189.1865  0.3635 
   00102    0.6400    -195.4412  0.3890 
   00103    0.5700    -201.4217  0.3361 
   00104    0.4900    -201.5685  0.3405 
   00105    0.4400    -203.9115  0.2786 
   00106    0.6600    -198.0448  0.3283 
   00107    0.5400    -188.3457  0.2916 
   00108    0.5600    -204.5225  0.3141 
   00109    0.4600    -214.1257  0.3781 
   00110    0.5400    -230.7529  0.4174 
   00111    0.5200    -232.7775  0.4220 
   00112    0.5400    -228.5035  0.4243 
   00113    0.5100    -206.4511  0.4301 
   00114    0.5300    -223.8824  0.5092 
   00115    0.5900    -206.3205  0.4481 
   00116    0.5600    -221.3005  0.4369 
   00117    0.5000    -210.6247  0.4783 
   00118    0.5500    -219.1895  0.5318 
   00119    0.5000    -240.2115  0.5723 
   00120    0.4800    -219.3028  0.5349 
   00121    0.5100    -235.6166  0.5316 
   00122    0.5400    -234.5143  0.4622 
   00123    0.4900    -206.3015  0.4590 
   00124    0.4800    -215.9284  0.5115 
   00125    0.5700    -229.5155  0.4811 
   00126    0.5000    -224.7106  0.5559 
   00127    0.5600    -213.4189  0.5182 
   00128    0.5200    -214.1097  0.4517 
   00129    0.4600    -200.3628  0.4852 
   00130    0.5500    -208.4227  0.5333 
   00131    0.5000    -218.0062  0.5437 
   00132    0.5200    -218.9557  0.5141 
   00133    0.4700    -235.5187  0.5274 
   00134    0.5800    -220.3786  0.5325 
   00135    0.5400    -209.5703  0.5109 
   00136    0.5700    -224.8802  0.5146 
   00137    0.4900    -237.7111  0.5650 
   00138    0.3900    -257.4682  0.5859 
   00139    0.4400    -259.5775  0.6043 
   00140    0.3600    -250.6691  0.5699 
   00141    0.4000    -245.7041  0.6207 
   00142    0.5000    -237.9498  0.5822 
   00143    0.4500    -243.1877  0.5562 
   00144    0.5900    -251.8412  0.6148 
   00145    0.4200    -235.3896  0.6041 
   00146    0.4300    -222.7255  0.6076 
   00147    0.3900    -213.8546  0.5931 
   00148    0.4500    -219.0068  0.6025 
   00149    0.5100    -237.1995  0.5952 
   00150    0.5500    -233.9335  0.5508 
   00151    0.5400    -243.5471  0.5415 
   00152    0.5300    -229.2739  0.4916 
   00153    0.6200    -227.5007  0.4946 
   00154    0.4600    -240.2402  0.4867 
   00155    0.4100    -235.9373  0.5347 
   00156    0.4300    -255.1939  0.5344 
   00157    0.4800    -231.3414  0.5313 
   00158    0.5100    -240.9087  0.5746 
   00159    0.6100    -242.2042  0.5324 
   00160    0.5500    -230.3963  0.5243 
   00161    0.5000    -246.8179  0.5456 
   00162    0.4300    -245.7543  0.5166 
   00163    0.5100    -231.5664  0.5579 
   00164    0.5100    -257.4481  0.5812 
   00165    0.4400    -258.2325  0.5834 
   00166    0.3900    -261.6141  0.5880 
   00167    0.4400    -235.0340  0.5480 
   00168    0.4500    -242.1425  0.5988 
   00169    0.4100    -231.7179  0.5916 
   00170    0.5400    -223.9567  0.5565 
   00171    0.4900    -218.4523  0.5449 
   00172    0.4400    -225.5542  0.5685 
   00173    0.4700    -239.1871  0.5350 
   00174    0.5300    -224.8164  0.5278 
   00175    0.5600    -238.3923  0.5596 
   00176    0.5200    -232.5548  0.5563 
   00177    0.5000    -240.7477  0.5536 
   00178    0.4900    -247.9901  0.5169 
   00179    0.4600    -241.0829  0.5569 
   00180    0.4300    -242.1891  0.5432 
   00181    0.4100    -243.3857  0.5614 
   00182    0.4500    -239.2981  0.6017 
   00183    0.5600    -233.3383  0.5776 
   00184    0.4100    -241.5576  0.5947 
   00185    0.4700    -242.7879  0.6007 
   00186    0.5100    -257.7322  0.6227 
   00187    0.4800    -270.8788  0.6509 
   00188    0.5100    -271.0754  0.6732 
   00189    0.4200    -259.5539  0.6652 
   00190    0.4800    -241.5858  0.6442 
   00191    0.5600    -250.6236  0.5811 
   00192    0.4900    -236.2270  0.6108 
   00193    0.4900    -261.6131  0.6882 
   00194    0.5400    -234.4746  0.6237 
   00195    0.4600    -228.6336  0.6199 
   00196    0.5300    -223.0140  0.6338 
   00197    0.4100    -237.4549  0.6627 
   00198    0.5000    -232.3383  0.6362 
   00199    0.4300    -263.1344  0.6898 
   00200    0.4900    -267.7960  0.7084 
   00201    0.4400    -267.5212  0.6936 
   00202    0.5000    -275.0113  0.6881 
   00203    0.4500    -295.4614  0.7367 
   00204    0.4100    -262.8265  0.6716 
   00205    0.4800    -270.3507  0.6254 
   00206    0.4500    -260.4032  0.6411 
   00207    0.3800    -268.8958  0.6556 
   00208    0.4800    -254.0333  0.5986 
   00209    0.5100    -248.9617  0.5986 
   00210    0.4900    -246.3530  0.6037 
   00211    0.4400    -241.5058  0.5982 
   00212    0.4500    -260.8535  0.6236 
   00213    0.4800    -244.1449  0.5842 
   00214    0.4600    -233.3744  0.5786 
   00215    0.4600    -222.4779  0.4962 
   00216    0.5200    -230.6964  0.4658 
   00217    0.4000    -236.2070  0.3503 
   00218    0.4700    -225.4513  0.4092 
   00219    0.5400    -228.4543  0.4639 
   00220    0.5400    -228.8701  0.4741 
   00221    0.5400    -219.9516  0.4930 
   00222    0.4800    -221.3541  0.5144 
   00223    0.4300    -228.3331  0.5293 
   00224    0.5700    -234.6038  0.4771 
   00225    0.4700    -224.7238  0.4419 
   00226    0.5400    -219.9081  0.4747 
   00227    0.5300    -219.4991  0.4184 
   00228    0.5500    -230.0807  0.4396 
   00229    0.5200    -226.3342  0.4807 
   00230    0.4100    -223.8490  0.4298 
   00231    0.4700    -220.7875  0.4357 
   00232    0.4700    -216.0436  0.4781 
   00233    0.5500    -223.8093  0.5100 
   00234    0.5400    -235.6647  0.5724 
   00235    0.5000    -249.6654  0.6375 
   00236    0.5000    -246.2983  0.6062 
   00237    0.4600    -242.4428  0.5763 
   00238    0.4400    -256.4539  0.6478 
   00239    0.4200    -239.7251  0.6163 
   00240    0.4100    -242.2937  0.6831 
   00241    0.4500    -234.2759  0.6542 
   00242    0.5100    -223.1177  0.6034 
   00243    0.5300    -221.7914  0.5896 
   00244    0.5200    -234.6445  0.5581 
   00245    0.5000    -246.3031  0.6116 
   00246    0.4700    -247.1701  0.5938 
   00247    0.4900    -267.0788  0.6676 
   00248    0.3900    -260.9330  0.6665 
   00249    0.4600    -283.1469  0.6850 
   00250    0.4100    -273.1757  0.6769 
   00251    0.4200    -285.0020  0.7039 
   00252    0.3700    -277.0459  0.7060 
   00253    0.4800    -245.7633  0.6597 
   00254    0.5000    -248.2051  0.6571 
   00255    0.4300    -248.9151  0.6928 
   00256    0.5600    -245.1531  0.5878 
   00257    0.5700    -233.2090  0.5641 
   00258    0.5100    -214.9155  0.5459 
   00259    0.4500    -228.6092  0.5141 
   00260    0.6300    -206.1265  0.4132 
   00261    0.4400    -227.8814  0.4058 
   00262    0.5600    -243.5491  0.3395 
   00263    0.4300    -242.2178  0.3870 
   00264    0.5600    -228.0368  0.3664 
   00265    0.5500    -244.6658  0.3332 
   00266    0.5300    -233.6719  0.3432 
   00267    0.6500    -225.8180  0.3716 
   00268    0.5200    -235.0807  0.4080 
   00269    0.4500    -235.7604  0.3854 
   00270    0.5400    -238.7560  0.4059 
   00271    0.4600    -259.7251  0.3961 
   00272    0.5300    -215.3622  0.4282 
   00273    0.5200    -206.6258  0.4026 
   00274    0.6100    -179.0182  0.3507 
   00275    0.6100    -183.4538  0.3816 
   00276    0.6200    -201.0015  0.4428 
   00277    0.5000    -222.3914  0.4495 
   00278    0.5100    -222.4104  0.4572 
   00279    0.5900    -222.7085  0.3785 
   00280    0.4800    -202.0301  0.3875 
   00281    0.5600    -200.1956  0.4381 
   00282    0.5600    -195.3891  0.4633 
   00283    0.5500    -202.7049  0.4832 
   00284    0.5100    -218.2865  0.5199 
   00285    0.5300    -217.0032  0.5076 
   00286    0.5300    -204.2406  0.4560 
   00287    0.5200    -211.6493  0.5118 
   00288    0.4700    -225.1816  0.5488 
   00289    0.5000    -238.8549  0.5507 
   00290    0.5700    -245.4043  0.5506 
   00291    0.4100    -236.8009  0.4677 
   00292    0.5000    -241.1526  0.4060 
   00293    0.4600    -229.8085  0.4344 
   00294    0.5000    -229.1427  0.4229 
   00295    0.6300    -234.0500  0.4507 
   00296    0.5100    -240.9559  0.4962 
   00297    0.4500    -242.4058  0.5036 
   00298    0.5400    -254.5155  0.5223 
   00299    0.4800    -249.2135  0.5602 
   00300    0.5000    -241.4572  0.5861 
   00301    0.4700    -251.2430  0.5938 
   00302    0.4800    -240.3432  0.5341 
   00303    0.4400    -241.0547  0.5353 
   00304    0.4800    -245.2191  0.5592 
   00305    0.5600    -241.6693  0.5121 
   00306    0.5100    -224.2830  0.4770 
   00307    0.4400    -239.8075  0.4941 
   00308    0.4400    -250.0974  0.4925 
   00309    0.5000    -251.8832  0.4457 
   00310    0.4800    -229.0691  0.4389 
   00311    0.4900    -241.8281  0.3816 
   00312    0.4800    -244.1441  0.4172 
   00313    0.3900    -240.9928  0.4297 
   00314    0.4800    -227.9031  0.3940 
   00315    0.4800    -219.8678  0.4046 
   00316    0.4700    -240.0863  0.4637 
   00317    0.4300    -231.6928  0.4608 
   00318    0.5300    -213.5832  0.4741 
   00319    0.6000    -235.7937  0.5132 
   00320    0.5100    -235.3873  0.5175 
   00321    0.4500    -231.3333  0.5793 
   00322    0.5200    -232.6492  0.6177 
   00323    0.4300    -257.8444  0.6106 
   00324    0.5600    -258.3672  0.6297 
   00325    0.5400    -256.0968  0.6376 
   00326    0.4800    -262.5776  0.6215 
   00327    0.4900    -265.3440  0.6145 
   00328    0.4300    -259.8571  0.6370 
   00329    0.4600    -262.2262  0.6111 
   00330    0.4600    -247.2769  0.5762 
   00331    0.4800    -270.4695  0.5847 
   00332    0.4800    -254.5701  0.6157 
   00333    0.4400    -226.7728  0.5574 
   00334    0.6000    -232.6057  0.5247 
   00335    0.5000    -231.7453  0.5444 
   00336    0.4700    -244.9646  0.5582 
   00337    0.4600    -244.7301  0.5690 
   00338    0.5400    -243.1357  0.5270 
   00339    0.4900    -249.4344  0.5575 
   00340    0.4600    -252.5607  0.5458 
   00341    0.5200    -234.1892  0.5105 
   00342    0.4700    -248.3140  0.5214 
   00343    0.5400    -223.3155  0.5698 
   00344    0.4800    -235.9811  0.5773 
   00345    0.4600    -248.1214  0.6283 
   00346    0.3800    -240.2131  0.6493 
   00347    0.4900    -234.5720  0.6284 
   00348    0.4400    -260.8221  0.6540 
   00349    0.5400    -267.9522  0.6774 
   00350    0.4100    -255.7023  0.6665 
   00351    0.5000    -260.2371  0.6412 
   00352    0.5900    -274.8474  0.6948 
   00353    0.4300    -263.7665  0.6631 
   00354    0.3800    -268.7710  0.7282 
   00355    0.4400    -280.5400  0.7062 
   00356    0.4000    -264.5327  0.6738 
   00357    0.3900    -246.5818  0.6529 
   00358    0.5500    -223.4368  0.6207 
   00359    0.5200    -229.6383  0.5886 
   00360    0.4500    -226.0798  0.5774 
   00361    0.5800    -226.4108  0.6064 
   00362    0.5200    -236.2105  0.5770 
   00363    0.4100    -253.3241  0.5407 
   00364    0.4700    -264.4291  0.5023 
   00365    0.5200    -260.2333  0.4843 
   00366    0.4700    -238.5569  0.4920 
   00367    0.4800    -228.0607  0.4571 
   00368    0.5700    -228.1824  0.5330 
   00369    0.4800    -214.5641  0.5130 
   00370    0.5300    -224.9004  0.4767 
   00371    0.5600    -209.3812  0.4388 
   00372    0.5200    -212.1959  0.4544 
   00373    0.5200    -234.9078  0.4589 
   00374    0.5100    -218.1318  0.4957 
   00375    0.5700    -222.8680  0.4976 
   00376    0.5300    -231.1395  0.4970 
   00377    0.4700    -242.2883  0.4755 
   00378    0.4900    -230.2549  0.4557 
   00379    0.5500    -221.7293  0.5076 
   00380    0.4200    -253.2533  0.5498 
   00381    0.4100    -246.6572  0.5090 
   00382    0.5000    -234.3146  0.5238 
   00383    0.4900    -211.4481  0.5221 
   00384    0.5200    -200.5461  0.5982 
   00385    0.5400    -183.0602  0.5211 
   00386    0.6100    -199.8168  0.4790 
   00387    0.4600    -196.4867  0.4779 
   00388    0.6000    -190.1550  0.4474 
   00389    0.4900    -207.4606  0.4182 
   00390    0.5600    -224.4422  0.4062 
   00391    0.4900    -210.5640  0.3496 
   00392    0.4400    -213.9713  0.3787 
   00393    0.4600    -241.0160  0.3914 
   00394    0.3700    -241.2429  0.3924 
   00395    0.5400    -226.2351  0.3953 
   00396    0.5800    -226.9573  0.4139 
   00397    0.5000    -237.2291  0.4721 
   00398    0.4900    -234.1630  0.4680 
   00399    0.4600    -217.0788  0.3585 
   00400    0.4800    -240.7906  0.4196 
   00401    0.4700    -249.7151  0.4107 
   00402    0.5800    -264.1430  0.5249 
   00403    0.4400    -247.4797  0.5350 
   00404    0.5200    -265.2508  0.6487 
   00405    0.4000    -278.8119  0.6250 
   00406    0.5000    -276.9051  0.6288 
   00407    0.3800    -271.3501  0.6068 
   00408    0.4600    -268.0844  0.5202 
   00409    0.3800    -285.2042  0.5286 
   00410    0.5200    -278.4180  0.5544 
   00411    0.4000    -266.4989  0.5537 
   00412    0.4800    -262.5102  0.5792 
   00413    0.4900    -238.0426  0.5633 
   00414    0.4700    -251.7224  0.6197 
   00415    0.5600    -235.2098  0.5872 
   00416    0.4400    -227.8755  0.6070 
   00417    0.4700    -230.9240  0.5331 
   00418    0.4700    -235.8890  0.5275 
   00419    0.3800    -235.2186  0.5267 
   00420    0.4900    -205.3873  0.4813 
   00421    0.5800    -219.9365  0.4934 
   00422    0.5800    -204.4071  0.4163 
   00423    0.5600    -219.9867  0.3891 
   00424    0.5400    -213.4302  0.4067 
   00425    0.5000    -222.6295  0.4521 
   00426    0.5400    -230.7949  0.4336 
   00427    0.5000    -217.1414  0.4680 
   00428    0.6100    -209.4469  0.4916 
   00429    0.6100    -208.5392  0.4608 
   00430    0.5200    -201.5680  0.4803 
   00431    0.5400    -210.2249  0.4733 
   00432    0.5400    -220.6826  0.5110 
   00433    0.4700    -240.9298  0.4895 
   00434    0.5200    -265.5596  0.5174 
   00435    0.5300    -251.4856  0.4560 
   00436    0.4600    -234.3509  0.4524 
   00437    0.5000    -232.3983  0.4377 
   00438    0.5400    -230.2316  0.4184 
   00439    0.4300    -249.9217  0.5134 
   00440    0.5400    -251.5807  0.5434 
   00441    0.4900    -252.5131  0.4974 
   00442    0.4600    -241.0570  0.4871 
   00443    0.5600    -230.4814  0.4663 
   00444    0.4900    -243.0370  0.4840 
   00445    0.5300    -215.6183  0.4302 
   00446    0.5700    -196.2297  0.4543 
   00447    0.4900    -215.3331  0.4974 
   00448    0.6200    -217.0296  0.5022 
   00449    0.6100    -217.7797  0.5515 
   00450    0.5200    -212.3064  0.5208 
   00451    0.4600    -228.8442  0.5442 
   00452    0.4200    -221.5918  0.5338 
   00453    0.4400    -251.3545  0.5765 
   00454    0.4600    -238.9903  0.5285 
   00455    0.5300    -254.5147  0.5003 
   00456    0.4900    -239.9825  0.4574 
   00457    0.5000    -232.1857  0.4613 
   00458    0.5100    -259.1152  0.5479 
   00459    0.4400    -245.3287  0.5356 
   00460    0.4900    -246.4157  0.5582 
   00461    0.5100    -240.1334  0.5613 
   00462    0.4300    -257.4963  0.5963 
   00463    0.5100    -271.3853  0.6074 
   00464    0.4200    -258.6654  0.5912 
   00465    0.4100    -251.6813  0.5617 
   00466    0.5700    -238.7849  0.5832 
   00467    0.5700    -224.0961  0.5655 
   00468    0.5000    -214.2980  0.4838 
   00469    0.5100    -241.2623  0.5311 
   00470    0.5100    -235.7317  0.5572 
   00471    0.4300    -242.8685  0.5542 
   00472    0.5100    -237.1864  0.5763 
   00473    0.5500    -232.5428  0.5572 
   00474    0.5300    -241.5520  0.5300 
   00475    0.4100    -229.5123  0.5160 
   00476    0.5200    -220.0153  0.5113 
   00477    0.5700    -215.1033  0.5098 
   00478    0.4300    -215.3499  0.5318 
   00479    0.4400    -237.7617  0.5880 
   00480    0.4300    -225.7377  0.5586 
   00481    0.4900    -218.4224  0.5970 
   00482    0.5100    -227.8007  0.6349 
   00483    0.5000    -228.1928  0.6560 
   00484    0.5000    -245.0480  0.6740 
   00485    0.4400    -265.1645  0.7322 
   00486    0.4300    -286.8493  0.7693 
   00487    0.5100    -285.3227  0.7556 
   00488    0.3800    -268.5613  0.7356 
   00489    0.5400    -277.2065  0.7738 
   00490    0.4500    -278.2500  0.7516 
   00491    0.3900    -275.9829  0.7632 
   00492    0.4300    -270.4696  0.7488 
   00493    0.4500    -259.5554  0.6745 
   00494    0.3700    -231.5936  0.6369 
   00495    0.4800    -246.3298  0.6567 
   00496    0.5000    -255.3190  0.6759 
   00497    0.4300    -250.4211  0.7059 
   00498    0.4500    -230.1405  0.6635 
   00499    0.4800    -224.4797  0.6119 
   00500    0.5200    -235.5009  0.6345 
   00501    0.4900    -232.9897  0.6053 
   00502    0.4500    -236.5888  0.5594 
   00503    0.6000    -244.7123  0.5806 
   00504    0.4600    -229.7952  0.5500 
   00505    0.5100    -229.1349  0.5596 
   00506    0.5200    -219.3631  0.5383 
   00507    0.5600    -231.7563  0.5254 
   00508    0.4600    -244.8887  0.5515 
   00509    0.5400    -237.8410  0.6153 
   00510    0.5800    -229.9175  0.6061 
   00511    0.4600    -207.7763  0.5224 
   00512    0.5900    -204.6191  0.4827 
   00513    0.4900    -231.7085  0.5977 
   00514    0.5200    -224.1656  0.5893 
   00515    0.4800    -227.9218  0.6042 
   00516    0.4500    -230.0670  0.6005 
   00517    0.5500    -230.1612  0.5795 
   00518    0.5300    -230.0485  0.5907 
   00519    0.5400    -219.0908  0.6139 
   00520    0.4900    -255.3157  0.6379 
   00521    0.4300    -257.3889  0.6469 
   00522    0.4700    -240.1705  0.6041 
   00523    0.5400    -222.8353  0.5526 
   00524    0.5500    -221.4596  0.5351 
   00525    0.5500    -238.3484  0.5306 
   00526    0.4900    -254.0771  0.4897 
   00527    0.4700    -240.9174  0.5119 
   00528    0.4800    -245.4190  0.5550 
   00529    0.4700    -236.5374  0.5353 
   00530    0.4500    -208.0150  0.4742 
   00531    0.5500    -204.1989  0.4353 
   00532    0.4500    -216.5656  0.4905 
   00533    0.4900    -235.3819  0.5449 
   00534    0.5200    -238.7860  0.5336 
   00535    0.4700    -248.4435  0.5520 
   00536    0.4800    -239.4819  0.5021 
   00537    0.4600    -244.8988  0.5469 
   00538    0.4400    -246.9831  0.5633 
   00539    0.5500    -241.1910  0.6002 
   00540    0.4300    -238.1042  0.6480 
   00541    0.4800    -234.6145  0.6318 
   00542    0.4800    -246.5383  0.6402 
   00543    0.4400    -234.8318  0.6284 
   00544    0.4800    -241.7560  0.6131 
   00545    0.4300    -252.3877  0.6551 
   00546    0.4300    -250.4815  0.6835 
   00547    0.5200    -233.4116  0.6905 
   00548    0.4500    -237.2320  0.6896 
   00549    0.4700    -237.9650  0.6677 
   00550    0.4900    -239.9285  0.6384 
   00551    0.4700    -237.1045  0.6243 
   00552    0.5200    -222.7108  0.5982 
   00553    0.5900    -221.2595  0.6098 
   00554    0.5100    -247.0977  0.5852 
   00555    0.4400    -254.7326  0.5665 
   00556    0.4300    -238.5377  0.5614 
   00557    0.5400    -236.6342  0.5746 
   00558    0.4300    -235.7991  0.5512 
   00559    0.5300    -226.8672  0.6052 
   00560    0.5100    -243.7751  0.6278 
   00561    0.4700    -232.2053  0.6282 
   00562    0.4600    -223.7523  0.6591 
   00563    0.4200    -222.0173  0.6066 
   00564    0.3900    -221.5333  0.6430 
   00565    0.5500    -238.9680  0.6460 
   00566    0.3800    -250.3783  0.6485 
   00567    0.4100    -245.7883  0.6298 
   00568    0.4000    -249.3475  0.6267 
   00569    0.4100    -236.1248  0.6444 
   00570    0.4400    -249.5304  0.6598 
   00571    0.5200    -240.3443  0.6422 
   00572    0.4200    -248.9502  0.6785 
   00573    0.4700    -283.5297  0.7148 
   00574    0.4000    -274.4858  0.6945 
   00575    0.4000    -279.2014  0.6804 
   00576    0.4600    -279.8888  0.6689 
   00577    0.4700    -263.5965  0.6815 
   00578    0.4200    -265.2922  0.6870 
   00579    0.4500    -267.0859  0.6642 
   00580    0.4500    -290.5801  0.6977 
   00581    0.3500    -286.1004  0.6929 
   00582    0.4400    -274.8660  0.6532 
   00583    0.3700    -278.4469  0.6108 
   00584    0.4100    -276.3834  0.5978 
   00585    0.4800    -279.8608  0.6493 
   00586    0.4300    -273.1345  0.6422 
   00587    0.3700    -297.2232  0.7029 
   00588    0.4800    -278.6417  0.7060 
   00589    0.4000    -264.3705  0.6895 
   00590    0.3900    -275.0800  0.7012 
   00591    0.4200    -257.1828  0.7109 
   00592    0.4300    -254.8068  0.6902 
   00593    0.4800    -248.1402  0.6890 
   00594    0.4700    -270.8141  0.6812 
   00595    0.4200    -260.4511  0.6308 
   00596    0.3800    -264.1567  0.6766 
   00597    0.4300    -256.1363  0.6600 
   00598    0.3800    -255.8611  0.6756 
   00599    0.5100    -244.0450  0.6792 
   00600    0.4100    -244.4937  0.6629 
   00601    0.5200    -240.7659  0.6518 
   00602    0.4700    -248.9687  0.6423 
   00603    0.4000    -245.7188  0.6151 
   00604    0.5600    -236.0811  0.6000 
   00605    0.5400    -241.8245  0.5789 
   00606    0.4800    -251.9966  0.5733 
   00607    0.4500    -254.0044  0.5913 
   00608    0.4900    -258.8362  0.6045 
   00609    0.4800    -251.5142  0.6331 
   00610    0.4500    -227.3044  0.5914 
   00611    0.5800    -238.9038  0.5922 
   00612    0.4000    -263.2049  0.5707 
   00613    0.4600    -245.4162  0.6064 
   00614    0.4700    -253.2590  0.5946 
   00615    0.4800    -248.4149  0.6023 
   00616    0.5500    -244.6421  0.5783 
   00617    0.3600    -247.1510  0.5713 
   00618    0.4600    -254.9192  0.5671 
   00619    0.4600    -250.9109  0.5861 
   00620    0.4400    -261.1822  0.6183 
   00621    0.5500    -239.7181  0.5351 
   00622    0.5300    -237.7098  0.5257 
   00623    0.5200    -252.2272  0.5438 
   00624    0.4300    -247.8927  0.5312 
   00625    0.4100    -250.3218  0.5266 
   00626    0.4200    -257.5265  0.5352 
   00627    0.5100    -240.7462  0.5127 
   00628    0.4700    -237.3938  0.5374 
   00629    0.5200    -249.9573  0.6303 
   00630    0.4200    -275.6944  0.6934 
   00631    0.3800    -266.9358  0.6486 
   00632    0.5400    -282.7769  0.7178 
   00633    0.3900    -272.9614  0.7146 
   00634    0.4200    -253.5748  0.6592 
   00635    0.4400    -243.0347  0.6333 
   00636    0.4800    -235.2754  0.6265 
   00637    0.4600    -233.3337  0.5687 
   00638    0.4400    -256.3182  0.5545 
   00639    0.4300    -255.8352  0.5521 
   00640    0.4600    -257.8699  0.5740 
   00641    0.4900    -235.2885  0.5441 
   00642    0.4800    -225.5839  0.5241 
   00643    0.5900    -229.9309  0.5794 
   00644    0.5700    -217.1126  0.5305 
   00645    0.5300    -220.2989  0.5199 
   00646    0.5000    -218.0982  0.5151 
   00647    0.4100    -217.0176  0.5578 
   00648    0.4500    -240.7030  0.5921 
   00649    0.4600    -248.9740  0.5824 
   00650    0.5800    -252.7175  0.5321 
   00651    0.4600    -265.2449  0.5544 
   00652    0.4700    -268.3847  0.5256 
   00653    0.3500    -276.7336  0.5730 
   00654    0.4300    -265.0533  0.5475 
   00655    0.5400    -262.2466  0.4919 
   00656    0.4800    -243.2669  0.5006 
   00657    0.5200    -229.5143  0.4711 
   00658    0.5100    -243.3821  0.5164 
   00659    0.5600    -233.9542  0.4727 
   00660    0.5200    -214.2783  0.4289 
   00661    0.6000    -192.7901  0.4960 
   00662    0.5300    -192.0261  0.4480 
   00663    0.5300    -207.8098  0.4904 
   00664    0.5900    -193.7207  0.4767 
   00665    0.6400    -193.3061  0.5054 
   00666    0.5200    -212.2823  0.4450 
   00667    0.5600    -195.4521  0.4000 
   00668    0.5700    -196.8368  0.3562 
   00669    0.5800    -189.7393  0.3276 
   00670    0.5000    -208.4361  0.3375 
   00671    0.5200    -207.5893  0.3042 
   00672    0.4800    -201.2880  0.2843 
   00673    0.5500    -209.4048  0.2641 
   00674    0.5800    -230.3789  0.2805 
   00675    0.4600    -212.7555  0.3393 
   00676    0.6300    -213.0003  0.3012 
   00677    0.5200    -202.9022  0.3556 
   00678    0.5100    -232.7826  0.4347 
   00679    0.5100    -240.3336  0.4600 
   00680    0.5100    -244.3138  0.4934 
   00681    0.5400    -261.2827  0.5541 
   00682    0.5000    -250.5173  0.5240 
   00683    0.4000    -260.4133  0.5445 
   00684    0.3800    -257.6863  0.5379 
   00685    0.4700    -226.6305  0.4818 
   00686    0.4800    -208.5310  0.4913 
   00687    0.4900    -219.0250  0.5002 
   00688    0.5300    -227.6476  0.5575 
   00689    0.5500    -250.6815  0.6103 
   00690    0.4700    -246.9838  0.5815 
   00691    0.5200    -266.3253  0.6391 
   00692    0.4300    -270.4041  0.6524 
   00693    0.4700    -258.6022  0.6585 
   00694    0.4200    -248.5165  0.6366 
   00695    0.5200    -232.8729  0.5972 
   00696    0.5000    -221.1903  0.6013 
   00697    0.5400    -219.5954  0.4928 
   00698    0.5900    -232.5679  0.4083 
   00699    0.5400    -233.2126  0.4366 
   00700    0.5100    -209.3713  0.4627 
   00701    0.5300    -225.8356  0.5074 
   00702    0.5500    -196.5576  0.4667 
   00703    0.4400    -218.9608  0.4970 
   00704    0.4700    -236.4680  0.5299 
   00705    0.4500    -227.4136  0.5616 
   00706    0.5000    -228.9130  0.5187 
   00707    0.5000    -240.1349  0.5230 
   00708    0.4500    -241.5318  0.4988 
   00709    0.5700    -238.6874  0.4405 
   00710    0.5700    -249.3833  0.4381 
   00711    0.5100    -252.4948  0.4302 
   00712    0.5000    -230.7803  0.4210 
   00713    0.4800    -214.4376  0.3948 
   00714    0.5500    -215.0842  0.4413 
   00715    0.5900    -223.6287  0.4705 
   00716    0.5000    -226.0084  0.4919 
   00717    0.5100    -218.2712  0.5041 
   00718    0.4700    -216.4685  0.5374 
   00719    0.4900    -230.9177  0.5011 
   00720    0.5700    -226.7000  0.5011 
   00721    0.5500    -229.6214  0.5254 
   00722    0.5800    -193.9695  0.5029 
   00723    0.5200    -204.8001  0.4830 
   00724    0.5300    -197.8345  0.4489 
   00725    0.5500    -206.5675  0.4054 
   00726    0.5600    -203.4767  0.4029 
   00727    0.5300    -210.8499  0.4073 
   00728    0.4700    -211.4567  0.4760 
   00729    0.5600    -220.9018  0.5170 
   00730    0.5400    -236.7851  0.5344 
   00731    0.4400    -236.3171  0.5618 
   00732    0.5200    -242.3471  0.5882 
   00733    0.5100    -226.4407  0.5943 
   00734    0.5400    -211.6941  0.5567 
   00735    0.5300    -205.2759  0.5244 
   00736    0.6100    -226.1029  0.5459 
   00737    0.5800    -220.1809  0.5008 
   00738    0.5300    -238.8421  0.5685 
   00739    0.4000    -231.5427  0.5564 
   00740    0.5400    -219.0075  0.4686 
   00741    0.4200    -214.4287  0.4678 
   00742    0.5500    -222.3326  0.4524 
   00743    0.5300    -211.5833  0.5021 
   00744    0.4900    -211.2962  0.5047 
   00745    0.5600    -190.7878  0.4126 
   00746    0.5900    -212.6285  0.4689 
   00747    0.4300    -224.1463  0.4626 
   00748    0.5400    -212.5395  0.4660 
   00749    0.5500    -203.3468  0.5126 
   00750    0.5700    -181.9587  0.4643 
   00751    0.6900    -176.7174  0.4108 
   00752    0.6000    -217.9360  0.4559 
   00753    0.5100    -210.8336  0.4749 
   00754    0.6000    -208.2260  0.4029 
   00755    0.5800    -204.0340  0.4285 
   00756    0.4900    -215.5033  0.4187 
   00757    0.5200    -208.0669  0.3688 
   00758    0.5400    -205.6486  0.3577 
   00759    0.6100    -211.4474  0.4100 
   00760    0.5900    -210.9810  0.4244 
   00761    0.5800    -211.0417  0.3628 
   00762    0.5300    -211.4909  0.3184 
   00763    0.5400    -208.5558  0.3547 
   00764    0.5100    -195.6851  0.3911 
   00765    0.5500    -195.7532  0.3605 
   00766    0.5200    -187.9692  0.3663 
   00767    0.6300    -202.8285  0.4210 
   00768    0.5200    -226.1182  0.4838 
   00769    0.5200    -226.6280  0.4840 
   00770    0.4700    -257.0999  0.5268 
   00771    0.5400    -255.6722  0.5458 
   00772    0.3800    -243.3493  0.5869 
   00773    0.5100    -253.6399  0.5994 
   00774    0.4400    -236.0582  0.5607 
   00775    0.4500    -243.9671  0.5451 
   00776    0.4700    -258.1546  0.5680 
   00777    0.4800    -245.6142  0.5601 
   00778    0.4700    -251.2780  0.5944 
   00779    0.4400    -235.8649  0.5979 
   00780    0.3700    -238.4850  0.6034 
   00781    0.5000    -237.1362  0.5541 
   00782    0.4500    -256.7396  0.5659 
   00783    0.4200    -256.5113  0.5475 
   00784    0.4900    -236.8283  0.4983 
   00785    0.4200    -234.7375  0.4875 
   00786    0.5600    -234.7844  0.5479 
   00787    0.4900    -234.7813  0.5528 
   00788    0.4700    -254.2100  0.6130 
   00789    0.4800    -236.5415  0.5799 
   00790    0.4500    -257.8292  0.6387 
   00791    0.4500    -250.0308  0.5893 
   00792    0.4800    -238.4436  0.5878 
   00793    0.5500    -226.4113  0.6269 
   00794    0.5200    -240.0824  0.7338 
   00795    0.5000    -236.8896  0.6988 
   00796    0.4600    -250.9018  0.7169 
   00797    0.5400    -244.9960  0.7138 
   00798    0.4300    -247.7702  0.6626 
   00799    0.4900    -249.7877  0.6563 
   00800    0.4600    -249.8028  0.6583 
   00801    0.4300    -255.0482  0.6898 
   00802    0.4600    -270.4831  0.6809 
   00803    0.4300    -262.2917  0.6777 
   00804    0.5000    -261.1870  0.6552 
   00805    0.4600    -265.3381  0.6615 
   00806    0.3700    -265.9270  0.6760 
   00807    0.5200    -270.8308  0.7167 
   00808    0.4300    -274.2922  0.7510 
   00809    0.3100    -273.3339  0.7675 
   00810    0.4600    -264.8591  0.7511 
   00811    0.3900    -270.9975  0.7528 
   00812    0.5500    -263.2532  0.7206 
   00813    0.4800    -267.2262  0.7048 
   00814    0.4600    -270.9976  0.7001 
   00815    0.4200    -260.8637  0.6571 
   00816    0.3900    -249.6214  0.6390 
   00817    0.4400    -253.9298  0.6749 
   00818    0.5000    -244.4071  0.6429 
   00819    0.4400    -250.3987  0.6297 
   00820    0.5400    -249.2712  0.6087 
   00821    0.4500    -252.5993  0.6154 
   00822    0.4500    -245.8371  0.6178 
   00823    0.4900    -251.5441  0.6123 
   00824    0.5200    -244.9141  0.5923 
   00825    0.5500    -248.5091  0.5758 
   00826    0.4900    -254.7418  0.5873 
   00827    0.4100    -263.4427  0.6171 
   00828    0.5100    -249.3327  0.5953 
   00829    0.4800    -247.1564  0.5911 
   00830    0.5000    -240.5069  0.5544 
   00831    0.4000    -209.9777  0.5093 
   00832    0.5200    -226.8371  0.5237 
   00833    0.4200    -229.7151  0.5493 
   00834    0.4800    -233.8363  0.6208 
   00835    0.5400    -236.7272  0.5973 
   00836    0.5600    -228.6711  0.5967 
   00837    0.5200    -228.1945  0.6017 
   00838    0.5100    -236.7754  0.6141 
   00839    0.4700    -255.8906  0.6640 
   00840    0.5400    -243.3162  0.6225 
   00841    0.5100    -232.0787  0.5371 
   00842    0.4500    -248.6597  0.5963 
   00843    0.5000    -234.0977  0.5957 
   00844    0.4800    -241.4923  0.6105 
   00845    0.3900    -237.4487  0.5969 
   00846    0.5000    -238.5969  0.5168 
   00847    0.5100    -253.3654  0.5601 
   00848    0.5400    -233.0291  0.4700 
   00849    0.5700    -215.7886  0.4134 
   00850    0.5200    -211.3058  0.4104 
   00851    0.4700    -200.6065  0.3980 
   00852    0.4900    -213.5098  0.4037 
   00853    0.5300    -242.3632  0.4074 
   00854    0.3800    -246.4073  0.4224 
   00855    0.5300    -234.7442  0.4506 
   00856    0.6000    -228.1613  0.4468 
   00857    0.6000    -219.9245  0.4986 
   00858    0.4800    -255.2081  0.5531 
   00859    0.4700    -237.3544  0.5541 
   00860    0.4700    -229.3928  0.4727 
   00861    0.4500    -235.3203  0.5180 
   00862    0.5400    -219.3493  0.5481 
   00863    0.4800    -225.4486  0.5515 
   00864    0.4600    -220.9488  0.5257 
   00865    0.5400    -231.1375  0.5572 
   00866    0.4400    -235.6690  0.5681 
   00867    0.4800    -227.9617  0.5609 
   00868    0.5300    -219.4338  0.5290 
   00869    0.3700    -208.8225  0.5157 
   00870    0.5400    -204.4391  0.4173 
   00871    0.5600    -197.7349  0.4046 
   00872    0.5200    -189.3963  0.3372 
   00873    0.6200    -187.4592  0.3587 
   00874    0.5600    -196.8203  0.3980 
   00875    0.5700    -195.8847  0.4117 
   00876    0.5200    -193.3337  0.4492 
   00877    0.5300    -195.2098  0.4171 
   00878    0.5300    -215.8599  0.4197 
   00879    0.4400    -234.0011  0.4371 
   00880    0.4700    -225.0214  0.4459 
   00881    0.5100    -213.9171  0.4211 
   00882    0.5600    -217.6619  0.3922 
   00883    0.5300    -223.0779  0.4373 
   00884    0.5000    -248.0686  0.4897 
   00885    0.5200    -240.1091  0.5006 
   00886    0.4500    -254.9907  0.5181 
   00887    0.5300    -254.4149  0.5371 
   00888    0.4700    -243.2866  0.4873 
   00889    0.5800    -230.2265  0.4809 
   00890    0.4300    -238.6162  0.5368 
   00891    0.5200    -229.0578  0.5156 
   00892    0.5500    -240.1890  0.5252 
   00893    0.5000    -244.3963  0.5702 
   00894    0.4200    -258.2528  0.5755 
   00895    0.4900    -243.7491  0.5383 
   00896    0.4700    -252.8291  0.5363 
   00897    0.4800    -249.6550  0.5285 
   00898    0.4300    -264.0033  0.5949 
   00899    0.3700    -288.7375  0.6333 
   00900    0.4100    -270.6202  0.5933 
   00901    0.4100    -264.2067  0.5841 
   00902    0.4000    -241.4901  0.5387 
   00903    0.5000    -264.4574  0.5736 
   00904    0.5500    -251.3483  0.5554 
   00905    0.4400    -231.7640  0.5549 
   00906    0.4300    -237.8789  0.5621 
   00907    0.4900    -220.3893  0.5435 
   00908    0.5900    -234.8802  0.5313 
   00909    0.4900    -248.6962  0.5669 
   00910    0.4900    -216.9940  0.5512 
   00911    0.5900    -211.3188  0.5531 
   00912    0.6200    -225.2313  0.5181 
   00913    0.5700    -215.6663  0.4857 
   00914    0.4700    -194.5840  0.4152 
   00915    0.5600    -229.8466  0.5118 
   00916    0.5200    -246.6594  0.5251 
   00917    0.4000    -256.7996  0.5987 
   00918    0.4600    -249.2482  0.5963 
   00919    0.4000    -245.7739  0.5804 
   00920    0.4600    -234.7893  0.5565 
   00921    0.5000    -242.4622  0.6109 
   00922    0.4500    -226.6334  0.6270 
   00923    0.5700    -242.0335  0.6385 
   00924    0.5000    -253.7362  0.6424 
   00925    0.4300    -246.3820  0.6226 
   00926    0.4400    -247.4038  0.6102 
   00927    0.4600    -260.0535  0.6184 
   00928    0.4600    -261.9935  0.6312 
   00929    0.4900    -270.3592  0.6962 
   00930    0.3300    -265.1503  0.7104 
   00931    0.4300    -285.7050  0.7362 
   00932    0.4000    -260.0628  0.7237 
   00933    0.4900    -245.3158  0.6675 
   00934    0.4100    -236.4899  0.6452 
   00935    0.5200    -234.8549  0.6225 
   00936    0.4700    -228.2566  0.5940 
   00937    0.5900    -215.7059  0.5534 
   00938    0.5900    -214.3571  0.4928 
   00939    0.5000    -235.9100  0.5499 
   00940    0.5700    -241.1390  0.5919 
   00941    0.3900    -235.7402  0.5650 
   00942    0.4700    -260.2015  0.5361 
   00943    0.4200    -270.9116  0.6030 
   00944    0.4000    -263.6352  0.6131 
   00945    0.5000    -275.8400  0.6053 
   00946    0.3900    -273.6655  0.6463 
   00947    0.3900    -272.8104  0.5925 
   00948    0.4100    -273.9442  0.6264 
   00949    0.5800    -245.5467  0.5543 
   00950    0.4700    -248.3619  0.5105 
   00951    0.4900    -249.0890  0.4828 
   00952    0.4200    -246.2720  0.4640 
   00953    0.4600    -233.0047  0.4159 
   00954    0.4600    -227.9144  0.3757 
   00955    0.4500    -201.9305  0.3799 
   00956    0.5100    -200.2766  0.3607 
   00957    0.5200    -216.7241  0.3756 
   00958    0.4800    -225.2836  0.3815 
   00959    0.4800    -227.2273  0.3813 
   00960    0.4300    -234.3721  0.4206 
   00961    0.5600    -216.8786  0.3956 
   00962    0.5400    -217.7731  0.3479 
   00963    0.4900    -215.8336  0.3675 
   00964    0.5400    -223.1186  0.4135 
   00965    0.5700    -223.0367  0.4157 
   00966    0.4600    -243.8386  0.4530 
   00967    0.5500    -245.7441  0.4665 
   00968    0.5300    -237.3124  0.4861 
   00969    0.4300    -249.6254  0.4715 
   00970    0.5900    -242.9822  0.4305 
   00971    0.4400    -244.2477  0.4093 
   00972    0.4800    -251.3233  0.4014 
   00973    0.5200    -268.3819  0.4705 
   00974    0.5700    -260.1962  0.4737 
   00975    0.4100    -238.9455  0.4144 
   00976    0.4900    -249.8289  0.4518 
   00977    0.4100    -265.9033  0.4376 
   00978    0.4200    -258.5274  0.3735 
   00979    0.4500    -232.2691  0.3695 
   00980    0.5100    -229.6160  0.3444 
   00981    0.5500    -237.2251  0.2984 
   00982    0.4700    -233.0621  0.3160 
   00983    0.4600    -227.8344  0.3607 
   00984    0.5300    -226.9943  0.3711 
   00985    0.4900    -238.5814  0.3976 
   00986    0.4900    -251.1408  0.4156 
   00987    0.5400    -224.4229  0.4421 
   00988    0.5300    -228.5912  0.4919 
   00989    0.5400    -233.4062  0.4732 
   00990    0.4800    -238.7746  0.4866 
   00991    0.4500    -218.3287  0.4669 
   00992    0.5000    -248.6348  0.5082 
   00993    0.4600    -231.3413  0.4507 
   00994    0.5100    -214.4013  0.5191 
   00995    0.5400    -217.8766  0.5183 
   00996    0.5700    -227.0399  0.6022 
   00997    0.5100    -228.8185  0.6299 
   00998    0.4600    -242.1892  0.6133 
   00999    0.4800    -234.7538  0.6208 
   01000    0.4700    -226.6066  0.6021 
