#=====================================================
# File created:        Fri-08-Mar-2024-at-05-19-27PM
# Size of lattice:     10x10
# Number of MC steps:  1000
# Reduced temperature: 1.000
# Run time (s):        12.489420
#=====================================================
# MC step:  Ratio:     Energy:   Order:
#=====================================================
   00000    0.5000     -89.0482  0.2668 
   00001    0.7200    -142.0697  0.3522 
   00002    0.6400    -174.3488  0.3785 
   00003    0.6200    -174.7780  0.3644 
   00004    0.5900    -203.2742  0.4543 
   00005    0.5400    -230.7614  0.4389 
   00006    0.5700    -226.9380  0.4860 
   00007    0.4800    -233.3773  0.5190 
   00008    0.4400    -229.7553  0.4841 
   00009    0.4900    -225.1699  0.4847 
   00010    0.5100    -252.9464  0.4201 
   00011    0.4300    -258.7318  0.4763 
   00012    0.4400    -240.0084  0.5361 
   00013    0.4900    -254.3982  0.6388 
   00014    0.4700    -262.0532  0.6795 
   00015    0.4000    -251.8490  0.6934 
   00016    0.4400    -255.5256  0.7021 
   00017    0.4500    -261.3626  0.7073 
   00018    0.3500    -251.6249  0.6897 
   00019    0.4700    -248.1060  0.6926 
   00020    0.5300    -255.5410  0.6810 
   00021    0.3900    -264.3162  0.6887 
   00022    0.3600    -255.7758  0.6886 
   00023    0.3700    -247.9190  0.6676 
   00024    0.4600    -255.0804  0.7102 
   00025    0.4400    -246.3206  0.6742 
   00026    0.5200    -246.9165  0.6872 
   00027    0.4500    -258.9721  0.6769 
   00028    0.4800    -259.6089  0.6550 
   00029    0.5000    -263.0687  0.7198 
   00030    0.3300    -277.4872  0.7383 
   00031    0.5100    -281.9308  0.7563 
   00032    0.3900    -281.9897  0.7665 
   00033    0.3500    -278.0926  0.7605 
   00034    0.5100    -265.0659  0.7238 
   00035    0.5300    -265.3782  0.7260 
   00036    0.4500    -262.8237  0.7484 
   00037    0.4200    -254.8696  0.7595 
   00038    0.5300    -277.8521  0.7748 
   00039    0.4000    -275.4152  0.7582 
   00040    0.4200    -280.8410  0.7468 
   00041    0.4800    -271.1245  0.7180 
   00042    0.4800    -258.1118  0.6656 
   00043    0.5000    -258.8102  0.7191 
   00044    0.4500    -269.1308  0.7512 
   00045    0.3500    -271.6041  0.7275 
   00046    0.4800    -265.9316  0.7233 
   00047    0.4000    -265.0584  0.7648 
   00048    0.4400    -279.6502  0.7848 
   00049    0.3900    -273.5242  0.7742 
   00050    0.3800    -302.4280  0.8177 
   00051    0.4300    -285.4900  0.7711 
   00052    0.4200    -260.3714  0.7422 
   00053    0.4900    -256.1049  0.7399 
   00054    0.5000    -260.5338  0.7048 
   00055    0.4600    -275.1808  0.7594 
   00056    0.4400    -267.6263  0.7400 
   00057    0.5000    -262.8316  0.7196 
   00058    0.4900    -269.3766  0.7267 
   00059    0.4000    -267.0280  0.7092 
   00060    0.4000    -268.5039  0.6868 
   00061    0.3900    -259.3992  0.6376 
   00062    0.3700    -253.0514  0.6743 
   00063    0.3900    -270.2753  0.7090 
   00064    0.4900    -270.9237  0.7094 
   00065    0.4600    -292.4619  0.7245 
   00066    0.3700    -267.0236  0.6769 
   00067    0.4000    -266.3806  0.6416 
   00068    0.3500    -284.0998  0.6736 
   00069    0.4200    -286.4861  0.6896 
   00070    0.4200    -275.4192  0.6878 
   00071    0.4400    -265.3313  0.6649 
   00072    0.4400    -242.8690  0.6260 
   00073    0.4300    -247.0269  0.6089 
   00074    0.4200    -247.1111  0.6003 
   00075    0.4600    -261.8697  0.5804 
   00076    0.5000    -251.3041  0.5723 
   00077    0.5400    -251.8094  0.5677 
   00078    0.4500    -261.3360  0.6126 
   00079    0.5300    -258.0323  0.5991 
   00080    0.4100    -260.1240  0.5774 
   00081    0.5100    -250.9829  0.6093 
   00082    0.4100    -243.6894  0.6262 
   00083    0.4700    -253.6868  0.6589 
   00084    0.3900    -247.3425  0.6681 
   00085    0.4600    -266.6230  0.6891 
   00086    0.4300    -273.0410  0.6911 
   00087    0.4200    -258.8222  0.6616 
   00088    0.4400    -242.2613  0.6045 
   00089    0.4700    -233.9513  0.5926 
   00090    0.4800    -235.8128  0.5982 
   00091    0.4700    -226.5590  0.5755 
   00092    0.6200    -240.3410  0.6768 
   00093    0.5000    -246.3431  0.6321 
   00094    0.5500    -266.7698  0.6472 
   00095    0.3900    -262.0176  0.6219 
   00096    0.4800    -266.6599  0.5957 
   00097    0.5600    -255.9347  0.5649 
   00098    0.4100    -255.4570  0.5981 
   00099    0.4100    -253.2525  0.5666 
   00100    0.5100    -254.7499  0.5657 
   00101    0.4200    -245.4773  0.5334 
   00102    0.3800    -251.7052  0.5220 
   00103    0.4400    -270.7889  0.6257 
   00104    0.3400    -262.6487  0.5885 
   00105    0.5600    -256.5495  0.5755 
   00106    0.5000    -231.3940  0.5559 
   00107    0.5400    -227.6874  0.5470 
   00108    0.5700    -220.8838  0.4899 
   00109    0.5400    -227.6458  0.5587 
   00110    0.5400    -237.0594  0.5595 
   00111    0.5400    -249.8616  0.5436 
   00112    0.5400    -241.0513  0.5128 
   00113    0.4700    -242.6331  0.5091 
   00114    0.4100    -248.8735  0.5544 
   00115    0.3800    -253.6915  0.5912 
   00116    0.4700    -256.5280  0.6582 
   00117    0.5100    -230.0765  0.6182 
   00118    0.5600    -214.7562  0.6223 
   00119    0.4700    -225.6770  0.6088 
   00120    0.5500    -219.3499  0.5410 
   00121    0.5000    -212.4044  0.5503 
   00122    0.4600    -233.1548  0.5786 
   00123    0.5300    -234.5998  0.5561 
   00124    0.4300    -236.8463  0.5597 
   00125    0.4900    -237.7117  0.5399 
   00126    0.4800    -243.6432  0.5542 
   00127    0.5200    -241.3208  0.5591 
   00128    0.4700    -236.1680  0.5628 
   00129    0.5100    -243.3292  0.5694 
   00130    0.4400    -236.1227  0.5807 
   00131    0.5100    -241.1737  0.5995 
   00132    0.5200    -223.5595  0.5626 
   00133    0.5600    -224.0282  0.6038 
   00134    0.5100    -213.6256  0.5613 
   00135    0.5900    -233.3649  0.6354 
   00136    0.4400    -245.0549  0.5989 
   00137    0.6100    -222.8766  0.5795 
   00138    0.4700    -208.7297  0.5271 
   00139    0.5500    -221.6234  0.5353 
   00140    0.5700    -231.5162  0.5496 
   00141    0.3900    -253.7558  0.5700 
   00142    0.5200    -245.3713  0.5760 
   00143    0.4700    -236.1213  0.4835 
   00144    0.4000    -252.9497  0.4368 
   00145    0.5300    -240.2934  0.4431 
   00146    0.4200    -244.1571  0.5406 
   00147    0.4700    -230.6255  0.5209 
   00148    0.4300    -234.8450  0.5151 
   00149    0.5700    -234.7310  0.4948 
   00150    0.5500    -225.6372  0.4291 
   00151    0.5600    -223.0352  0.3923 
   00152    0.4800    -228.7941  0.4123 
   00153    0.5000    -239.2062  0.4206 
   00154    0.4800    -224.5557  0.4053 
   00155    0.4700    -224.1750  0.3659 
   00156    0.5300    -227.8977  0.3034 
   00157    0.5900    -215.8951  0.3272 
   00158    0.5000    -213.5914  0.3672 
   00159    0.6200    -204.3475  0.4100 
   00160    0.4900    -214.5089  0.4350 
   00161    0.5000    -225.6801  0.4157 
   00162    0.4600    -242.9026  0.4195 
   00163    0.4100    -254.8517  0.4156 
   00164    0.4400    -237.1672  0.4152 
   00165    0.4200    -256.1660  0.4320 
   00166    0.3700    -247.0989  0.4283 
   00167    0.4900    -262.5577  0.3875 
   00168    0.5600    -233.7148  0.3693 
   00169    0.5500    -220.9488  0.3758 
   00170    0.5000    -221.5919  0.3915 
   00171    0.5100    -232.1308  0.4496 
   00172    0.4400    -232.5859  0.4967 
   00173    0.4800    -237.0425  0.5113 
   00174    0.4100    -229.8755  0.5598 
   00175    0.5300    -251.3563  0.5272 
   00176    0.4500    -248.9055  0.5534 
   00177    0.5500    -238.5505  0.5409 
   00178    0.4800    -238.9956  0.5760 
   00179    0.5100    -235.2274  0.5657 
   00180    0.5000    -246.8439  0.5804 
   00181    0.4200    -237.5969  0.5629 
   00182    0.5300    -223.5433  0.5596 
   00183    0.5800    -232.5876  0.5664 
   00184    0.4900    -218.9387  0.4956 
   00185    0.6200    -235.7517  0.5101 
   00186    0.5100    -238.4993  0.5471 
   00187    0.5800    -217.9999  0.5351 
   00188    0.5400    -209.9037  0.5209 
   00189    0.6500    -204.4545  0.4469 
   00190    0.5300    -217.9932  0.5092 
   00191    0.4900    -227.9404  0.5356 
   00192    0.4500    -240.6239  0.5820 
   00193    0.5000    -243.5435  0.6284 
   00194    0.5400    -241.1765  0.6464 
   00195    0.4300    -256.9028  0.6965 
   00196    0.3900    -268.0952  0.7171 
   00197    0.4400    -263.0523  0.6998 
   00198    0.4700    -263.1934  0.6610 
   00199    0.4300    -238.4543  0.6213 
   00200    0.4500    -233.8156  0.5788 
   00201    0.4900    -228.8573  0.5714 
   00202    0.5000    -224.3076  0.5784 
   00203    0.5200    -224.9957  0.5080 
   00204    0.5300    -225.5865  0.5440 
   00205    0.4400    -224.0395  0.4963 
   00206    0.6500    -227.0414  0.5649 
   00207    0.5700    -232.8117  0.5609 
   00208    0.4500    -224.3956  0.5656 
   00209    0.5200    -224.6494  0.5482 
   00210    0.5300    -221.3521  0.5955 
   00211    0.5600    -227.2285  0.5507 
   00212    0.4700    -239.3986  0.6049 
   00213    0.4400    -242.3775  0.6247 
   00214    0.3800    -242.8695  0.6073 
   00215    0.4300    -259.0709  0.5975 
   00216    0.4200    -251.6588  0.5748 
   00217    0.4600    -265.2465  0.6256 
   00218    0.3900    -260.7890  0.6064 
   00219    0.3900    -269.9415  0.6121 
   00220    0.4200    -271.2582  0.6333 
   00221    0.5000    -258.7391  0.6339 
   00222    0.4900    -245.7081  0.5982 
   00223    0.4900    -253.3111  0.6004 
   00224    0.5100    -232.5173  0.5834 
   00225    0.5000    -217.8684  0.5406 
   00226    0.5100    -220.5605  0.5816 
   00227    0.5700    -220.8170  0.5528 
   00228    0.5500    -228.3291  0.4982 
   00229    0.5700    -216.4531  0.5131 
   00230    0.4800    -236.5751  0.5207 
   00231    0.4800    -240.6563  0.5569 
   00232    0.5300    -246.0983  0.5891 
   00233    0.4600    -253.2108  0.6646 
   00234    0.4500    -268.2725  0.7190 
   00235    0.4500    -260.2355  0.7131 
   00236    0.5000    -257.3573  0.6887 
   00237    0.4900    -247.8266  0.6630 
   00238    0.5100    -252.9368  0.6657 
   00239    0.5700    -273.6927  0.7096 
   00240    0.4100    -266.0883  0.7004 
   00241    0.4100    -267.8183  0.6814 
   00242    0.4100    -261.8104  0.6604 
   00243    0.4100    -251.2610  0.6392 
   00244    0.5000    -272.9595  0.6490 
   00245    0.4600    -249.3957  0.6199 
   00246    0.5600    -228.5939  0.6016 
   00247    0.4200    -250.0875  0.6191 
   00248    0.4800    -244.0503  0.6208 
   00249    0.4900    -240.4309  0.5430 
   00250    0.5000    -212.2981  0.5492 
   00251    0.5000    -206.9447  0.5329 
   00252    0.6000    -214.6109  0.5236 
   00253    0.5500    -197.5635  0.4658 
   00254    0.5900    -206.2470  0.5170 
   00255    0.5200    -215.0374  0.4723 
   00256    0.6300    -210.9139  0.4906 
   00257    0.5500    -215.6577  0.5161 
   00258    0.5100    -215.1997  0.5361 
   00259    0.4800    -188.6970  0.5307 
   00260    0.6300    -182.0544  0.4952 
   00261    0.6100    -198.9560  0.4615 
   00262    0.5100    -202.2969  0.4737 
   00263    0.5300    -215.6924  0.4537 
   00264    0.5700    -208.5242  0.4968 
   00265    0.6100    -210.1392  0.5179 
   00266    0.5600    -200.6675  0.4885 
   00267    0.5200    -206.5956  0.4900 
   00268    0.4400    -199.7789  0.5274 
   00269    0.5800    -196.0261  0.4598 
   00270    0.5300    -185.3839  0.3781 
   00271    0.6100    -188.6270  0.3445 
   00272    0.6000    -202.4533  0.3343 
   00273    0.5600    -199.4479  0.3054 
   00274    0.6700    -214.0401  0.3593 
   00275    0.5600    -198.0897  0.3923 
   00276    0.5700    -189.7757  0.4300 
   00277    0.6700    -199.8462  0.3958 
   00278    0.5200    -194.2364  0.4346 
   00279    0.5900    -199.8429  0.4558 
   00280    0.5700    -210.5632  0.4365 
   00281    0.5000    -217.6331  0.4089 
   00282    0.5100    -234.2346  0.4137 
   00283    0.4400    -250.8745  0.3838 
   00284    0.4400    -227.0102  0.4175 
   00285    0.5100    -217.4033  0.3822 
   00286    0.5700    -221.1061  0.4359 
   00287    0.5700    -225.7993  0.4242 
   00288    0.4500    -211.9802  0.4091 
   00289    0.5000    -215.2928  0.4757 
   00290    0.4500    -230.6369  0.4455 
   00291    0.4500    -248.6291  0.4739 
   00292    0.5000    -274.5723  0.5259 
   00293    0.5900    -260.1592  0.5125 
   00294    0.3100    -273.6183  0.5825 
   00295    0.4000    -253.7755  0.5843 
   00296    0.5200    -246.9608  0.5447 
   00297    0.4000    -260.0223  0.5618 
   00298    0.3700    -262.6966  0.5470 
   00299    0.4400    -247.0998  0.4901 
   00300    0.5400    -255.0690  0.5037 
   00301    0.4800    -266.0738  0.5093 
   00302    0.5200    -250.1174  0.5094 
   00303    0.5300    -256.8795  0.5350 
   00304    0.4600    -246.8036  0.5548 
   00305    0.5400    -236.6742  0.5096 
   00306    0.5200    -265.9263  0.5891 
   00307    0.4500    -246.5228  0.5550 
   00308    0.4300    -227.2933  0.5619 
   00309    0.4500    -231.6922  0.5638 
   00310    0.4800    -224.8601  0.5194 
   00311    0.4800    -227.6389  0.5435 
   00312    0.5100    -247.2279  0.5321 
   00313    0.5100    -242.1244  0.5430 
   00314    0.4900    -235.7778  0.5212 
   00315    0.4600    -235.8161  0.5093 
   00316    0.4500    -245.2749  0.4789 
   00317    0.4900    -247.2227  0.5386 
   00318    0.4900    -237.9944  0.4832 
   00319    0.4500    -226.7638  0.4662 
   00320    0.5000    -225.5307  0.3986 
   00321    0.5400    -232.4919  0.4533 
   00322    0.5900    -215.4117  0.3820 
   00323    0.5100    -208.6063  0.3746 
   00324    0.5200    -231.8031  0.4184 
   00325    0.5000    -219.3747  0.4570 
   00326    0.6000    -212.0248  0.4736 
   00327    0.5100    -217.2204  0.4335 
   00328    0.4900    -212.4401  0.3628 
   00329    0.5200    -209.7974  0.3201 
   00330    0.4000    -211.8186  0.2847 
   00331    0.5000    -211.8240  0.3414 
   00332    0.4900    -211.7628  0.2916 
   00333    0.5700    -213.2846  0.2980 
   00334    0.5300    -219.7529  0.3446 
   00335    0.4600    -214.5782  0.3828 
   00336    0.4600    -225.2097  0.3445 
   00337    0.5600    -207.3738  0.3175 
   00338    0.5100    -215.0156  0.3695 
   00339    0.5500    -248.0194  0.3564 
   00340    0.4800    -228.2932  0.3649 
   00341    0.4900    -232.0668  0.3245 
   00342    0.5100    -215.7909  0.3010 
   00343    0.5000    -219.0254  0.3972 
   00344    0.5400    -222.6681  0.3875 
   00345    0.5700    -230.6785  0.4496 
   00346    0.4500    -226.2805  0.4036 
   00347    0.5700    -234.7677  0.4294 
   00348    0.4900    -228.7082  0.4403 
   00349    0.3900    -209.3274  0.4177 
   00350    0.6200    -217.7295  0.4354 
   00351    0.6200    -201.6322  0.4369 
   00352    0.5800    -232.9004  0.4653 
   00353    0.4000    -214.9599  0.4124 
   00354    0.4500    -221.5737  0.3724 
   00355    0.5700    -217.7817  0.3904 
   00356    0.5200    -225.0561  0.3296 
   00357    0.5300    -222.7877  0.3597 
   00358    0.5100    -241.9046  0.4214 
   00359    0.4800    -250.0288  0.4016 
   00360    0.4600    -237.3869  0.4054 
   00361    0.4500    -243.4110  0.3845 
   00362    0.5400    -242.9644  0.3930 
   00363    0.3700    -242.0674  0.3804 
   00364    0.4700    -241.7787  0.3087 
   00365    0.4100    -243.1737  0.2609 
   00366    0.4600    -240.0243  0.2799 
   00367    0.5700    -228.8051  0.2712 
   00368    0.6700    -227.7843  0.3290 
   00369    0.5700    -222.5699  0.3597 
   00370    0.4800    -247.4423  0.3654 
   00371    0.4700    -232.2461  0.3757 
   00372    0.5800    -234.1376  0.3770 
   00373    0.4200    -245.4106  0.3470 
   00374    0.4300    -259.0608  0.3722 
   00375    0.4700    -258.6621  0.4423 
   00376    0.4900    -254.1905  0.4625 
   00377    0.4700    -259.0110  0.5030 
   00378    0.4500    -262.0620  0.4959 
   00379    0.5200    -240.7219  0.5131 
   00380    0.3800    -236.6657  0.4544 
   00381    0.4500    -242.0719  0.4513 
   00382    0.4800    -243.9976  0.4446 
   00383    0.4800    -225.0135  0.3921 
   00384    0.4700    -224.8271  0.3729 
   00385    0.5100    -243.4200  0.3740 
   00386    0.5700    -238.3889  0.3693 
   00387    0.4200    -243.3267  0.4342 
   00388    0.5800    -239.3445  0.4110 
   00389    0.5000    -256.3813  0.4093 
   00390    0.4900    -247.5618  0.4622 
   00391    0.4700    -255.6019  0.4333 
   00392    0.5400    -225.0475  0.4434 
   00393    0.5000    -240.4976  0.4235 
   00394    0.5400    -244.0023  0.4243 
   00395    0.5100    -244.9787  0.4099 
   00396    0.4900    -240.5330  0.3788 
   00397    0.6200    -215.1560  0.3845 
   00398    0.4300    -220.9934  0.3818 
   00399    0.5100    -226.2963  0.4004 
   00400    0.5200    -224.8822  0.4732 
   00401    0.5400    -223.9850  0.4641 
   00402    0.4600    -220.8939  0.4132 
   00403    0.5700    -197.6062  0.3935 
   00404    0.5100    -227.5723  0.3434 
   00405    0.4800    -240.1140  0.3582 
   00406    0.4000    -236.4479  0.3491 
   00407    0.4500    -240.3823  0.3667 
   00408    0.5200    -232.7210  0.4032 
   00409    0.4500    -209.8039  0.3606 
   00410    0.5700    -209.7591  0.2919 
   00411    0.5100    -198.3534  0.3108 
   00412    0.5700    -204.0095  0.2885 
   00413    0.5600    -208.7469  0.2966 
   00414    0.5800    -205.5982  0.3049 
   00415    0.5000    -222.0346  0.3094 
   00416    0.5500    -217.7055  0.2599 
   00417    0.5600    -227.0396  0.2642 
   00418    0.4200    -222.9034  0.2653 
   00419    0.4900    -241.0488  0.3424 
   00420    0.5000    -227.5223  0.3536 
   00421    0.5300    -231.9150  0.3650 
   00422    0.4200    -224.2339  0.3242 
   00423    0.5400    -223.6620  0.3138 
   00424    0.5800    -236.8454  0.3123 
   00425    0.5300    -228.6012  0.3239 
   00426    0.4700    -231.7477  0.3206 
   00427    0.5300    -232.8250  0.3335 
   00428    0.4700    -244.0820  0.3696 
   00429    0.4400    -243.2158  0.3159 
   00430    0.5900    -242.5515  0.3455 
   00431    0.5400    -246.4938  0.3261 
   00432    0.4500    -244.7550  0.2877 
   00433    0.5300    -245.6461  0.3433 
   00434    0.4400    -250.3088  0.3310 
   00435    0.5300    -234.7115  0.3487 
   00436    0.4700    -236.2854  0.4404 
   00437    0.5200    -237.2150  0.4791 
   00438    0.5000    -231.5325  0.4977 
   00439    0.5300    -238.6032  0.5069 
   00440    0.5500    -234.3893  0.5229 
   00441    0.6000    -208.9122  0.4844 
   00442    0.5700    -218.5927  0.4801 
   00443    0.4700    -223.3092  0.4891 
   00444    0.6100    -202.8574  0.4684 
   00445    0.5400    -226.6081  0.4938 
   00446    0.4400    -246.0136  0.5098 
   00447    0.4700    -240.5663  0.5286 
   00448    0.5000    -253.0486  0.5847 
   00449    0.4300    -262.4711  0.6153 
   00450    0.3900    -232.2595  0.5622 
   00451    0.5100    -237.4541  0.6258 
   00452    0.4500    -252.4731  0.6181 
   00453    0.4700    -261.8296  0.6561 
   00454    0.4400    -259.6275  0.6580 
   00455    0.5000    -265.1392  0.6683 
   00456    0.4300    -256.4848  0.7032 
   00457    0.5600    -231.0719  0.6473 
   00458    0.4600    -242.3833  0.6823 
   00459    0.4500    -251.9711  0.7213 
   00460    0.5200    -251.2152  0.6675 
   00461    0.4900    -259.2805  0.6504 
   00462    0.4000    -269.6614  0.6734 
   00463    0.5000    -262.8195  0.7046 
   00464    0.5100    -248.1458  0.6533 
   00465    0.5100    -248.7592  0.6989 
   00466    0.4900    -243.1118  0.6957 
   00467    0.5300    -215.2012  0.6523 
   00468    0.5600    -209.9791  0.6767 
   00469    0.5900    -215.6875  0.6501 
   00470    0.4700    -248.7660  0.7123 
   00471    0.3800    -264.3085  0.7618 
   00472    0.3900    -282.9240  0.7587 
   00473    0.5100    -272.1988  0.7178 
   00474    0.3700    -287.5780  0.7333 
   00475    0.4000    -272.2585  0.7053 
   00476    0.4300    -280.7635  0.7331 
   00477    0.3900    -257.9750  0.6681 
   00478    0.5100    -268.5223  0.6742 
   00479    0.3800    -261.3504  0.6940 
   00480    0.4100    -251.4837  0.6862 
   00481    0.4500    -237.0604  0.6438 
   00482    0.4700    -237.3661  0.5970 
   00483    0.5000    -250.3495  0.6320 
   00484    0.5400    -268.1751  0.6650 
   00485    0.4500    -269.5203  0.6079 
   00486    0.4200    -261.9154  0.6255 
   00487    0.4200    -272.6351  0.6077 
   00488    0.3900    -281.5557  0.6485 
   00489    0.2900    -274.7518  0.5971 
   00490    0.5100    -279.6057  0.5989 
   00491    0.4200    -263.1235  0.5800 
   00492    0.3800    -265.1027  0.5587 
   00493    0.4900    -234.8746  0.5107 
   00494    0.5500    -247.8478  0.5953 
   00495    0.4000    -245.6947  0.6285 
   00496    0.4700    -225.7423  0.5825 
   00497    0.5100    -252.5820  0.5916 
   00498    0.4500    -251.0658  0.5430 
   00499    0.4500    -247.8339  0.5222 
   00500    0.4700    -243.9995  0.5471 
   00501    0.4600    -240.0156  0.5121 
   00502    0.4800    -257.8910  0.5618 
   00503    0.3700    -245.6164  0.5325 
   00504    0.4700    -244.9913  0.5494 
   00505    0.4900    -255.2802  0.5306 
   00506    0.4000    -250.4815  0.5252 
   00507    0.4700    -261.7173  0.5222 
   00508    0.4300    -253.5230  0.5019 
   00509    0.4300    -258.0254  0.5203 
   00510    0.3800    -258.6876  0.5334 
   00511    0.5100    -246.9390  0.5270 
   00512    0.4600    -242.4621  0.5440 
   00513    0.4900    -236.5895  0.5174 
   00514    0.4900    -240.6548  0.5730 
   00515    0.5400    -239.3328  0.5394 
   00516    0.5300    -238.8610  0.5322 
   00517    0.5200    -238.5790  0.5026 
   00518    0.4900    -223.6790  0.4644 
   00519    0.5200    -225.5713  0.5051 
   00520    0.4700    -225.4993  0.4629 
   00521    0.5200    -240.0749  0.5076 
   00522    0.4800    -243.2251  0.4979 
   00523    0.4900    -237.8862  0.4788 
   00524    0.5100    -252.7098  0.5868 
   00525    0.4800    -257.9841  0.5975 
   00526    0.3500    -252.3560  0.5985 
   00527    0.4700    -262.1394  0.6482 
   00528    0.3600    -268.0822  0.6351 
   00529    0.3800    -275.7261  0.6157 
   00530    0.4200    -262.9120  0.6307 
   00531    0.5300    -254.7068  0.5946 
   00532    0.4000    -246.7903  0.6271 
   00533    0.4100    -260.7612  0.6214 
   00534    0.4900    -254.7545  0.6078 
   00535    0.4800    -246.9112  0.6316 
   00536    0.5000    -249.4928  0.6325 
   00537    0.3700    -237.2974  0.5923 
   00538    0.5000    -230.9324  0.6045 
   00539    0.5200    -248.4100  0.5854 
   00540    0.5300    -252.7676  0.6225 
   00541    0.4500    -257.1489  0.5862 
   00542    0.5000    -259.7983  0.5678 
   00543    0.4600    -245.4318  0.5216 
   00544    0.4900    -231.0329  0.5072 
   00545    0.4700    -227.5284  0.4965 
   00546    0.4700    -240.9665  0.5815 
   00547    0.4500    -239.0003  0.5989 
   00548    0.4500    -241.1540  0.6452 
   00549    0.4500    -249.1883  0.6429 
   00550    0.5600    -258.0593  0.6483 
   00551    0.3900    -245.8114  0.6146 
   00552    0.4800    -229.5433  0.5764 
   00553    0.5100    -248.3339  0.5661 
   00554    0.4900    -262.1617  0.5366 
   00555    0.4500    -256.9758  0.5161 
   00556    0.3700    -239.7643  0.5103 
   00557    0.4700    -245.7406  0.4516 
   00558    0.4900    -248.3930  0.4361 
   00559    0.4700    -231.6148  0.3982 
   00560    0.5000    -223.8077  0.4182 
   00561    0.5500    -226.5054  0.4372 
   00562    0.5300    -230.8105  0.4162 
   00563    0.4900    -234.6338  0.3664 
   00564    0.5000    -248.8495  0.3471 
   00565    0.4900    -231.9904  0.3775 
   00566    0.5200    -253.1671  0.4661 
   00567    0.5100    -255.0712  0.4115 
   00568    0.4700    -252.2312  0.4344 
   00569    0.4700    -259.3893  0.4512 
   00570    0.4600    -240.0783  0.4409 
   00571    0.4700    -241.6201  0.4475 
   00572    0.5000    -261.2347  0.4748 
   00573    0.4700    -256.2463  0.5062 
   00574    0.4300    -250.2604  0.5172 
   00575    0.4600    -240.3425  0.5379 
   00576    0.3400    -248.6129  0.5821 
   00577    0.3900    -242.1467  0.5699 
   00578    0.4800    -245.6315  0.5511 
   00579    0.4900    -246.2112  0.5815 
   00580    0.5500    -238.5962  0.5263 
   00581    0.5100    -252.3726  0.5524 
   00582    0.3800    -251.3610  0.5590 
   00583    0.5400    -263.3859  0.6022 
   00584    0.3400    -281.1849  0.6394 
   00585    0.3800    -266.9240  0.6337 
   00586    0.4000    -267.8985  0.5973 
   00587    0.5100    -262.5368  0.6423 
   00588    0.5000    -254.8561  0.6720 
   00589    0.4400    -282.7270  0.6721 
   00590    0.4000    -271.0151  0.6438 
   00591    0.4100    -271.4724  0.6334 
   00592    0.3100    -270.9677  0.6301 
   00593    0.3800    -288.6746  0.6525 
   00594    0.3800    -286.3768  0.6297 
   00595    0.4700    -266.8089  0.6279 
   00596    0.5300    -250.5370  0.5976 
   00597    0.5300    -230.2073  0.5624 
   00598    0.5400    -231.4473  0.5730 
   00599    0.4700    -229.8105  0.5677 
   00600    0.5200    -242.4473  0.6275 
   00601    0.4400    -249.3143  0.5799 
   00602    0.4400    -261.8980  0.5500 
   00603    0.4100    -250.9365  0.5376 
   00604    0.4800    -242.6017  0.5670 
   00605    0.4800    -214.9500  0.4811 
   00606    0.5700    -219.6201  0.4469 
   00607    0.3900    -202.4539  0.4058 
   00608    0.4800    -206.6395  0.4168 
   00609    0.6100    -208.8798  0.4217 
   00610    0.4800    -225.6523  0.4493 
   00611    0.5800    -227.4711  0.4856 
   00612    0.5900    -205.6481  0.4876 
   00613    0.5300    -203.8506  0.4462 
   00614    0.6000    -192.0927  0.4534 
   00615    0.5800    -189.2259  0.4010 
   00616    0.6200    -201.2033  0.4217 
   00617    0.5100    -199.0591  0.3762 
   00618    0.6000    -184.9920  0.3475 
   00619    0.5400    -207.5698  0.4129 
   00620    0.5100    -202.3591  0.4062 
   00621    0.5000    -227.8372  0.3619 
   00622    0.4600    -251.4004  0.3672 
   00623    0.4900    -233.2035  0.3514 
   00624    0.4900    -235.2147  0.3822 
   00625    0.4900    -225.5657  0.3631 
   00626    0.4900    -233.4573  0.3135 
   00627    0.4000    -225.9205  0.3479 
   00628    0.4900    -244.5921  0.3307 
   00629    0.4800    -236.2920  0.3164 
   00630    0.5700    -217.2957  0.2660 
   00631    0.5100    -221.8249  0.3427 
   00632    0.5400    -207.0139  0.3381 
   00633    0.5600    -199.7339  0.3292 
   00634    0.5400    -200.4453  0.3565 
   00635    0.5900    -205.9381  0.3513 
   00636    0.6500    -186.5076  0.2789 
   00637    0.5400    -193.9993  0.3645 
   00638    0.5800    -206.0077  0.3123 
   00639    0.6000    -219.7548  0.3615 
   00640    0.4800    -222.5869  0.4313 
   00641    0.5000    -213.3960  0.4367 
   00642    0.5200    -212.7618  0.4179 
   00643    0.5300    -214.4332  0.4401 
   00644    0.5400    -233.9351  0.5012 
   00645    0.6200    -240.0232  0.5301 
   00646    0.3900    -220.1764  0.4884 
   00647    0.4600    -226.9690  0.5154 
   00648    0.4900    -226.2032  0.5078 
   00649    0.4900    -225.1130  0.4971 
   00650    0.4600    -231.0146  0.5140 
   00651    0.5100    -233.1838  0.5002 
   00652    0.5200    -231.0411  0.4400 
   00653    0.4300    -244.2303  0.4439 
   00654    0.5000    -246.8829  0.4285 
   00655    0.5000    -256.3814  0.3939 
   00656    0.5600    -248.1379  0.3993 
   00657    0.4900    -233.5206  0.3819 
   00658    0.4900    -241.5550  0.3970 
   00659    0.4900    -241.0287  0.4415 
   00660    0.5600    -248.1505  0.4190 
   00661    0.5200    -227.5115  0.4319 
   00662    0.5500    -232.5609  0.5261 
   00663    0.4500    -223.7494  0.4982 
   00664    0.5600    -240.0760  0.5177 
   00665    0.4900    -253.0008  0.5333 
   00666    0.5200    -259.0441  0.5046 
   00667    0.3200    -253.1489  0.5562 
   00668    0.4900    -246.5911  0.5314 
   00669    0.5700    -258.4814  0.5162 
   00670    0.5600    -259.9917  0.5469 
   00671    0.4800    -258.0703  0.5486 
   00672    0.4100    -257.8636  0.5675 
   00673    0.5800    -255.4181  0.6429 
   00674    0.4900    -253.3790  0.5962 
   00675    0.4500    -272.6647  0.6313 
   00676    0.5000    -260.7562  0.6217 
   00677    0.4600    -266.7524  0.6048 
   00678    0.4600    -248.6002  0.6001 
   00679    0.5100    -229.7631  0.5168 
   00680    0.5500    -235.3641  0.5303 
   00681    0.5400    -221.1592  0.4788 
   00682    0.4900    -232.9845  0.4850 
   00683    0.5100    -235.7229  0.4053 
   00684    0.4300    -242.8880  0.4263 
   00685    0.4200    -241.5550  0.4158 
   00686    0.5200    -242.8388  0.4024 
   00687    0.4400    -233.0049  0.4234 
   00688    0.5400    -262.4991  0.4595 
   00689    0.4000    -266.6288  0.5339 
   00690    0.4700    -271.3013  0.5128 
   00691    0.4300    -262.6816  0.5105 
   00692    0.5000    -254.7782  0.5443 
   00693    0.4400    -250.0764  0.5779 
   00694    0.5800    -250.5833  0.5662 
   00695    0.5100    -250.1017  0.5991 
   00696    0.5200    -227.5519  0.6332 
   00697    0.4800    -255.3902  0.7078 
   00698    0.5000    -248.3401  0.6750 
   00699    0.4200    -266.9262  0.6864 
   00700    0.4000    -260.0135  0.6889 
   00701    0.4900    -250.9850  0.6656 
   00702    0.4000    -255.0840  0.6500 
   00703    0.5100    -232.2288  0.6149 
   00704    0.4700    -250.9345  0.6669 
   00705    0.3900    -264.7518  0.6626 
   00706    0.4800    -256.3013  0.6377 
   00707    0.5300    -245.7357  0.6027 
   00708    0.4500    -249.3045  0.6088 
   00709    0.4900    -238.6432  0.5881 
   00710    0.5200    -234.3361  0.5409 
   00711    0.5500    -217.0790  0.5591 
   00712    0.4300    -240.4769  0.6287 
   00713    0.4500    -255.3133  0.6281 
   00714    0.5400    -263.1656  0.6314 
   00715    0.4500    -250.4585  0.5933 
   00716    0.5400    -245.3594  0.6072 
   00717    0.4500    -262.5632  0.6415 
   00718    0.5200    -252.8509  0.6521 
   00719    0.5000    -245.5886  0.6432 
   00720    0.3900    -260.6534  0.7007 
   00721    0.3500    -277.2872  0.7255 
   00722    0.5300    -274.7140  0.7617 
   00723    0.4800    -271.2070  0.7700 
   00724    0.4500    -271.8014  0.7364 
   00725    0.4600    -269.6338  0.7605 
   00726    0.4400    -246.7316  0.7035 
   00727    0.4800    -252.8881  0.7017 
   00728    0.4500    -253.8506  0.7011 
   00729    0.5400    -231.1478  0.6385 
   00730    0.4700    -245.5296  0.6831 
   00731    0.4300    -257.7175  0.6945 
   00732    0.5000    -257.7554  0.6552 
   00733    0.4700    -264.0157  0.6586 
   00734    0.5000    -258.7384  0.6455 
   00735    0.4100    -268.1961  0.6555 
   00736    0.5200    -266.2287  0.5757 
   00737    0.3700    -246.2416  0.5054 
   00738    0.4200    -240.9922  0.4867 
   00739    0.4800    -231.9177  0.4960 
   00740    0.5300    -225.3929  0.4971 
   00741    0.5200    -230.5110  0.5176 
   00742    0.5200    -230.5704  0.5230 
   00743    0.4300    -241.6246  0.5793 
   00744    0.4400    -248.6593  0.6255 
   00745    0.4400    -260.0730  0.6776 
   00746    0.4300    -266.2871  0.6780 
   00747    0.4100    -267.1997  0.6169 
   00748    0.4100    -251.8137  0.5679 
   00749    0.4800    -245.4623  0.5468 
   00750    0.5000    -248.3157  0.5247 
   00751    0.4900    -249.7573  0.5070 
   00752    0.4100    -243.1576  0.4820 
   00753    0.4800    -256.3708  0.5390 
   00754    0.4300    -271.0692  0.5489 
   00755    0.4700    -249.9230  0.5279 
   00756    0.4300    -246.7782  0.6012 
   00757    0.4700    -254.0615  0.5692 
   00758    0.4200    -241.2414  0.5346 
   00759    0.4800    -254.6367  0.5013 
   00760    0.4900    -248.8965  0.5080 
   00761    0.4800    -261.5102  0.5100 
   00762    0.6100    -250.5148  0.5611 
   00763    0.4700    -255.5852  0.5563 
   00764    0.3400    -241.6208  0.5635 
   00765    0.5700    -239.2392  0.5926 
   00766    0.4300    -266.9561  0.6727 
   00767    0.4400    -267.9191  0.6814 
   00768    0.4900    -277.8806  0.6617 
   00769    0.4400    -267.8515  0.6715 
   00770    0.4600    -273.6539  0.6842 
   00771    0.4300    -256.7957  0.6721 
   00772    0.3800    -266.1495  0.7137 
   00773    0.4000    -257.2827  0.6929 
   00774    0.4300    -250.6971  0.6682 
   00775    0.4900    -247.8542  0.6350 
   00776    0.3500    -253.2862  0.6611 
   00777    0.5000    -217.7222  0.5905 
   00778    0.5300    -213.1151  0.6144 
   00779    0.4800    -223.7831  0.6139 
   00780    0.4900    -217.1661  0.5790 
   00781    0.5700    -212.2976  0.5159 
   00782    0.5700    -220.2538  0.4800 
   00783    0.4700    -223.2231  0.5382 
   00784    0.5000    -246.7553  0.5574 
   00785    0.6100    -228.4111  0.5468 
   00786    0.5600    -229.2795  0.5629 
   00787    0.4700    -231.3371  0.5700 
   00788    0.4900    -218.8502  0.5592 
   00789    0.5900    -224.9227  0.5718 
   00790    0.4900    -249.1524  0.5638 
   00791    0.3700    -231.3857  0.5443 
   00792    0.4300    -224.2104  0.4917 
   00793    0.5800    -208.0901  0.4175 
   00794    0.5600    -202.0107  0.5009 
   00795    0.4000    -231.7959  0.5508 
   00796    0.5600    -236.6798  0.5176 
   00797    0.5300    -237.4482  0.5478 
   00798    0.3700    -240.2241  0.5282 
   00799    0.5100    -222.4355  0.5398 
   00800    0.5800    -208.8868  0.5295 
   00801    0.5600    -207.9068  0.5631 
   00802    0.5300    -213.7097  0.5531 
   00803    0.5300    -218.9858  0.5160 
   00804    0.4900    -222.3774  0.5195 
   00805    0.5400    -225.8942  0.4932 
   00806    0.4800    -235.0788  0.4929 
   00807    0.4500    -233.9733  0.5115 
   00808    0.5200    -229.7701  0.5426 
   00809    0.4700    -239.8776  0.6204 
   00810    0.4200    -259.1131  0.6766 
   00811    0.4100    -250.3286  0.6201 
   00812    0.5700    -261.4710  0.5858 
   00813    0.4400    -254.5373  0.5904 
   00814    0.4800    -256.5944  0.6244 
   00815    0.3900    -245.5235  0.6026 
   00816    0.5100    -241.5145  0.6115 
   00817    0.3700    -244.6621  0.6008 
   00818    0.5800    -260.1736  0.6166 
   00819    0.4900    -273.4960  0.6600 
   00820    0.4300    -270.1116  0.6387 
   00821    0.5500    -238.6322  0.6339 
   00822    0.4400    -247.7281  0.6050 
   00823    0.4500    -245.8790  0.5891 
   00824    0.4700    -254.3422  0.5809 
   00825    0.4800    -260.6713  0.5904 
   00826    0.4100    -262.8504  0.5934 
   00827    0.4100    -261.1963  0.6443 
   00828    0.4400    -285.2960  0.6151 
   00829    0.5100    -261.8516  0.6120 
   00830    0.4500    -268.0934  0.6496 
   00831    0.4100    -248.2426  0.6047 
   00832    0.4500    -242.2303  0.5854 
   00833    0.5000    -256.6068  0.6321 
   00834    0.5000    -254.1586  0.6272 
   00835    0.5600    -252.8931  0.6606 
   00836    0.4100    -260.0337  0.6654 
   00837    0.4400    -264.6889  0.6473 
   00838    0.3400    -274.4146  0.6625 
   00839    0.4100    -277.9981  0.6146 
   00840    0.4600    -272.0249  0.6696 
   00841    0.4300    -259.6264  0.6660 
   00842    0.5000    -237.3998  0.6514 
   00843    0.5800    -225.1054  0.6117 
   00844    0.3900    -232.5097  0.6031 
   00845    0.5000    -229.8680  0.5182 
   00846    0.4600    -222.8591  0.5448 
   00847    0.5900    -226.7118  0.5536 
   00848    0.5300    -216.7567  0.5542 
   00849    0.6100    -222.0574  0.5826 
   00850    0.5100    -212.9969  0.5659 
   00851    0.5300    -216.4910  0.5443 
   00852    0.5200    -220.5398  0.5946 
   00853    0.5800    -211.4928  0.5469 
   00854    0.4400    -228.5325  0.5693 
   00855    0.4800    -216.9905  0.5984 
   00856    0.5200    -215.9644  0.5584 
   00857    0.5700    -204.9971  0.5425 
   00858    0.5700    -217.2240  0.5243 
   00859    0.5000    -217.6619  0.5306 
   00860    0.5400    -216.0560  0.5753 
   00861    0.5500    -227.5218  0.5695 
   00862    0.5100    -229.3557  0.5353 
   00863    0.4700    -228.2150  0.5951 
   00864    0.5000    -228.0526  0.6151 
   00865    0.5000    -231.3686  0.5888 
   00866    0.4700    -247.8982  0.6466 
   00867    0.4300    -243.5605  0.6377 
   00868    0.4600    -248.5228  0.6749 
   00869    0.4900    -233.2348  0.6934 
   00870    0.5500    -229.7624  0.6457 
   00871    0.5100    -241.8040  0.6604 
   00872    0.5000    -239.0404  0.6286 
   00873    0.4400    -256.2467  0.5925 
   00874    0.4400    -255.8722  0.5695 
   00875    0.4600    -252.3130  0.5588 
   00876    0.4600    -259.7527  0.6299 
   00877    0.4700    -240.1048  0.5625 
   00878    0.4800    -221.7324  0.5186 
   00879    0.4400    -227.9313  0.5081 
   00880    0.5400    -218.6506  0.5292 
   00881    0.5300    -216.8044  0.4584 
   00882    0.5000    -225.9528  0.4950 
   00883    0.4600    -230.1493  0.4715 
   00884    0.4900    -219.7352  0.4959 
   00885    0.6200    -183.6705  0.4461 
   00886    0.5900    -195.4463  0.4608 
   00887    0.6100    -195.6345  0.4317 
   00888    0.5700    -188.5756  0.4643 
   00889    0.4700    -222.8391  0.4857 
   00890    0.4900    -238.8351  0.5036 
   00891    0.5100    -258.5554  0.5842 
   00892    0.5400    -253.6172  0.5417 
   00893    0.5100    -239.2361  0.5991 
   00894    0.5100    -228.6397  0.5636 
   00895    0.5000    -225.9774  0.5498 
   00896    0.4300    -217.5187  0.5389 
   00897    0.5300    -209.7433  0.5438 
   00898    0.6500    -220.9897  0.4728 
   00899    0.4800    -233.9577  0.4405 
   00900    0.5100    -217.6587  0.3587 
   00901    0.5000    -220.7063  0.3498 
   00902    0.6400    -193.6974  0.3100 
   00903    0.5500    -222.9493  0.2708 
   00904    0.5700    -225.1584  0.3138 
   00905    0.4700    -230.4732  0.3510 
   00906    0.4900    -231.9231  0.3228 
   00907    0.5900    -231.7333  0.2830 
   00908    0.4400    -221.6569  0.3149 
   00909    0.5000    -214.8860  0.2778 
   00910    0.5000    -239.8796  0.2787 
   00911    0.5600    -239.7188  0.3154 
   00912    0.5700    -232.0930  0.3546 
   00913    0.5400    -236.8139  0.4618 
   00914    0.4700    -237.3362  0.4261 
   00915    0.4400    -226.7441  0.4771 
   00916    0.4800    -248.3414  0.4505 
   00917    0.5700    -238.0198  0.5036 
   00918    0.5900    -230.2599  0.5250 
   00919    0.5300    -242.7702  0.5544 
   00920    0.5600    -242.8392  0.6229 
   00921    0.5200    -246.1044  0.6037 
   00922    0.4700    -228.9887  0.6044 
   00923    0.5200    -228.7228  0.5588 
   00924    0.5800    -225.7236  0.4861 
   00925    0.5300    -224.3083  0.4738 
   00926    0.5000    -232.0207  0.4019 
   00927    0.5200    -234.7525  0.5023 
   00928    0.5800    -237.7009  0.5519 
   00929    0.3900    -247.8451  0.5426 
   00930    0.5300    -251.4837  0.6163 
   00931    0.5300    -249.2908  0.6205 
   00932    0.5700    -256.7043  0.5949 
   00933    0.4900    -241.5055  0.5747 
   00934    0.4500    -236.6981  0.5754 
   00935    0.5200    -246.2759  0.5841 
   00936    0.5800    -232.2915  0.6080 
   00937    0.5300    -224.3891  0.6216 
   00938    0.6000    -233.1535  0.6231 
   00939    0.4500    -252.7199  0.6250 
   00940    0.4800    -259.2357  0.6902 
   00941    0.5700    -269.3234  0.7232 
   00942    0.4000    -285.3058  0.7197 
   00943    0.4400    -277.0477  0.7504 
   00944    0.3700    -281.2878  0.7370 
   00945    0.4600    -273.9931  0.7102 
   00946    0.5100    -267.9666  0.7228 
   00947    0.4200    -278.8932  0.7244 
   00948    0.4100    -279.5580  0.7269 
   00949    0.4200    -268.3523  0.6962 
   00950    0.5500    -243.2594  0.7034 
   00951    0.4600    -252.2704  0.6981 
   00952    0.4700    -262.4890  0.7203 
   00953    0.5000    -250.4673  0.7003 
   00954    0.4000    -265.3400  0.7278 
   00955    0.3700    -259.5303  0.6948 
   00956    0.4600    -252.7256  0.7006 
   00957    0.4200    -251.6227  0.6399 
   00958    0.4500    -257.3460  0.6401 
   00959    0.4400    -242.7241  0.6529 
   00960    0.4500    -245.1001  0.6654 
   00961    0.4000    -241.6730  0.6982 
   00962    0.5000    -264.0968  0.6960 
   00963    0.4600    -253.9971  0.7193 
   00964    0.4300    -270.0412  0.7470 
   00965    0.4400    -258.0214  0.6888 
   00966    0.4800    -284.8356  0.7455 
   00967    0.4400    -264.4729  0.7262 
   00968    0.4900    -261.6000  0.6831 
   00969    0.4700    -226.3170  0.6264 
   00970    0.4700    -235.3421  0.6263 
   00971    0.4200    -246.1816  0.6109 
   00972    0.4900    -239.4397  0.6063 
   00973    0.4700    -218.0933  0.5174 
   00974    0.4300    -231.8715  0.5551 
   00975    0.4400    -220.3625  0.5090 
   00976    0.5400    -223.0069  0.5568 
   00977    0.5200    -213.6593  0.5128 
   00978    0.5100    -227.7240  0.5225 
   00979    0.4500    -236.8488  0.5577 
   00980    0.4500    -230.8981  0.5839 
   00981    0.5100    -234.6631  0.5915 
   00982    0.5400    -226.9867  0.5822 
   00983    0.4700    -221.3539  0.5476 
   00984    0.5500    -225.1195  0.5104 
   00985    0.6000    -227.5162  0.5199 
   00986    0.4500    -237.2653  0.5477 
   00987    0.5500    -231.0648  0.5181 
   00988    0.5100    -215.7357  0.5490 
   00989    0.4800    -215.7081  0.5075 
   00990    0.5900    -244.0731  0.5578 
   00991    0.5600    -221.8929  0.5532 
   00992    0.5100    -214.7897  0.5476 
   00993    0.5300    -231.4824  0.5727 
   00994    0.4500    -222.7401  0.5220 
   00995    0.5800    -222.8183  0.5552 
   00996    0.5800    -243.1179  0.6324 
   00997    0.3900    -226.0513  0.5966 
   00998    0.5200    -231.4985  0.5777 
   00999    0.4800    -243.4793  0.5545 
   01000    0.5800    -218.8482  0.5415 
