#=====================================================
# File created:        Fri-08-Mar-2024-at-05-04-40PM
# Size of lattice:     10x10
# Number of MC steps:  1000
# Reduced temperature: 1.000
# Run time (s):        12.527170
#=====================================================
# MC step:  Ratio:     Energy:   Order:
#=====================================================
   00000    0.5000    -117.1491  0.3060 
   00001    0.6500    -177.7240  0.3250 
   00002    0.5000    -182.4304  0.3105 
   00003    0.6400    -212.2832  0.3965 
   00004    0.5700    -217.0994  0.4107 
   00005    0.5000    -216.9351  0.4833 
   00006    0.5600    -221.2033  0.4661 
   00007    0.5200    -231.0687  0.4715 
   00008    0.4700    -227.5800  0.4690 
   00009    0.6100    -234.6195  0.4313 
   00010    0.3900    -240.3420  0.4662 
   00011    0.5400    -229.2605  0.5480 
   00012    0.4600    -231.2522  0.5174 
   00013    0.4700    -229.9519  0.5118 
   00014    0.4500    -231.0727  0.5179 
   00015    0.5200    -201.3723  0.4811 
   00016    0.6400    -215.0067  0.3772 
   00017    0.5300    -192.4600  0.3622 
   00018    0.5400    -215.6540  0.3587 
   00019    0.4800    -233.8027  0.3041 
   00020    0.4900    -230.2916  0.3145 
   00021    0.4900    -228.0888  0.3317 
   00022    0.5000    -229.9619  0.3105 
   00023    0.5900    -231.7450  0.2829 
   00024    0.4900    -247.2852  0.3655 
   00025    0.4700    -238.1999  0.3484 
   00026    0.4900    -227.5836  0.2975 
   00027    0.4600    -242.5187  0.3250 
   00028    0.4800    -223.4756  0.3321 
   00029    0.4500    -224.5417  0.3127 
   00030    0.4900    -228.2018  0.3090 
   00031    0.4800    -239.2267  0.2991 
   00032    0.5100    -218.6979  0.3167 
   00033    0.4900    -217.4081  0.2884 
   00034    0.5800    -211.6559  0.3096 
   00035    0.5900    -196.6858  0.2966 
   00036    0.6200    -197.2922  0.3267 
   00037    0.4800    -240.1984  0.3636 
   00038    0.5200    -225.5785  0.3502 
   00039    0.5300    -213.7870  0.3955 
   00040    0.4400    -234.8793  0.3994 
   00041    0.4600    -233.2348  0.3809 
   00042    0.4600    -239.4825  0.3929 
   00043    0.5300    -227.7233  0.3901 
   00044    0.5000    -231.8133  0.4497 
   00045    0.5300    -236.2414  0.5044 
   00046    0.5200    -230.2599  0.5267 
   00047    0.5000    -251.2508  0.5407 
   00048    0.5500    -241.8487  0.5118 
   00049    0.4700    -239.6412  0.4964 
   00050    0.5300    -241.0324  0.4650 
   00051    0.5000    -228.3099  0.5208 
   00052    0.5200    -222.8119  0.5217 
   00053    0.5200    -223.2077  0.5646 
   00054    0.5200    -228.3286  0.5742 
   00055    0.4100    -241.1329  0.5982 
   00056    0.4400    -252.5862  0.6036 
   00057    0.4500    -251.0531  0.6241 
   00058    0.4200    -227.3979  0.5750 
   00059    0.5400    -229.9823  0.5494 
   00060    0.5400    -243.0399  0.5313 
   00061    0.3600    -240.0245  0.5735 
   00062    0.4400    -231.0049  0.5479 
   00063    0.6000    -225.1281  0.5179 
   00064    0.5200    -231.6073  0.4554 
   00065    0.5400    -220.0660  0.4147 
   00066    0.5100    -236.7347  0.4037 
   00067    0.4900    -233.0443  0.3543 
   00068    0.5700    -228.5027  0.3494 
   00069    0.5900    -231.2670  0.4012 
   00070    0.4700    -219.1493  0.4328 
   00071    0.4700    -231.1703  0.3822 
   00072    0.4400    -236.3623  0.3177 
   00073    0.5200    -218.6820  0.2868 
   00074    0.5100    -235.9976  0.2648 
   00075    0.5300    -235.4153  0.3261 
   00076    0.4000    -235.7876  0.3599 
   00077    0.5100    -242.9269  0.4100 
   00078    0.4300    -240.4788  0.4325 
   00079    0.5500    -224.8947  0.3445 
   00080    0.5500    -236.6551  0.4358 
   00081    0.4600    -235.2902  0.4388 
   00082    0.5700    -236.5394  0.4928 
   00083    0.5500    -250.1960  0.4798 
   00084    0.5400    -236.6129  0.4869 
   00085    0.5100    -221.7716  0.3897 
   00086    0.5400    -225.0811  0.3495 
   00087    0.5700    -235.1810  0.3734 
   00088    0.6100    -253.0744  0.3956 
   00089    0.5300    -236.8144  0.4330 
   00090    0.4300    -254.7945  0.4761 
   00091    0.5000    -241.0920  0.4741 
   00092    0.4800    -235.7029  0.4539 
   00093    0.4500    -240.1013  0.4738 
   00094    0.4700    -225.2139  0.4938 
   00095    0.5400    -226.8815  0.4777 
   00096    0.5400    -230.5697  0.4103 
   00097    0.4100    -234.6351  0.3833 
   00098    0.5200    -249.9104  0.4645 
   00099    0.4900    -250.6924  0.4261 
   00100    0.5100    -235.0492  0.3880 
   00101    0.5000    -237.2953  0.4069 
   00102    0.4000    -230.2434  0.3263 
   00103    0.5300    -227.3962  0.3441 
   00104    0.5100    -223.1145  0.3843 
   00105    0.5300    -212.1896  0.4288 
   00106    0.4700    -223.0071  0.4371 
   00107    0.5700    -228.4231  0.4667 
   00108    0.5600    -229.8241  0.4892 
   00109    0.5300    -227.1957  0.4652 
   00110    0.5200    -232.1162  0.4748 
   00111    0.6300    -229.5367  0.5108 
   00112    0.5500    -231.1811  0.5323 
   00113    0.5200    -248.6029  0.5635 
   00114    0.5300    -241.0948  0.5463 
   00115    0.4800    -224.3106  0.5735 
   00116    0.4900    -244.4243  0.5740 
   00117    0.4500    -253.1587  0.5375 
   00118    0.4600    -237.3833  0.4970 
   00119    0.5200    -247.9304  0.4497 
   00120    0.5700    -236.3700  0.4903 
   00121    0.5000    -224.9264  0.4645 
   00122    0.5500    -222.7590  0.4757 
   00123    0.4100    -234.2696  0.4577 
   00124    0.5800    -230.0326  0.4709 
   00125    0.4900    -235.7282  0.5010 
   00126    0.4700    -241.1380  0.4994 
   00127    0.4500    -231.7456  0.4685 
   00128    0.5300    -210.0076  0.4231 
   00129    0.5000    -216.3967  0.4045 
   00130    0.4700    -220.8403  0.4382 
   00131    0.5500    -218.8760  0.4263 
   00132    0.4300    -214.7728  0.3927 
   00133    0.5100    -210.2293  0.4309 
   00134    0.5800    -204.0669  0.4527 
   00135    0.4700    -199.5080  0.4014 
   00136    0.6000    -214.3193  0.3782 
   00137    0.4500    -217.0223  0.3389 
   00138    0.5000    -220.2521  0.3611 
   00139    0.5200    -214.2644  0.3764 
   00140    0.5900    -224.1114  0.4068 
   00141    0.4200    -243.2385  0.4636 
   00142    0.5500    -239.9982  0.4878 
   00143    0.5400    -236.8917  0.5051 
   00144    0.4500    -230.3520  0.5526 
   00145    0.4600    -231.6975  0.5598 
   00146    0.3900    -254.6483  0.6571 
   00147    0.5400    -251.8095  0.6872 
   00148    0.4300    -261.5416  0.7244 
   00149    0.4400    -285.6429  0.7174 
   00150    0.4200    -282.8803  0.7039 
   00151    0.4100    -274.7329  0.6600 
   00152    0.3700    -275.6340  0.6438 
   00153    0.4200    -245.3908  0.6270 
   00154    0.5700    -269.3753  0.6483 
   00155    0.3900    -266.9667  0.6073 
   00156    0.4100    -245.3460  0.6167 
   00157    0.5100    -233.3493  0.5683 
   00158    0.4400    -248.9113  0.5897 
   00159    0.4800    -235.5017  0.5865 
   00160    0.4600    -232.0324  0.5438 
   00161    0.5000    -229.1232  0.5691 
   00162    0.5000    -250.4098  0.6017 
   00163    0.4300    -231.5175  0.5287 
   00164    0.5400    -252.5696  0.5943 
   00165    0.4500    -231.8169  0.5820 
   00166    0.5500    -239.0056  0.5695 
   00167    0.4400    -239.0767  0.5521 
   00168    0.4500    -252.4304  0.5542 
   00169    0.4100    -251.8747  0.5527 
   00170    0.4300    -243.6347  0.5856 
   00171    0.4700    -243.0919  0.5693 
   00172    0.5000    -249.6076  0.5759 
   00173    0.5800    -245.3974  0.5176 
   00174    0.5300    -229.0278  0.5404 
   00175    0.4800    -236.2303  0.5476 
   00176    0.4600    -233.0542  0.5612 
   00177    0.5300    -239.4912  0.6070 
   00178    0.4600    -264.3950  0.6771 
   00179    0.5100    -266.8071  0.6562 
   00180    0.3000    -276.0681  0.6696 
   00181    0.4900    -253.4768  0.6230 
   00182    0.4900    -229.4453  0.5391 
   00183    0.4900    -215.9854  0.5340 
   00184    0.6500    -212.2179  0.5434 
   00185    0.4700    -244.5848  0.5794 
   00186    0.3800    -252.5939  0.6051 
   00187    0.5100    -243.5843  0.5352 
   00188    0.4900    -235.2426  0.5096 
   00189    0.5100    -231.1734  0.4692 
   00190    0.5400    -220.1756  0.4846 
   00191    0.5400    -235.0156  0.4905 
   00192    0.5200    -239.7542  0.4764 
   00193    0.4900    -249.0659  0.5104 
   00194    0.5000    -256.3906  0.4739 
   00195    0.4800    -272.5331  0.4719 
   00196    0.4600    -251.9726  0.4579 
   00197    0.4600    -253.7684  0.4515 
   00198    0.4200    -256.5828  0.4026 
   00199    0.5500    -254.7244  0.4294 
   00200    0.4000    -247.1851  0.4422 
   00201    0.4700    -243.5426  0.4454 
   00202    0.4700    -222.8225  0.4505 
   00203    0.5600    -226.2369  0.4520 
   00204    0.4900    -230.3988  0.4527 
   00205    0.5500    -231.6319  0.3860 
   00206    0.5600    -228.4954  0.3938 
   00207    0.5200    -241.8674  0.3978 
   00208    0.3900    -247.0910  0.3979 
   00209    0.4900    -241.4118  0.4100 
   00210    0.5000    -229.9061  0.4313 
   00211    0.5500    -232.2310  0.3908 
   00212    0.5800    -232.6289  0.4254 
   00213    0.5600    -241.2034  0.5392 
   00214    0.5500    -235.1157  0.5379 
   00215    0.5300    -249.5184  0.5733 
   00216    0.4700    -235.5795  0.5363 
   00217    0.5400    -238.0065  0.5455 
   00218    0.4200    -251.8435  0.6193 
   00219    0.5200    -243.3899  0.5986 
   00220    0.4500    -243.7803  0.6127 
   00221    0.4200    -227.3059  0.5662 
   00222    0.5700    -231.1287  0.6051 
   00223    0.4900    -235.5091  0.6445 
   00224    0.5100    -246.8394  0.6407 
   00225    0.4800    -228.3255  0.5993 
   00226    0.5000    -240.3167  0.6069 
   00227    0.4400    -258.5933  0.5951 
   00228    0.4200    -254.8030  0.5729 
   00229    0.3700    -263.0613  0.6254 
   00230    0.4600    -282.5728  0.6437 
   00231    0.3700    -265.7462  0.5981 
   00232    0.4400    -256.7682  0.6045 
   00233    0.4500    -232.1991  0.5823 
   00234    0.4400    -224.6664  0.5028 
   00235    0.5900    -219.5671  0.4470 
   00236    0.5000    -223.1215  0.4294 
   00237    0.5900    -210.7223  0.3272 
   00238    0.5100    -211.9731  0.3027 
   00239    0.5800    -205.7092  0.3777 
   00240    0.5500    -200.4383  0.3253 
   00241    0.5400    -206.2051  0.4002 
   00242    0.4700    -227.2379  0.4165 
   00243    0.5400    -244.2609  0.3590 
   00244    0.4600    -254.2081  0.3643 
   00245    0.4000    -266.6836  0.3228 
   00246    0.4500    -239.8686  0.4044 
   00247    0.5400    -232.5844  0.3511 
   00248    0.3900    -238.7000  0.3891 
   00249    0.5300    -229.9134  0.4368 
   00250    0.4200    -229.3081  0.4477 
   00251    0.5500    -225.6544  0.4987 
   00252    0.4500    -223.1140  0.5231 
   00253    0.4600    -210.6568  0.5090 
   00254    0.4400    -213.9440  0.4543 
   00255    0.6400    -209.7791  0.3999 
   00256    0.5200    -225.5684  0.4171 
   00257    0.4700    -243.5092  0.4585 
   00258    0.5500    -218.4336  0.4104 
   00259    0.5200    -202.6146  0.4206 
   00260    0.5900    -196.0774  0.4077 
   00261    0.5500    -207.7499  0.3889 
   00262    0.5100    -216.8631  0.3769 
   00263    0.5500    -210.9896  0.4358 
   00264    0.6200    -190.2622  0.4618 
   00265    0.6000    -194.3806  0.4952 
   00266    0.5200    -189.9789  0.4635 
   00267    0.5400    -210.5525  0.4884 
   00268    0.6200    -180.6185  0.4822 
   00269    0.5700    -200.7051  0.4512 
   00270    0.5200    -214.5056  0.3663 
   00271    0.4800    -213.5029  0.2857 
   00272    0.4600    -214.9180  0.3148 
   00273    0.5100    -215.1915  0.2907 
   00274    0.5300    -206.0660  0.2998 
   00275    0.4700    -214.4897  0.3253 
   00276    0.5700    -204.0527  0.3690 
   00277    0.5300    -218.3612  0.4113 
   00278    0.5700    -219.3607  0.2870 
   00279    0.6300    -203.5077  0.4024 
   00280    0.4800    -242.0356  0.3704 
   00281    0.5000    -244.6521  0.4127 
   00282    0.4100    -248.7193  0.4732 
   00283    0.5500    -225.7856  0.4006 
   00284    0.5900    -208.6761  0.3379 
   00285    0.5200    -221.5055  0.2972 
   00286    0.4800    -234.2258  0.3633 
   00287    0.3800    -236.3705  0.3725 
   00288    0.5400    -243.0846  0.4285 
   00289    0.3600    -255.7998  0.4346 
   00290    0.5800    -241.6735  0.3905 
   00291    0.4400    -254.9217  0.4006 
   00292    0.3700    -253.6358  0.4327 
   00293    0.4100    -255.9266  0.4069 
   00294    0.4400    -253.6835  0.4578 
   00295    0.6200    -252.6966  0.5010 
   00296    0.3800    -252.2235  0.4866 
   00297    0.5000    -237.6785  0.4621 
   00298    0.4800    -239.2210  0.5377 
   00299    0.4900    -255.3323  0.5490 
   00300    0.4200    -265.7478  0.5317 
   00301    0.5600    -257.4574  0.4748 
   00302    0.4500    -241.4737  0.5078 
   00303    0.5100    -240.2210  0.5057 
   00304    0.4600    -239.9056  0.4887 
   00305    0.4700    -211.5443  0.4506 
   00306    0.4900    -226.5232  0.4276 
   00307    0.3900    -234.5066  0.4102 
   00308    0.4700    -221.2133  0.3959 
   00309    0.4200    -223.1468  0.3699 
   00310    0.5600    -208.8529  0.3413 
   00311    0.4400    -194.1302  0.3340 
   00312    0.4700    -212.4490  0.3801 
   00313    0.5500    -198.5459  0.3572 
   00314    0.6600    -208.2608  0.3536 
   00315    0.5000    -224.4213  0.3711 
   00316    0.5100    -230.2157  0.3350 
   00317    0.4900    -219.7724  0.3565 
   00318    0.5200    -224.2662  0.2793 
   00319    0.4800    -213.6499  0.2786 
   00320    0.5100    -222.2661  0.2982 
   00321    0.4800    -221.9458  0.2877 
   00322    0.5300    -248.7902  0.2975 
   00323    0.4100    -232.5432  0.3081 
   00324    0.4700    -232.6660  0.3064 
   00325    0.4000    -228.7344  0.3233 
   00326    0.6500    -218.8529  0.3914 
   00327    0.5400    -214.5930  0.4093 
   00328    0.5600    -197.5604  0.3582 
   00329    0.5400    -193.6835  0.4708 
   00330    0.4900    -207.6661  0.5052 
   00331    0.5100    -204.5479  0.5180 
   00332    0.5500    -210.3104  0.5335 
   00333    0.5900    -213.1897  0.5262 
   00334    0.5100    -224.3141  0.5995 
   00335    0.6300    -216.3711  0.5141 
   00336    0.5000    -215.0894  0.4853 
   00337    0.5100    -232.2710  0.5134 
   00338    0.5300    -219.0038  0.4949 
   00339    0.5300    -229.7726  0.5149 
   00340    0.4900    -218.7190  0.5303 
   00341    0.6000    -219.1652  0.5887 
   00342    0.5500    -237.1155  0.6294 
   00343    0.5100    -250.6306  0.6610 
   00344    0.4500    -252.4751  0.6572 
   00345    0.4300    -260.7847  0.6715 
   00346    0.4500    -247.2988  0.6229 
   00347    0.4900    -237.9964  0.6554 
   00348    0.4900    -240.8940  0.6423 
   00349    0.5200    -215.4990  0.5969 
   00350    0.4400    -240.6999  0.6741 
   00351    0.4700    -245.9575  0.6746 
   00352    0.4500    -255.4687  0.6441 
   00353    0.4500    -259.0007  0.6996 
   00354    0.4700    -249.7801  0.7125 
   00355    0.4100    -258.2147  0.7279 
   00356    0.4000    -251.7283  0.7258 
   00357    0.5100    -252.2267  0.7059 
   00358    0.4700    -249.9301  0.7246 
   00359    0.3700    -267.6258  0.7455 
   00360    0.3700    -278.3250  0.7164 
   00361    0.4200    -275.1281  0.7166 
   00362    0.4800    -276.5106  0.7151 
   00363    0.4100    -288.0563  0.7633 
   00364    0.3700    -297.8044  0.7662 
   00365    0.4100    -269.7804  0.7351 
   00366    0.4100    -258.9324  0.7159 
   00367    0.4500    -274.1812  0.7382 
   00368    0.4100    -250.6945  0.6717 
   00369    0.4800    -249.0336  0.6186 
   00370    0.4900    -254.9819  0.6345 
   00371    0.4700    -233.6760  0.6168 
   00372    0.4200    -234.8488  0.6427 
   00373    0.4500    -220.3817  0.6013 
   00374    0.5000    -208.2018  0.5771 
   00375    0.5000    -240.6117  0.5760 
   00376    0.4900    -244.3909  0.5819 
   00377    0.3600    -252.4859  0.6112 
   00378    0.4900    -259.7028  0.5970 
   00379    0.4100    -242.8404  0.5564 
   00380    0.4500    -243.8693  0.5522 
   00381    0.4800    -236.0542  0.5192 
   00382    0.5600    -235.5846  0.5606 
   00383    0.4400    -235.1037  0.5565 
   00384    0.5200    -240.7818  0.5022 
   00385    0.4800    -236.3941  0.4719 
   00386    0.5200    -230.4586  0.4584 
   00387    0.5200    -227.8576  0.4544 
   00388    0.5000    -212.8293  0.4239 
   00389    0.4900    -220.7732  0.4470 
   00390    0.5300    -223.3849  0.3987 
   00391    0.4900    -202.9729  0.3386 
   00392    0.6100    -187.6180  0.3286 
   00393    0.5300    -205.4984  0.3586 
   00394    0.5000    -211.0067  0.3715 
   00395    0.6100    -214.4514  0.2990 
   00396    0.5400    -217.6995  0.2840 
   00397    0.6000    -199.9270  0.3237 
   00398    0.5100    -198.3195  0.3532 
   00399    0.5500    -221.3807  0.3170 
   00400    0.5100    -197.5320  0.3607 
   00401    0.5700    -191.5894  0.3614 
   00402    0.5900    -219.7928  0.2833 
   00403    0.5300    -213.8545  0.3290 
   00404    0.5200    -218.7391  0.4197 
   00405    0.5800    -241.4401  0.4631 
   00406    0.4600    -212.0805  0.4551 
   00407    0.5600    -220.8214  0.4573 
   00408    0.5900    -229.5139  0.4763 
   00409    0.5100    -232.7783  0.4507 
   00410    0.4600    -227.0318  0.4040 
   00411    0.4500    -215.0761  0.3479 
   00412    0.5100    -215.4197  0.3885 
   00413    0.4900    -210.1804  0.3751 
   00414    0.5500    -204.8161  0.3646 
   00415    0.5800    -212.6223  0.4108 
   00416    0.5000    -228.9023  0.4671 
   00417    0.6200    -244.5603  0.5055 
   00418    0.3800    -247.3557  0.5386 
   00419    0.5300    -234.1708  0.5624 
   00420    0.4600    -258.6754  0.5704 
   00421    0.4900    -258.5249  0.5914 
   00422    0.4800    -247.2094  0.5568 
   00423    0.4500    -247.1512  0.5443 
   00424    0.4200    -226.1435  0.5071 
   00425    0.5000    -228.4930  0.4939 
   00426    0.5100    -245.7516  0.5715 
   00427    0.4100    -257.8540  0.5482 
   00428    0.4800    -269.2583  0.5647 
   00429    0.4100    -251.0079  0.5277 
   00430    0.5300    -259.4856  0.5482 
   00431    0.4000    -252.2028  0.5422 
   00432    0.3600    -244.5655  0.5414 
   00433    0.4600    -245.4742  0.5027 
   00434    0.4500    -260.7144  0.5909 
   00435    0.4900    -269.2202  0.5696 
   00436    0.3700    -264.1837  0.6170 
   00437    0.4400    -253.3070  0.5557 
   00438    0.4900    -215.7398  0.5338 
   00439    0.4900    -236.5133  0.5688 
   00440    0.4900    -246.0866  0.5270 
   00441    0.5900    -231.3960  0.5334 
   00442    0.5000    -212.9220  0.4569 
   00443    0.4900    -228.4978  0.5530 
   00444    0.5000    -242.4606  0.5057 
   00445    0.4500    -240.9394  0.4601 
   00446    0.4800    -250.9232  0.5693 
   00447    0.4600    -264.6915  0.5864 
   00448    0.4700    -264.0187  0.5529 
   00449    0.3600    -258.6564  0.5381 
   00450    0.4600    -242.5769  0.5029 
   00451    0.5400    -255.1608  0.5459 
   00452    0.3500    -253.8671  0.5338 
   00453    0.4400    -237.6629  0.5084 
   00454    0.4600    -244.9130  0.5464 
   00455    0.4500    -237.6736  0.5483 
   00456    0.4000    -248.6755  0.5495 
   00457    0.4700    -250.7946  0.5498 
   00458    0.4300    -249.4297  0.6085 
   00459    0.4500    -258.7421  0.5907 
   00460    0.4500    -255.0626  0.5876 
   00461    0.4600    -251.7372  0.6004 
   00462    0.5100    -242.8948  0.5545 
   00463    0.4700    -233.6388  0.5558 
   00464    0.5400    -251.9291  0.6075 
   00465    0.4600    -250.2683  0.5804 
   00466    0.5300    -232.2494  0.5160 
   00467    0.5100    -241.9154  0.5069 
   00468    0.5700    -238.5488  0.5048 
   00469    0.4300    -243.7909  0.5065 
   00470    0.3900    -243.8248  0.4900 
   00471    0.4100    -249.2235  0.4385 
   00472    0.4100    -237.8178  0.4186 
   00473    0.4700    -245.7027  0.4823 
   00474    0.4100    -256.8761  0.4849 
   00475    0.4400    -255.0012  0.5058 
   00476    0.4300    -244.5579  0.5315 
   00477    0.3800    -253.7635  0.5140 
   00478    0.4200    -280.3365  0.5414 
   00479    0.3700    -267.1909  0.5570 
   00480    0.4100    -264.5957  0.5429 
   00481    0.5400    -247.8418  0.5663 
   00482    0.5200    -237.9604  0.5975 
   00483    0.4100    -236.9713  0.5975 
   00484    0.4600    -246.9608  0.6275 
   00485    0.5100    -243.1626  0.6149 
   00486    0.4400    -252.6470  0.6170 
   00487    0.4500    -254.9039  0.6603 
   00488    0.4400    -251.7615  0.6605 
   00489    0.4900    -264.7732  0.6322 
   00490    0.4900    -240.2384  0.6212 
   00491    0.6300    -215.5746  0.5402 
   00492    0.5300    -220.5598  0.4746 
   00493    0.5800    -211.1440  0.4536 
   00494    0.4700    -198.7167  0.4397 
   00495    0.5800    -211.3870  0.4866 
   00496    0.4900    -222.4632  0.4752 
   00497    0.4900    -215.2021  0.4975 
   00498    0.5000    -221.8619  0.5568 
   00499    0.5200    -232.4114  0.5588 
   00500    0.5600    -214.1702  0.5326 
   00501    0.5100    -233.1888  0.5847 
   00502    0.5700    -224.4951  0.6238 
   00503    0.4500    -219.0917  0.5860 
   00504    0.5300    -231.1169  0.6251 
   00505    0.4200    -247.3204  0.6374 
   00506    0.4800    -253.2932  0.6621 
   00507    0.5100    -261.1181  0.6337 
   00508    0.4000    -269.7833  0.6812 
   00509    0.4400    -269.9870  0.6807 
   00510    0.5000    -273.4619  0.6903 
   00511    0.4600    -267.4204  0.6553 
   00512    0.4500    -269.5160  0.6929 
   00513    0.4800    -263.4210  0.6759 
   00514    0.4400    -265.4228  0.6797 
   00515    0.4000    -254.9733  0.6648 
   00516    0.5300    -247.4837  0.6639 
   00517    0.3600    -239.2145  0.6284 
   00518    0.4200    -220.8728  0.5853 
   00519    0.4900    -220.7153  0.5953 
   00520    0.5500    -225.2266  0.5879 
   00521    0.5900    -205.5793  0.6021 
   00522    0.6200    -233.0064  0.6340 
   00523    0.5300    -244.2485  0.6140 
   00524    0.5400    -238.3946  0.6315 
   00525    0.5200    -225.7047  0.5864 
   00526    0.5000    -227.2322  0.5960 
   00527    0.5100    -229.3485  0.5943 
   00528    0.5300    -226.2573  0.5656 
   00529    0.5700    -231.2631  0.5824 
   00530    0.5800    -236.0293  0.5967 
   00531    0.4600    -236.3678  0.5823 
   00532    0.5100    -234.3899  0.5730 
   00533    0.5100    -232.6370  0.5635 
   00534    0.5600    -236.0166  0.5525 
   00535    0.5400    -234.5499  0.5102 
   00536    0.4100    -258.1478  0.5053 
   00537    0.3500    -262.3784  0.5046 
   00538    0.4300    -268.5299  0.5130 
   00539    0.4100    -242.9611  0.4981 
   00540    0.5400    -229.7038  0.4617 
   00541    0.5900    -226.4072  0.4027 
   00542    0.4400    -235.0267  0.3875 
   00543    0.5300    -222.8576  0.3799 
   00544    0.5000    -220.0338  0.3706 
   00545    0.4900    -234.1056  0.4074 
   00546    0.4000    -247.2639  0.5070 
   00547    0.5200    -245.9229  0.5234 
   00548    0.6200    -228.2676  0.4831 
   00549    0.6300    -233.1125  0.4533 
   00550    0.5000    -231.2616  0.4789 
   00551    0.5400    -228.4662  0.5026 
   00552    0.5600    -232.0441  0.4575 
   00553    0.5200    -218.2339  0.4034 
   00554    0.5300    -216.9109  0.4272 
   00555    0.5500    -219.5566  0.4375 
   00556    0.5500    -241.4257  0.5499 
   00557    0.5100    -262.0300  0.6208 
   00558    0.5100    -238.9044  0.6082 
   00559    0.4900    -233.5612  0.5703 
   00560    0.5000    -239.8623  0.5463 
   00561    0.4600    -229.6330  0.5600 
   00562    0.5400    -238.4206  0.6213 
   00563    0.5300    -230.2974  0.5928 
   00564    0.4800    -212.1928  0.5475 
   00565    0.5600    -235.2388  0.5328 
   00566    0.4700    -240.6894  0.5503 
   00567    0.4200    -262.4259  0.5541 
   00568    0.4900    -254.0857  0.5466 
   00569    0.4800    -255.4863  0.5294 
   00570    0.4500    -233.0597  0.5570 
   00571    0.5200    -235.6222  0.6126 
   00572    0.5100    -237.3760  0.5916 
   00573    0.5100    -233.4305  0.5576 
   00574    0.4100    -234.0362  0.6060 
   00575    0.3800    -253.2333  0.6618 
   00576    0.5200    -249.5806  0.6357 
   00577    0.5000    -239.6014  0.6077 
   00578    0.5200    -250.0915  0.6417 
   00579    0.4900    -240.4490  0.6445 
   00580    0.5500    -263.9887  0.7229 
   00581    0.4900    -250.6284  0.7075 
   00582    0.4900    -254.7951  0.7047 
   00583    0.4400    -272.8007  0.7676 
   00584    0.3400    -274.6542  0.7740 
   00585    0.4200    -271.2666  0.7431 
   00586    0.3800    -268.5263  0.7341 
   00587    0.5400    -271.8882  0.6949 
   00588    0.4000    -256.3936  0.6870 
   00589    0.4900    -239.0203  0.6370 
   00590    0.5000    -219.0442  0.5908 
   00591    0.5000    -233.3473  0.5958 
   00592    0.5300    -226.9729  0.5728 
   00593    0.4500    -219.7883  0.5717 
   00594    0.5000    -224.4421  0.6145 
   00595    0.4700    -245.9702  0.6388 
   00596    0.4700    -243.3115  0.6726 
   00597    0.4300    -245.9051  0.6774 
   00598    0.5900    -224.5508  0.6361 
   00599    0.4700    -243.8046  0.6753 
   00600    0.5400    -244.9857  0.6689 
   00601    0.4600    -240.5177  0.6754 
   00602    0.4500    -282.3284  0.7475 
   00603    0.3900    -267.8608  0.7051 
   00604    0.4600    -268.6978  0.6989 
   00605    0.4300    -254.4133  0.6971 
   00606    0.5000    -256.9494  0.7128 
   00607    0.4000    -263.8208  0.7148 
   00608    0.3900    -240.3775  0.7059 
   00609    0.5400    -219.9002  0.6670 
   00610    0.4100    -213.4864  0.6005 
   00611    0.4900    -234.4500  0.6056 
   00612    0.6100    -227.7325  0.5964 
   00613    0.5400    -225.3591  0.5688 
   00614    0.5900    -227.7381  0.5535 
   00615    0.4900    -236.9834  0.5164 
   00616    0.4900    -231.7371  0.5178 
   00617    0.5000    -222.3118  0.5338 
   00618    0.5200    -244.5410  0.5623 
   00619    0.5200    -239.9681  0.5289 
   00620    0.5000    -229.1842  0.4643 
   00621    0.4900    -248.7137  0.4521 
   00622    0.5300    -239.0653  0.4407 
   00623    0.5000    -236.3278  0.4509 
   00624    0.4300    -254.7822  0.4516 
   00625    0.4900    -255.2307  0.4663 
   00626    0.5200    -256.2355  0.5004 
   00627    0.4100    -267.7920  0.5115 
   00628    0.4200    -249.8990  0.4832 
   00629    0.3900    -247.9176  0.4870 
   00630    0.4000    -245.0410  0.5132 
   00631    0.4600    -260.0229  0.4906 
   00632    0.4800    -266.2690  0.5079 
   00633    0.4300    -256.1495  0.4969 
   00634    0.4900    -258.6710  0.5734 
   00635    0.4100    -266.4124  0.5658 
   00636    0.4900    -257.7937  0.5692 
   00637    0.3900    -237.2328  0.5542 
   00638    0.4000    -242.2149  0.5373 
   00639    0.5300    -248.5296  0.5588 
   00640    0.5300    -249.4973  0.5571 
   00641    0.5000    -251.8803  0.6571 
   00642    0.4000    -260.2315  0.6651 
   00643    0.3600    -266.5856  0.6180 
   00644    0.4600    -257.9487  0.6188 
   00645    0.4500    -255.0146  0.5685 
   00646    0.4700    -252.7554  0.5587 
   00647    0.4400    -247.2803  0.5314 
   00648    0.4200    -244.3142  0.5010 
   00649    0.4800    -236.0465  0.4500 
   00650    0.4600    -253.5854  0.4690 
   00651    0.4900    -228.8578  0.4274 
   00652    0.5100    -229.4300  0.4059 
   00653    0.5400    -207.7356  0.3936 
   00654    0.5400    -206.6648  0.3259 
   00655    0.5200    -215.5597  0.3953 
   00656    0.5000    -236.8663  0.4147 
   00657    0.5500    -222.6707  0.3692 
   00658    0.4300    -232.9248  0.3898 
   00659    0.4800    -234.6799  0.4069 
   00660    0.3900    -225.5428  0.3858 
   00661    0.5400    -224.2749  0.3025 
   00662    0.4900    -218.4717  0.3476 
   00663    0.5100    -216.3436  0.4012 
   00664    0.4300    -228.0230  0.3544 
   00665    0.5700    -234.8723  0.3695 
   00666    0.4600    -256.6410  0.4645 
   00667    0.4300    -250.4056  0.5098 
   00668    0.5700    -230.5454  0.5226 
   00669    0.5100    -212.4738  0.5308 
   00670    0.4200    -207.5572  0.4987 
   00671    0.6100    -198.1983  0.4699 
   00672    0.5600    -213.4123  0.4832 
   00673    0.5200    -209.4479  0.5653 
   00674    0.5000    -198.4927  0.5211 
   00675    0.4900    -186.4270  0.4282 
   00676    0.7300    -191.6948  0.4341 
   00677    0.6200    -196.0450  0.4834 
   00678    0.5200    -221.1613  0.5079 
   00679    0.5400    -213.9878  0.4865 
   00680    0.5000    -220.8330  0.5547 
   00681    0.5800    -233.9370  0.5553 
   00682    0.4400    -222.9870  0.5601 
   00683    0.6100    -229.7988  0.5502 
   00684    0.5100    -253.6639  0.5425 
   00685    0.4700    -249.9062  0.5545 
   00686    0.3800    -257.7072  0.5507 
   00687    0.4800    -249.4865  0.5636 
   00688    0.5000    -228.5434  0.4897 
   00689    0.4200    -221.6754  0.4576 
   00690    0.4700    -215.0491  0.4357 
   00691    0.5200    -222.3932  0.4797 
   00692    0.5100    -234.7353  0.4989 
   00693    0.4900    -243.6216  0.4740 
   00694    0.5300    -240.8983  0.4670 
   00695    0.5000    -246.9980  0.4740 
   00696    0.4800    -231.7213  0.4999 
   00697    0.5600    -204.3897  0.4078 
   00698    0.5300    -225.4180  0.4417 
   00699    0.4500    -220.6089  0.4495 
   00700    0.5400    -237.1312  0.4167 
   00701    0.4300    -259.7712  0.4551 
   00702    0.4900    -259.0812  0.3876 
   00703    0.4000    -251.3717  0.4184 
   00704    0.4600    -243.7629  0.4202 
   00705    0.4100    -240.3609  0.4153 
   00706    0.5200    -245.0746  0.3755 
   00707    0.4100    -237.9219  0.3883 
   00708    0.4500    -230.4352  0.2768 
   00709    0.4600    -221.0177  0.2921 
   00710    0.5800    -227.0278  0.3058 
   00711    0.5600    -221.5048  0.2746 
   00712    0.5800    -223.0300  0.2621 
   00713    0.6600    -225.8024  0.3193 
   00714    0.5400    -219.8922  0.3096 
   00715    0.4700    -216.9790  0.4048 
   00716    0.5400    -243.1788  0.5135 
   00717    0.4900    -227.8545  0.4858 
   00718    0.5500    -238.9526  0.6113 
   00719    0.4600    -227.5291  0.5572 
   00720    0.5400    -245.5018  0.5812 
   00721    0.3900    -256.0962  0.6054 
   00722    0.4700    -252.7109  0.6370 
   00723    0.4600    -258.5727  0.6514 
   00724    0.5500    -243.1689  0.5715 
   00725    0.5100    -243.7649  0.6081 
   00726    0.5500    -244.2018  0.6092 
   00727    0.4200    -246.0272  0.6256 
   00728    0.4800    -256.4736  0.6366 
   00729    0.5300    -266.4478  0.6436 
   00730    0.4400    -259.2321  0.6198 
   00731    0.4700    -256.1412  0.5900 
   00732    0.5400    -242.8225  0.5705 
   00733    0.4700    -227.7885  0.5470 
   00734    0.4000    -243.0174  0.5828 
   00735    0.4000    -245.5256  0.5709 
   00736    0.4100    -259.2605  0.6076 
   00737    0.4800    -242.2072  0.5744 
   00738    0.4800    -240.1638  0.6126 
   00739    0.4900    -248.7100  0.6249 
   00740    0.5000    -260.5318  0.6249 
   00741    0.4100    -259.8599  0.6204 
   00742    0.5100    -261.2554  0.6538 
   00743    0.4700    -257.6541  0.6880 
   00744    0.4900    -248.1680  0.6216 
   00745    0.5400    -244.3320  0.6107 
   00746    0.4300    -246.6048  0.6288 
   00747    0.4700    -237.1573  0.6149 
   00748    0.4200    -237.4872  0.5628 
   00749    0.4300    -231.2063  0.5706 
   00750    0.5400    -243.0207  0.5719 
   00751    0.5000    -245.9970  0.5419 
   00752    0.4500    -246.2472  0.5797 
   00753    0.4700    -236.1239  0.5668 
   00754    0.5000    -247.1666  0.5866 
   00755    0.5400    -241.9269  0.5777 
   00756    0.5600    -240.7102  0.5640 
   00757    0.4200    -250.5084  0.6000 
   00758    0.4800    -263.8567  0.5720 
   00759    0.4800    -249.8287  0.5855 
   00760    0.4800    -267.6828  0.6164 
   00761    0.4400    -257.0164  0.6001 
   00762    0.5000    -231.0787  0.5299 
   00763    0.6100    -233.9028  0.5570 
   00764    0.5600    -246.0024  0.5717 
   00765    0.4700    -249.3031  0.6258 
   00766    0.3900    -271.6040  0.6864 
   00767    0.4200    -281.1788  0.6823 
   00768    0.4500    -261.9681  0.6596 
   00769    0.4400    -253.6847  0.6271 
   00770    0.6000    -225.7957  0.6176 
   00771    0.4300    -231.9416  0.5977 
   00772    0.6000    -249.6068  0.6089 
   00773    0.4100    -262.3380  0.6411 
   00774    0.5400    -254.4825  0.6192 
   00775    0.5100    -260.1998  0.6383 
   00776    0.4700    -250.0263  0.6193 
   00777    0.4200    -225.9660  0.5777 
   00778    0.4800    -225.3790  0.5836 
   00779    0.5900    -214.5010  0.5616 
   00780    0.5000    -228.8126  0.5488 
   00781    0.4800    -210.1849  0.5363 
   00782    0.5400    -234.5678  0.5726 
   00783    0.4600    -264.5391  0.5987 
   00784    0.4500    -260.5334  0.6015 
   00785    0.5000    -254.8159  0.5565 
   00786    0.4200    -241.4061  0.5329 
   00787    0.4600    -240.2842  0.5384 
   00788    0.5200    -243.9167  0.5597 
   00789    0.5800    -238.9095  0.5382 
   00790    0.5100    -247.1106  0.5847 
   00791    0.4300    -236.5615  0.5567 
   00792    0.5200    -231.0532  0.5368 
   00793    0.5100    -224.6287  0.5011 
   00794    0.4600    -197.6862  0.4115 
   00795    0.5000    -221.1937  0.5608 
   00796    0.5100    -227.0552  0.5473 
   00797    0.5900    -232.5157  0.6216 
   00798    0.5200    -214.3094  0.5621 
   00799    0.5200    -209.9628  0.5057 
   00800    0.5500    -209.0121  0.4601 
   00801    0.5400    -205.4066  0.4414 
   00802    0.5200    -225.9557  0.4791 
   00803    0.5300    -229.0532  0.4632 
   00804    0.5500    -223.9473  0.4800 
   00805    0.4200    -228.6502  0.4954 
   00806    0.6000    -233.6033  0.4738 
   00807    0.5200    -231.5591  0.4912 
   00808    0.4700    -246.0752  0.5592 
   00809    0.4200    -249.7629  0.5472 
   00810    0.4900    -232.0902  0.5288 
   00811    0.4300    -242.1978  0.5536 
   00812    0.4800    -236.8866  0.5470 
   00813    0.5000    -271.3179  0.5377 
   00814    0.3100    -274.4440  0.5164 
   00815    0.4700    -265.7702  0.4803 
   00816    0.4500    -242.2760  0.5019 
   00817    0.5000    -242.1947  0.5319 
   00818    0.4800    -254.7361  0.5332 
   00819    0.5500    -260.1537  0.4922 
   00820    0.3300    -251.0535  0.5110 
   00821    0.4200    -252.1272  0.5419 
   00822    0.4900    -233.4667  0.5467 
   00823    0.4800    -237.8188  0.5350 
   00824    0.5100    -238.5560  0.5269 
   00825    0.4500    -250.1318  0.5287 
   00826    0.4900    -256.8039  0.5394 
   00827    0.5300    -225.6664  0.5425 
   00828    0.5400    -234.3575  0.5233 
   00829    0.4800    -248.2126  0.5561 
   00830    0.4500    -229.4132  0.5637 
   00831    0.5500    -239.6722  0.5790 
   00832    0.4800    -227.3605  0.5212 
   00833    0.5500    -231.8267  0.5100 
   00834    0.4900    -235.5282  0.4211 
   00835    0.5600    -203.9441  0.3570 
   00836    0.5500    -216.6035  0.3435 
   00837    0.6600    -232.5355  0.2902 
   00838    0.5700    -208.8980  0.3107 
   00839    0.5500    -227.2974  0.3081 
   00840    0.5700    -210.9306  0.3533 
   00841    0.5200    -235.7943  0.4034 
   00842    0.5300    -212.4519  0.3911 
   00843    0.6500    -198.7589  0.3954 
   00844    0.5900    -213.6678  0.3558 
   00845    0.6700    -202.1829  0.3083 
   00846    0.5600    -190.1356  0.2938 
   00847    0.6200    -196.2317  0.2929 
   00848    0.5900    -210.1093  0.3260 
   00849    0.5900    -200.7938  0.3287 
   00850    0.5800    -227.1628  0.3061 
   00851    0.5000    -221.9739  0.3678 
   00852    0.5800    -212.1175  0.4590 
   00853    0.5400    -192.7769  0.5283 
   00854    0.5500    -217.8652  0.5123 
   00855    0.6300    -204.8336  0.4660 
   00856    0.4500    -210.1821  0.4964 
   00857    0.5500    -223.7823  0.5285 
   00858    0.5500    -214.6671  0.5658 
   00859    0.5500    -213.6098  0.5321 
   00860    0.5000    -227.6760  0.5710 
   00861    0.4700    -228.6827  0.5390 
   00862    0.5100    -211.4545  0.5392 
   00863    0.5300    -219.6072  0.5568 
   00864    0.5500    -241.0094  0.5786 
   00865    0.5200    -248.9306  0.5537 
   00866    0.4700    -245.1900  0.5793 
   00867    0.5200    -235.4432  0.5846 
   00868    0.6000    -221.7729  0.5681 
   00869    0.4300    -222.4637  0.5685 
   00870    0.5400    -238.7931  0.6249 
   00871    0.4500    -248.2156  0.6360 
   00872    0.5000    -248.6428  0.6417 
   00873    0.4400    -252.9495  0.6426 
   00874    0.5200    -246.6894  0.6087 
   00875    0.5300    -240.0754  0.6215 
   00876    0.5300    -247.9132  0.5415 
   00877    0.4300    -226.0886  0.5314 
   00878    0.4900    -231.4648  0.5469 
   00879    0.4800    -231.5376  0.5382 
   00880    0.5300    -241.3763  0.5308 
   00881    0.4400    -239.2546  0.5861 
   00882    0.4800    -247.4906  0.5841 
   00883    0.5200    -257.3207  0.6091 
   00884    0.4300    -254.3306  0.5912 
   00885    0.5100    -246.5768  0.5736 
   00886    0.3900    -254.0429  0.5944 
   00887    0.4600    -252.1665  0.5875 
   00888    0.4400    -246.6788  0.5838 
   00889    0.4700    -230.7709  0.5576 
   00890    0.4200    -218.3357  0.5752 
   00891    0.5800    -213.4981  0.5472 
   00892    0.5600    -222.6420  0.5770 
   00893    0.4100    -228.9702  0.5297 
   00894    0.4800    -227.0437  0.5640 
   00895    0.5300    -227.0719  0.5784 
   00896    0.5200    -226.5043  0.5935 
   00897    0.5700    -219.9406  0.5176 
   00898    0.4600    -233.5504  0.5171 
   00899    0.5200    -227.5182  0.5638 
   00900    0.5100    -223.0376  0.5311 
   00901    0.5700    -233.9278  0.5654 
   00902    0.4200    -214.9661  0.5876 
   00903    0.5000    -208.5053  0.6095 
   00904    0.5000    -216.1910  0.5481 
   00905    0.5300    -194.6769  0.4835 
   00906    0.6100    -221.9133  0.5100 
   00907    0.5300    -247.0756  0.5774 
   00908    0.4100    -232.9024  0.5480 
   00909    0.4900    -231.5506  0.5511 
   00910    0.5100    -234.6274  0.5767 
   00911    0.5800    -241.4230  0.5522 
   00912    0.4500    -228.4662  0.5306 
   00913    0.4700    -238.0777  0.6000 
   00914    0.5300    -228.8037  0.5322 
   00915    0.5300    -234.7467  0.5424 
   00916    0.4300    -239.6029  0.5206 
   00917    0.5000    -233.3134  0.5053 
   00918    0.5600    -236.8688  0.5559 
   00919    0.4600    -231.5245  0.5498 
   00920    0.5000    -237.1370  0.6038 
   00921    0.4900    -237.6244  0.5823 
   00922    0.5100    -224.5811  0.5258 
   00923    0.5000    -215.7849  0.5210 
   00924    0.5800    -223.0318  0.5521 
   00925    0.4600    -215.7529  0.5349 
   00926    0.5800    -206.6225  0.4457 
   00927    0.5100    -211.9074  0.4987 
   00928    0.5000    -220.6452  0.5211 
   00929    0.5100    -240.9555  0.5823 
   00930    0.4500    -252.4291  0.5652 
   00931    0.4200    -256.7184  0.6196 
   00932    0.4400    -247.4144  0.6332 
   00933    0.4300    -244.7782  0.6221 
   00934    0.4100    -241.2322  0.6349 
   00935    0.4100    -246.7478  0.5867 
   00936    0.4300    -238.3040  0.5751 
   00937    0.4800    -241.2068  0.6041 
   00938    0.4700    -231.2748  0.5541 
   00939    0.5300    -234.6891  0.5562 
   00940    0.5600    -227.4314  0.5797 
   00941    0.4800    -256.4611  0.6079 
   00942    0.5400    -243.9559  0.5813 
   00943    0.5200    -246.2567  0.6361 
   00944    0.3800    -239.5767  0.6176 
   00945    0.5000    -245.1450  0.5988 
   00946    0.4400    -248.6255  0.6077 
   00947    0.4800    -255.6143  0.5749 
   00948    0.4300    -255.2942  0.5256 
   00949    0.4400    -238.4982  0.5086 
   00950    0.5000    -248.1873  0.4935 
   00951    0.5400    -237.0516  0.4759 
   00952    0.4400    -252.5967  0.4615 
   00953    0.5400    -243.3110  0.4275 
   00954    0.4700    -246.5716  0.4575 
   00955    0.6000    -234.8544  0.4318 
   00956    0.4700    -243.0145  0.4166 
   00957    0.5700    -234.8283  0.3523 
   00958    0.4300    -236.7941  0.3762 
   00959    0.5300    -245.6032  0.4276 
   00960    0.4700    -234.9120  0.4081 
   00961    0.5500    -242.9851  0.3664 
   00962    0.5200    -241.9221  0.4297 
   00963    0.5000    -235.4521  0.4702 
   00964    0.4800    -242.1126  0.5195 
   00965    0.5200    -258.0103  0.5463 
   00966    0.3900    -240.7521  0.5377 
   00967    0.5300    -229.4349  0.5449 
   00968    0.5300    -217.4980  0.4912 
   00969    0.6100    -213.1983  0.5213 
   00970    0.5500    -216.6155  0.5175 
   00971    0.6300    -198.9559  0.5261 
   00972    0.4100    -202.6659  0.5597 
   00973    0.4400    -219.9251  0.5125 
   00974    0.5300    -204.1849  0.5212 
   00975    0.4800    -217.6472  0.4972 
   00976    0.5100    -219.3130  0.4875 
   00977    0.4800    -245.3682  0.4967 
   00978    0.5300    -232.7010  0.4767 
   00979    0.5500    -237.9658  0.5149 
   00980    0.4300    -243.7678  0.4938 
   00981    0.4800    -255.8388  0.4092 
   00982    0.4700    -245.7029  0.4632 
   00983    0.4100    -238.4369  0.4778 
   00984    0.5700    -241.8358  0.5230 
   00985    0.4000    -230.3092  0.5320 
   00986    0.5800    -234.1362  0.5641 
   00987    0.4400    -238.9527  0.6158 
   00988    0.5200    -263.4811  0.6276 
   00989    0.5300    -259.1123  0.6525 
   00990    0.4500    -251.7471  0.6155 
   00991    0.5200    -238.9033  0.5808 
   00992    0.4400    -254.1674  0.6521 
   00993    0.3500    -273.0551  0.7260 
   00994    0.4400    -275.0196  0.7604 
   00995    0.4100    -284.5555  0.7623 
   00996    0.3600    -278.8439  0.7681 
   00997    0.3700    -280.7531  0.7547 
   00998    0.3800    -277.2179  0.7504 
   00999    0.3900    -275.1062  0.7404 
   01000    0.4100    -287.8042  0.7603 
