#=====================================================
# File created:        Fri-08-Mar-2024-at-05-12-47PM
# Size of lattice:     10x10
# Number of MC steps:  1000
# Reduced temperature: 1.000
# Run time (s):        7.014239
#=====================================================
# MC step:  Ratio:     Energy:   Order:
#=====================================================
   00000    0.5000    -105.1029  0.3281 
   00001    0.6600    -168.2556  0.3203 
   00002    0.6900    -160.3571  0.3994 
   00003    0.6300    -184.1777  0.3591 
   00004    0.5900    -186.5710  0.3849 
   00005    0.6300    -217.8420  0.5434 
   00006    0.5300    -232.3959  0.5522 
   00007    0.5000    -218.1458  0.5248 
   00008    0.5000    -214.2351  0.5179 
   00009    0.4300    -247.4077  0.5310 
   00010    0.4900    -248.1122  0.5269 
   00011    0.4100    -248.6357  0.5404 
   00012    0.4500    -245.4927  0.5165 
   00013    0.5300    -217.3467  0.4798 
   00014    0.4900    -224.7263  0.4628 
   00015    0.4900    -222.1467  0.4520 
   00016    0.4900    -234.7623  0.4213 
   00017    0.4000    -223.3149  0.3899 
   00018    0.5500    -211.3587  0.4986 
   00019    0.5500    -224.5529  0.5720 
   00020    0.4300    -247.3517  0.5888 
   00021    0.4900    -249.9474  0.5881 
   00022    0.6200    -257.2928  0.5759 
   00023    0.4400    -237.9211  0.5329 
   00024    0.4700    -248.1092  0.5842 
   00025    0.4800    -232.5871  0.5861 
   00026    0.4200    -230.9708  0.6204 
   00027    0.4600    -245.0422  0.6555 
   00028    0.5000    -249.2045  0.6814 
   00029    0.4200    -247.1579  0.6700 
   00030    0.4300    -234.3240  0.6174 
   00031    0.4100    -238.2100  0.6179 
   00032    0.5200    -258.4146  0.6465 
   00033    0.3900    -250.8408  0.5911 
   00034    0.5100    -241.7533  0.5402 
   00035    0.5100    -222.8730  0.4926 
   00036    0.4700    -228.0508  0.4955 
   00037    0.5200    -237.4569  0.5404 
   00038    0.4300    -263.8876  0.5886 
   00039    0.4500    -273.3948  0.6323 
   00040    0.4800    -268.0445  0.6050 
   00041    0.4600    -245.0628  0.5661 
   00042    0.4200    -249.9130  0.5708 
   00043    0.4700    -253.8925  0.6430 
   00044    0.4600    -261.9814  0.6430 
   00045    0.4900    -255.3944  0.6210 
   00046    0.3400    -267.7051  0.6869 
   00047    0.4000    -282.1551  0.6966 
   00048    0.5000    -265.5305  0.7131 
   00049    0.4600    -248.4367  0.7273 
   00050    0.4100    -243.1410  0.6765 
   00051    0.5800    -238.2738  0.6737 
   00052    0.5400    -214.8252  0.6050 
   00053    0.5600    -216.1572  0.6005 
   00054    0.5600    -231.2779  0.6745 
   00055    0.5000    -229.6810  0.6493 
   00056    0.5200    -229.5460  0.6305 
   00057    0.4900    -251.5558  0.6086 
   00058    0.4400    -268.0987  0.5983 
   00059    0.4700    -255.1186  0.6122 
   00060    0.5300    -257.8440  0.6361 
   00061    0.5300    -259.4575  0.5968 
   00062    0.3800    -262.1907  0.5615 
   00063    0.4100    -261.1354  0.5722 
   00064    0.5200    -240.3565  0.5930 
   00065    0.4100    -228.6928  0.5532 
   00066    0.4900    -242.8268  0.5257 
   00067    0.5300    -233.4362  0.5506 
   00068    0.4700    -236.2064  0.5545 
   00069    0.5200    -237.5138  0.5506 
   00070    0.4700    -233.7933  0.5078 
   00071    0.4800    -254.2993  0.5544 
   00072    0.4000    -255.4614  0.5372 
   00073    0.4100    -250.6311  0.5778 
   00074    0.4100    -246.4092  0.5671 
   00075    0.4300    -241.9155  0.5136 
   00076    0.4800    -234.9538  0.4893 
   00077    0.4800    -232.6989  0.4674 
   00078    0.5000    -226.3517  0.3891 
   00079    0.5600    -224.7808  0.4490 
   00080    0.5300    -212.7595  0.4820 
   00081    0.5000    -214.9162  0.5410 
   00082    0.5600    -224.8413  0.5132 
   00083    0.4900    -210.8552  0.4726 
   00084    0.5400    -217.2446  0.4655 
   00085    0.4300    -240.2963  0.4836 
   00086    0.4600    -252.4362  0.5143 
   00087    0.4700    -251.5004  0.4692 
   00088    0.4100    -266.5074  0.5307 
   00089    0.4700    -253.1943  0.5342 
   00090    0.4700    -236.7063  0.4881 
   00091    0.5400    -243.7965  0.6074 
   00092    0.4400    -253.6018  0.6763 
   00093    0.4700    -274.9911  0.6963 
   00094    0.5000    -275.9913  0.6983 
   00095    0.3500    -253.9606  0.6876 
   00096    0.4300    -252.2100  0.6627 
   00097    0.4700    -263.2912  0.6909 
   00098    0.4100    -277.9915  0.7374 
   00099    0.4900    -282.8966  0.7286 
   00100    0.3500    -279.0390  0.7362 
   00101    0.4200    -284.5885  0.7248 
   00102    0.4000    -296.7490  0.7442 
   00103    0.4700    -292.8514  0.7626 
   00104    0.3700    -290.1408  0.7557 
   00105    0.5000    -273.5091  0.7451 
   00106    0.4200    -270.0380  0.7023 
   00107    0.5100    -261.3321  0.7275 
   00108    0.4400    -284.4216  0.7180 
   00109    0.3500    -280.1688  0.7009 
   00110    0.5600    -251.2340  0.6178 
   00111    0.5400    -223.8698  0.5730 
   00112    0.5700    -222.6899  0.5681 
   00113    0.4300    -224.5130  0.5356 
   00114    0.5400    -223.8767  0.5228 
   00115    0.4900    -238.9606  0.4908 
   00116    0.5000    -245.0034  0.5504 
   00117    0.5000    -251.7052  0.5580 
   00118    0.4000    -246.2004  0.5095 
   00119    0.5400    -248.4370  0.5047 
   00120    0.4400    -254.5899  0.5860 
   00121    0.5000    -265.1517  0.6105 
   00122    0.4700    -256.7748  0.6383 
   00123    0.4500    -272.5334  0.6527 
   00124    0.4500    -249.6913  0.6264 
   00125    0.3800    -258.1967  0.6562 
   00126    0.4300    -256.8439  0.6170 
   00127    0.5100    -239.7776  0.6164 
   00128    0.4400    -261.7268  0.6623 
   00129    0.4100    -253.3845  0.6979 
   00130    0.4700    -256.5081  0.6768 
   00131    0.4600    -247.6752  0.6562 
   00132    0.5900    -248.4350  0.6308 
   00133    0.5800    -251.1506  0.5836 
   00134    0.4800    -238.8956  0.5852 
   00135    0.5300    -225.5382  0.5413 
   00136    0.4100    -235.3873  0.5510 
   00137    0.5200    -223.9762  0.5500 
   00138    0.5000    -225.0682  0.5878 
   00139    0.4300    -217.4868  0.5704 
   00140    0.4500    -234.2583  0.5890 
   00141    0.4400    -238.3875  0.5810 
   00142    0.4100    -232.7263  0.5752 
   00143    0.4100    -234.7235  0.5357 
   00144    0.4200    -260.6948  0.5488 
   00145    0.3900    -261.0322  0.5574 
   00146    0.5400    -260.5506  0.5691 
   00147    0.4900    -251.5999  0.5487 
   00148    0.4400    -251.9532  0.5508 
   00149    0.5500    -241.7947  0.5610 
   00150    0.4300    -246.2824  0.6098 
   00151    0.5800    -227.1556  0.5500 
   00152    0.5500    -230.4624  0.5771 
   00153    0.5000    -251.2474  0.5168 
   00154    0.4900    -236.0530  0.5344 
   00155    0.4700    -257.2512  0.6005 
   00156    0.3900    -263.2688  0.6001 
   00157    0.4700    -251.2355  0.5962 
   00158    0.3800    -231.9885  0.5861 
   00159    0.4900    -228.0459  0.6221 
   00160    0.5400    -249.3378  0.5918 
   00161    0.4100    -245.0562  0.6178 
   00162    0.4800    -243.8410  0.6058 
   00163    0.5000    -245.4999  0.6191 
   00164    0.4900    -237.4198  0.5708 
   00165    0.5500    -253.0880  0.6537 
   00166    0.3700    -247.2435  0.6269 
   00167    0.4600    -235.7544  0.5984 
   00168    0.5400    -245.3950  0.6097 
   00169    0.5200    -233.1301  0.5895 
   00170    0.5000    -218.6783  0.5929 
   00171    0.4900    -260.0882  0.6580 
   00172    0.4500    -256.0851  0.6601 
   00173    0.4700    -253.4041  0.6503 
   00174    0.5100    -245.0322  0.5575 
   00175    0.4700    -245.8413  0.5971 
   00176    0.4200    -262.8505  0.6654 
   00177    0.4000    -257.1876  0.6804 
   00178    0.3800    -269.2259  0.6859 
   00179    0.5100    -267.5745  0.6434 
   00180    0.4000    -277.9915  0.6201 
   00181    0.4300    -265.6039  0.6243 
   00182    0.4400    -268.0650  0.5900 
   00183    0.4700    -279.6797  0.6112 
   00184    0.3400    -263.3163  0.5859 
   00185    0.4100    -280.0294  0.6231 
   00186    0.4600    -263.9797  0.6065 
   00187    0.3700    -269.9096  0.6429 
   00188    0.4200    -270.3160  0.6366 
   00189    0.4800    -267.6641  0.6075 
   00190    0.4600    -272.0407  0.5995 
   00191    0.4200    -275.7053  0.5710 
   00192    0.4500    -284.8507  0.5569 
   00193    0.4200    -278.9445  0.5676 
   00194    0.4500    -271.8256  0.5570 
   00195    0.4600    -257.5816  0.5227 
   00196    0.4900    -240.3966  0.4401 
   00197    0.5100    -236.6884  0.4851 
   00198    0.5400    -231.8889  0.4622 
   00199    0.4500    -241.1108  0.4648 
   00200    0.5100    -260.0788  0.4692 
   00201    0.5000    -249.3411  0.4740 
   00202    0.5500    -233.8879  0.4508 
   00203    0.5200    -240.9915  0.4374 
   00204    0.4800    -223.4384  0.4165 
   00205    0.5300    -215.0022  0.4073 
   00206    0.5200    -238.6504  0.4173 
   00207    0.5000    -245.7295  0.4299 
   00208    0.4800    -241.3948  0.5002 
   00209    0.4700    -226.4653  0.5149 
   00210    0.5100    -222.6806  0.5096 
   00211    0.5000    -233.9114  0.5585 
   00212    0.5200    -243.6041  0.5531 
   00213    0.5200    -227.8495  0.5380 
   00214    0.5000    -237.9171  0.5939 
   00215    0.5200    -262.9210  0.6895 
   00216    0.4400    -265.6257  0.6650 
   00217    0.5000    -275.2501  0.6028 
   00218    0.4600    -258.7937  0.5725 
   00219    0.4600    -270.1474  0.5923 
   00220    0.4800    -258.9207  0.5165 
   00221    0.4300    -250.0077  0.4323 
   00222    0.5300    -255.3478  0.4114 
   00223    0.4300    -259.8062  0.4435 
   00224    0.4100    -249.2103  0.4344 
   00225    0.4500    -229.7806  0.3710 
   00226    0.4700    -252.0349  0.3509 
   00227    0.3800    -258.7022  0.3637 
   00228    0.5500    -260.7339  0.3942 
   00229    0.5000    -248.0002  0.4754 
   00230    0.5500    -258.8205  0.4470 
   00231    0.5500    -251.3952  0.4778 
   00232    0.4300    -248.4502  0.4543 
   00233    0.4600    -260.4519  0.4183 
   00234    0.3900    -269.9292  0.4288 
   00235    0.4300    -252.9626  0.4445 
   00236    0.4500    -228.6632  0.4183 
   00237    0.5200    -217.6268  0.4012 
   00238    0.5200    -213.9686  0.3952 
   00239    0.5800    -205.0625  0.3581 
   00240    0.4800    -203.1982  0.3872 
   00241    0.5500    -199.5298  0.3743 
   00242    0.5000    -204.5953  0.4107 
   00243    0.5300    -239.4105  0.4855 
   00244    0.5600    -219.8882  0.5004 
   00245    0.6400    -234.2424  0.4602 
   00246    0.3900    -225.9288  0.4435 
   00247    0.5700    -216.2228  0.4735 
   00248    0.5200    -201.6523  0.4222 
   00249    0.5600    -197.3819  0.3815 
   00250    0.5200    -200.0544  0.4046 
   00251    0.5500    -200.9124  0.4199 
   00252    0.6100    -192.3572  0.4229 
   00253    0.6000    -216.9402  0.3855 
   00254    0.5500    -226.7568  0.3460 
   00255    0.6000    -231.3612  0.3650 
   00256    0.5500    -244.0257  0.4212 
   00257    0.5600    -261.9030  0.3889 
   00258    0.3500    -264.6238  0.3731 
   00259    0.4100    -257.1606  0.3743 
   00260    0.4200    -254.5601  0.3982 
   00261    0.4800    -263.4417  0.4006 
   00262    0.4400    -244.1104  0.3678 
   00263    0.3400    -236.1041  0.3299 
   00264    0.4800    -240.1995  0.3677 
   00265    0.4400    -233.3844  0.3692 
   00266    0.5100    -211.8461  0.3024 
   00267    0.5100    -206.5505  0.3480 
   00268    0.5800    -212.3129  0.2710 
   00269    0.5400    -233.8334  0.3073 
   00270    0.5000    -232.1622  0.3660 
   00271    0.4600    -229.3024  0.3887 
   00272    0.4800    -248.8414  0.4185 
   00273    0.4600    -234.6001  0.4573 
   00274    0.4600    -232.4764  0.4936 
   00275    0.4800    -228.6077  0.4719 
   00276    0.5200    -227.0986  0.5091 
   00277    0.5600    -234.0364  0.5027 
   00278    0.5000    -197.7267  0.4985 
   00279    0.5500    -196.8405  0.4419 
   00280    0.4200    -217.6293  0.4504 
   00281    0.6100    -215.7892  0.5012 
   00282    0.4700    -230.8091  0.5444 
   00283    0.4900    -239.6331  0.5344 
   00284    0.5100    -236.4115  0.4857 
   00285    0.5000    -230.4456  0.5692 
   00286    0.5500    -219.6999  0.5574 
   00287    0.5000    -218.7320  0.5163 
   00288    0.5400    -208.0537  0.5203 
   00289    0.5700    -243.7201  0.6200 
   00290    0.4800    -252.0996  0.6331 
   00291    0.4500    -242.2533  0.6089 
   00292    0.5100    -232.2657  0.5134 
   00293    0.6700    -224.0617  0.5549 
   00294    0.6100    -230.8664  0.5758 
   00295    0.4800    -250.2039  0.6417 
   00296    0.4900    -261.5603  0.6314 
   00297    0.3600    -260.4575  0.6072 
   00298    0.4600    -268.3097  0.5751 
   00299    0.4700    -245.9930  0.5517 
   00300    0.4100    -233.0313  0.4944 
   00301    0.5200    -224.8120  0.4850 
   00302    0.6400    -216.7396  0.4542 
   00303    0.5300    -214.6930  0.4393 
   00304    0.5200    -216.0844  0.4093 
   00305    0.5200    -216.1996  0.4550 
   00306    0.5900    -239.1130  0.4802 
   00307    0.4500    -238.8139  0.4820 
   00308    0.5700    -234.8435  0.4431 
   00309    0.5500    -244.5441  0.4328 
   00310    0.5800    -238.1206  0.4599 
   00311    0.4500    -233.9961  0.4512 
   00312    0.3800    -228.2598  0.4789 
   00313    0.5100    -234.0540  0.4289 
   00314    0.5200    -238.8094  0.4190 
   00315    0.5000    -255.9062  0.4449 
   00316    0.5000    -230.2091  0.4332 
   00317    0.4000    -215.3583  0.4482 
   00318    0.5100    -223.1255  0.4561 
   00319    0.4100    -219.6916  0.4041 
   00320    0.5200    -216.2536  0.3566 
   00321    0.4800    -218.1224  0.3195 
   00322    0.5300    -218.1273  0.3486 
   00323    0.5500    -223.1439  0.3666 
   00324    0.5700    -232.7542  0.4668 
   00325    0.5200    -225.9815  0.5240 
   00326    0.5300    -231.9093  0.5475 
   00327    0.4800    -221.2704  0.5428 
   00328    0.5200    -221.2867  0.5705 
   00329    0.5000    -216.8467  0.5406 
   00330    0.4700    -240.9128  0.5155 
   00331    0.5000    -258.9093  0.5099 
   00332    0.4400    -239.9737  0.4173 
   00333    0.4200    -262.5076  0.4176 
   00334    0.4000    -256.0251  0.4064 
   00335    0.4800    -219.9313  0.3581 
   00336    0.5300    -245.2452  0.3424 
   00337    0.5200    -234.9831  0.3746 
   00338    0.4100    -216.4439  0.3385 
   00339    0.4400    -218.0121  0.3369 
   00340    0.5600    -220.5247  0.3860 
   00341    0.5100    -218.1081  0.3519 
   00342    0.5000    -216.7656  0.3607 
   00343    0.5200    -230.9950  0.3744 
   00344    0.5500    -238.4060  0.4155 
   00345    0.5300    -233.0575  0.4214 
   00346    0.6300    -235.2202  0.4365 
   00347    0.5600    -242.5923  0.4905 
   00348    0.5500    -214.2346  0.4310 
   00349    0.5400    -226.2871  0.4311 
   00350    0.5600    -223.0645  0.4134 
   00351    0.5700    -231.3856  0.5079 
   00352    0.5400    -229.3869  0.4754 
   00353    0.5800    -219.3654  0.4456 
   00354    0.4600    -219.9640  0.5216 
   00355    0.5100    -226.3403  0.5717 
   00356    0.5100    -234.1769  0.5645 
   00357    0.5500    -226.1919  0.5150 
   00358    0.5700    -231.6291  0.5033 
   00359    0.4500    -213.8570  0.5259 
   00360    0.4600    -232.1064  0.5614 
   00361    0.4700    -222.8386  0.5318 
   00362    0.5600    -230.6422  0.5325 
   00363    0.4600    -232.2755  0.4803 
   00364    0.4500    -224.0492  0.4549 
   00365    0.5100    -217.2770  0.4096 
   00366    0.5700    -198.4919  0.4593 
   00367    0.4900    -210.9561  0.4887 
   00368    0.5000    -223.7121  0.5785 
   00369    0.4600    -240.0276  0.6243 
   00370    0.5100    -230.8932  0.5763 
   00371    0.4600    -222.5010  0.5695 
   00372    0.6200    -204.5007  0.5446 
   00373    0.5200    -211.5088  0.5486 
   00374    0.5100    -206.6555  0.4649 
   00375    0.5100    -220.0081  0.4912 
   00376    0.5200    -215.3643  0.5226 
   00377    0.5600    -219.6540  0.5232 
   00378    0.5800    -218.4331  0.5160 
   00379    0.4400    -230.5109  0.5869 
   00380    0.5700    -226.9191  0.6080 
   00381    0.4300    -216.2087  0.6118 
   00382    0.5000    -221.6778  0.5741 
   00383    0.5200    -221.8453  0.5871 
   00384    0.3600    -241.5616  0.6381 
   00385    0.4500    -250.4592  0.6809 
   00386    0.4500    -254.1735  0.7075 
   00387    0.4400    -247.8917  0.6736 
   00388    0.4400    -267.7703  0.6940 
   00389    0.3600    -270.2138  0.6610 
   00390    0.3800    -263.5858  0.7049 
   00391    0.3600    -279.8710  0.7377 
   00392    0.3200    -282.2726  0.7228 
   00393    0.3900    -276.9959  0.7485 
   00394    0.4100    -273.5498  0.7362 
   00395    0.4400    -285.9451  0.7497 
   00396    0.4900    -248.0262  0.6659 
   00397    0.4600    -243.2501  0.6057 
   00398    0.4300    -244.6946  0.5970 
   00399    0.5600    -248.3588  0.6286 
   00400    0.4400    -243.1083  0.6054 
   00401    0.4800    -249.0462  0.6034 
   00402    0.5400    -234.6041  0.5725 
   00403    0.5100    -233.2719  0.5836 
   00404    0.4100    -238.1218  0.5969 
   00405    0.5100    -235.0306  0.6381 
   00406    0.4800    -234.3583  0.6365 
   00407    0.5100    -236.5789  0.6278 
   00408    0.4800    -237.9581  0.6389 
   00409    0.4200    -237.5450  0.6640 
   00410    0.5200    -244.6295  0.6489 
   00411    0.4700    -250.5491  0.6881 
   00412    0.5100    -231.8033  0.6515 
   00413    0.4600    -233.5831  0.6731 
   00414    0.5200    -241.2654  0.6999 
   00415    0.5400    -255.1988  0.6785 
   00416    0.4900    -240.5751  0.6482 
   00417    0.4900    -233.6594  0.6620 
   00418    0.4500    -228.6205  0.6707 
   00419    0.4900    -234.6988  0.6604 
   00420    0.5000    -238.4543  0.6225 
   00421    0.6200    -240.6704  0.6084 
   00422    0.4600    -236.3318  0.6152 
   00423    0.4000    -234.4727  0.6276 
   00424    0.4200    -247.7439  0.6190 
   00425    0.4500    -242.9918  0.6340 
   00426    0.4800    -236.3363  0.6328 
   00427    0.5700    -239.6387  0.6669 
   00428    0.4600    -231.5885  0.6669 
   00429    0.3800    -243.9279  0.6905 
   00430    0.5000    -237.9104  0.6301 
   00431    0.5300    -249.4979  0.6317 
   00432    0.5300    -251.9027  0.6076 
   00433    0.4800    -245.1089  0.6274 
   00434    0.4600    -220.5685  0.5873 
   00435    0.5400    -218.6077  0.5332 
   00436    0.4300    -236.3355  0.4686 
   00437    0.4700    -249.8204  0.5874 
   00438    0.4800    -257.1381  0.6326 
   00439    0.4400    -263.0005  0.6375 
   00440    0.4400    -266.3802  0.6164 
   00441    0.4900    -247.4111  0.6205 
   00442    0.4800    -252.3116  0.6021 
   00443    0.5600    -242.9303  0.5642 
   00444    0.5000    -250.9144  0.5477 
   00445    0.4200    -241.1925  0.5421 
   00446    0.4800    -240.8937  0.5178 
   00447    0.6400    -219.0288  0.5527 
   00448    0.4200    -235.7689  0.6111 
   00449    0.5100    -234.5765  0.6310 
   00450    0.4800    -234.2569  0.6376 
   00451    0.4900    -221.7428  0.5865 
   00452    0.4500    -237.4956  0.5780 
   00453    0.5000    -252.5422  0.5566 
   00454    0.5600    -237.7814  0.5571 
   00455    0.4400    -226.9214  0.4849 
   00456    0.5800    -241.4455  0.5890 
   00457    0.5000    -214.6732  0.5550 
   00458    0.5700    -228.9417  0.5648 
   00459    0.5400    -235.0472  0.5529 
   00460    0.5100    -254.0899  0.5751 
   00461    0.4100    -246.9654  0.5538 
   00462    0.5100    -245.2564  0.5418 
   00463    0.4600    -243.7826  0.5305 
   00464    0.5300    -227.0060  0.5574 
   00465    0.4900    -247.0558  0.6262 
   00466    0.5100    -242.6097  0.6399 
   00467    0.4800    -233.1059  0.6126 
   00468    0.5100    -231.3005  0.6358 
   00469    0.4600    -243.6444  0.6897 
   00470    0.4100    -236.8223  0.6299 
   00471    0.4200    -238.2829  0.6148 
   00472    0.4700    -230.1369  0.5913 
   00473    0.3700    -238.9375  0.5631 
   00474    0.4300    -248.0589  0.5652 
   00475    0.4500    -234.2211  0.5514 
   00476    0.4200    -240.8871  0.5898 
   00477    0.5100    -246.9174  0.5585 
   00478    0.4700    -232.0131  0.5463 
   00479    0.4300    -239.1856  0.5326 
   00480    0.4800    -252.3635  0.5434 
   00481    0.5000    -233.5104  0.4797 
   00482    0.6000    -224.7411  0.4171 
   00483    0.6200    -220.6028  0.4394 
   00484    0.5000    -241.1087  0.3878 
   00485    0.4600    -247.5904  0.3786 
   00486    0.4800    -247.8454  0.4210 
   00487    0.4900    -241.9311  0.4086 
   00488    0.5400    -214.7103  0.3214 
   00489    0.5600    -220.4752  0.3644 
   00490    0.5800    -216.3586  0.3767 
   00491    0.4700    -206.2120  0.4028 
   00492    0.5100    -205.1000  0.3907 
   00493    0.6000    -217.8136  0.4324 
   00494    0.5100    -231.1915  0.3676 
   00495    0.4500    -217.6001  0.3881 
   00496    0.5500    -211.2531  0.2774 
   00497    0.6100    -222.8901  0.3329 
   00498    0.4900    -238.2252  0.3727 
   00499    0.4700    -221.1254  0.4238 
   00500    0.5000    -227.8132  0.4536 
   00501    0.5100    -225.1158  0.5043 
   00502    0.5600    -233.6792  0.4696 
   00503    0.4100    -252.4947  0.4711 
   00504    0.4300    -244.8123  0.5166 
   00505    0.4400    -244.2073  0.6023 
   00506    0.5200    -256.2796  0.6533 
   00507    0.5400    -254.9772  0.6802 
   00508    0.3700    -261.3227  0.6785 
   00509    0.4300    -248.6549  0.6855 
   00510    0.4000    -256.5112  0.7027 
   00511    0.5100    -247.1455  0.6379 
   00512    0.4400    -249.1807  0.6431 
   00513    0.4400    -240.1547  0.5847 
   00514    0.5400    -229.5302  0.5460 
   00515    0.4100    -226.5590  0.5180 
   00516    0.5500    -241.1821  0.5722 
   00517    0.4800    -254.9961  0.5851 
   00518    0.4500    -248.2120  0.5624 
   00519    0.5400    -248.4500  0.5847 
   00520    0.4900    -244.0880  0.6428 
   00521    0.4800    -224.5810  0.6271 
   00522    0.5200    -237.6642  0.6406 
   00523    0.4400    -232.3163  0.6212 
   00524    0.4900    -228.4247  0.6021 
   00525    0.4500    -249.3887  0.6033 
   00526    0.4000    -246.1349  0.5664 
   00527    0.5600    -234.1150  0.5992 
   00528    0.4800    -233.6200  0.6017 
   00529    0.4400    -246.3600  0.6016 
   00530    0.5800    -248.3381  0.6294 
   00531    0.3600    -251.5625  0.6284 
   00532    0.5400    -247.8054  0.6014 
   00533    0.5300    -264.3526  0.6539 
   00534    0.5000    -265.8449  0.6605 
   00535    0.4600    -251.7361  0.6575 
   00536    0.4000    -246.1347  0.6359 
   00537    0.5400    -238.0912  0.6140 
   00538    0.5700    -239.1496  0.6539 
   00539    0.4900    -245.5658  0.6470 
   00540    0.4800    -233.0295  0.5991 
   00541    0.5000    -239.5509  0.5277 
   00542    0.4400    -237.7183  0.5649 
   00543    0.5400    -247.8742  0.5951 
   00544    0.4800    -257.6594  0.6307 
   00545    0.4200    -268.7489  0.6922 
   00546    0.4300    -281.6178  0.7053 
   00547    0.4000    -265.5660  0.7312 
   00548    0.5100    -268.2451  0.7554 
   00549    0.4400    -256.8186  0.7127 
   00550    0.5500    -290.3968  0.7903 
   00551    0.4500    -299.2901  0.8222 
   00552    0.4000    -290.4030  0.8291 
   00553    0.4500    -282.3679  0.8020 
   00554    0.4300    -294.9726  0.8236 
   00555    0.4400    -291.3870  0.8259 
   00556    0.3600    -303.0722  0.8284 
   00557    0.2900    -303.9021  0.8076 
   00558    0.3200    -308.1865  0.8131 
   00559    0.3800    -301.7056  0.8090 
   00560    0.4200    -287.9109  0.7778 
   00561    0.4300    -288.8313  0.7676 
   00562    0.4800    -263.0836  0.7238 
   00563    0.5400    -261.3461  0.7051 
   00564    0.4000    -260.1789  0.7096 
   00565    0.4800    -271.5960  0.7110 
   00566    0.4100    -278.8120  0.7291 
   00567    0.3400    -284.0672  0.7673 
   00568    0.5200    -265.9818  0.6786 
   00569    0.4600    -281.5469  0.7254 
   00570    0.4900    -285.5839  0.7160 
   00571    0.4500    -289.3925  0.6993 
   00572    0.3200    -287.8841  0.6755 
   00573    0.3200    -296.3425  0.7299 
   00574    0.3400    -287.5593  0.7247 
   00575    0.4000    -289.9534  0.7345 
   00576    0.4200    -276.3374  0.7159 
   00577    0.4300    -290.5463  0.6862 
   00578    0.4100    -290.0052  0.6870 
   00579    0.4500    -301.7566  0.7010 
   00580    0.4700    -283.1709  0.6722 
   00581    0.4100    -283.0065  0.6462 
   00582    0.4200    -277.4911  0.6226 
   00583    0.3300    -278.0138  0.6369 
   00584    0.3400    -273.7719  0.6192 
   00585    0.4300    -284.0814  0.6605 
   00586    0.4800    -273.2333  0.6290 
   00587    0.4400    -277.9029  0.5842 
   00588    0.4300    -299.2542  0.6073 
   00589    0.5000    -272.4374  0.6153 
   00590    0.5300    -259.9610  0.5985 
   00591    0.4800    -255.7368  0.5826 
   00592    0.4400    -263.4437  0.5598 
   00593    0.5600    -260.9889  0.5620 
   00594    0.4700    -242.3192  0.4927 
   00595    0.3900    -232.6515  0.5519 
   00596    0.4600    -247.9780  0.5701 
   00597    0.4300    -237.8163  0.6008 
   00598    0.4100    -260.3213  0.6389 
   00599    0.3800    -241.6582  0.5937 
   00600    0.4600    -236.4448  0.5597 
   00601    0.5000    -247.8036  0.5351 
   00602    0.4900    -239.1276  0.5370 
   00603    0.4500    -246.1925  0.5330 
   00604    0.5300    -239.8380  0.5078 
   00605    0.5000    -236.5551  0.5287 
   00606    0.4400    -244.5339  0.5300 
   00607    0.5500    -231.9660  0.4734 
   00608    0.5400    -242.9796  0.4851 
   00609    0.3700    -243.3367  0.5038 
   00610    0.4900    -242.6568  0.5088 
   00611    0.4900    -237.6353  0.5053 
   00612    0.5100    -238.4069  0.5338 
   00613    0.5100    -231.2031  0.4939 
   00614    0.4900    -228.8258  0.4592 
   00615    0.4800    -236.2504  0.5422 
   00616    0.4600    -232.7929  0.6096 
   00617    0.4400    -237.1464  0.5820 
   00618    0.5500    -249.3333  0.5991 
   00619    0.5300    -226.6000  0.5139 
   00620    0.6000    -243.5404  0.5673 
   00621    0.4500    -234.4312  0.5740 
   00622    0.4800    -242.9694  0.5835 
   00623    0.4800    -242.0837  0.5967 
   00624    0.4700    -230.2801  0.5799 
   00625    0.3700    -237.0156  0.5850 
   00626    0.5900    -241.8987  0.5135 
   00627    0.4500    -238.5173  0.5221 
   00628    0.5000    -228.0808  0.4875 
   00629    0.5500    -230.6696  0.4336 
   00630    0.5100    -230.2757  0.4333 
   00631    0.5000    -232.0038  0.4634 
   00632    0.4800    -241.6401  0.4758 
   00633    0.4500    -236.1479  0.4436 
   00634    0.5000    -216.9762  0.4203 
   00635    0.5700    -226.4471  0.4145 
   00636    0.4800    -213.7409  0.4355 
   00637    0.5600    -207.1751  0.4488 
   00638    0.5000    -237.1968  0.5415 
   00639    0.5400    -239.5761  0.5476 
   00640    0.5100    -221.4293  0.5823 
   00641    0.5200    -214.4422  0.5874 
   00642    0.5000    -251.2771  0.6856 
   00643    0.5100    -253.2653  0.6827 
   00644    0.4700    -276.1294  0.7242 
   00645    0.4400    -258.9997  0.6825 
   00646    0.4600    -259.8384  0.6532 
   00647    0.4500    -251.7166  0.6628 
   00648    0.5100    -250.4608  0.6597 
   00649    0.4200    -236.1913  0.6600 
   00650    0.5100    -255.5523  0.6622 
   00651    0.5800    -257.7400  0.6652 
   00652    0.4400    -269.5493  0.7018 
   00653    0.5500    -257.6978  0.6691 
   00654    0.5000    -263.2803  0.6665 
   00655    0.4200    -255.3253  0.6674 
   00656    0.4200    -252.9491  0.6497 
   00657    0.4800    -244.2335  0.6353 
   00658    0.4500    -214.4965  0.5587 
   00659    0.6200    -213.7333  0.5248 
   00660    0.5300    -207.0943  0.4739 
   00661    0.5100    -203.1836  0.4606 
   00662    0.5200    -218.8738  0.5272 
   00663    0.4800    -218.4283  0.5313 
   00664    0.4700    -235.4386  0.4736 
   00665    0.5500    -224.9535  0.4411 
   00666    0.5200    -218.7020  0.4116 
   00667    0.5400    -223.5641  0.4627 
   00668    0.5100    -228.2205  0.4748 
   00669    0.5700    -232.5072  0.3932 
   00670    0.4900    -232.1655  0.3584 
   00671    0.5500    -221.8620  0.3679 
   00672    0.4900    -223.7801  0.3018 
   00673    0.5800    -211.5481  0.3704 
   00674    0.4900    -231.2290  0.3220 
   00675    0.5100    -231.9122  0.3113 
   00676    0.5200    -206.3651  0.3558 
   00677    0.5600    -213.9791  0.4126 
   00678    0.5200    -216.0585  0.4041 
   00679    0.5400    -208.3322  0.3326 
   00680    0.5800    -211.3070  0.3968 
   00681    0.5300    -210.2953  0.4116 
   00682    0.5400    -230.4232  0.3647 
   00683    0.4300    -231.8734  0.3768 
   00684    0.5500    -208.6893  0.4205 
   00685    0.5400    -222.7778  0.4783 
   00686    0.5600    -226.0304  0.4829 
   00687    0.5100    -238.1151  0.5066 
   00688    0.4700    -223.3104  0.4757 
   00689    0.5000    -238.7021  0.4765 
   00690    0.5000    -251.0828  0.5184 
   00691    0.4300    -232.6070  0.5073 
   00692    0.5200    -233.9634  0.5145 
   00693    0.5300    -244.4228  0.4738 
   00694    0.5400    -219.3593  0.3019 
   00695    0.5300    -215.0420  0.3024 
   00696    0.5200    -237.9031  0.2657 
   00697    0.4800    -248.1906  0.2879 
   00698    0.4500    -243.5694  0.2724 
   00699    0.5500    -253.1755  0.2982 
   00700    0.3900    -248.4629  0.3479 
   00701    0.4900    -244.2719  0.3521 
   00702    0.4900    -211.3789  0.3605 
   00703    0.5300    -231.0087  0.3419 
   00704    0.5200    -243.8001  0.3814 
   00705    0.5300    -248.9985  0.4049 
   00706    0.4900    -235.2196  0.4295 
   00707    0.5000    -241.2960  0.4735 
   00708    0.4900    -244.0311  0.4816 
   00709    0.5300    -222.0563  0.4257 
   00710    0.5200    -205.4811  0.3994 
   00711    0.6100    -226.7358  0.3711 
   00712    0.5500    -227.1718  0.3618 
   00713    0.5600    -225.6023  0.3742 
   00714    0.5300    -200.4196  0.3074 
   00715    0.4700    -198.3183  0.2889 
   00716    0.5800    -195.2025  0.3175 
   00717    0.5500    -210.1806  0.3818 
   00718    0.6200    -211.7365  0.3507 
   00719    0.4600    -203.3474  0.4081 
   00720    0.5700    -219.9531  0.3848 
   00721    0.4200    -222.5461  0.3890 
   00722    0.4500    -221.8116  0.4214 
   00723    0.5700    -212.2131  0.3465 
   00724    0.5200    -218.1757  0.3348 
   00725    0.5700    -201.7064  0.3408 
   00726    0.5800    -200.8213  0.3682 
   00727    0.5300    -210.6523  0.4334 
   00728    0.5700    -223.7709  0.5026 
   00729    0.5600    -220.8493  0.4429 
   00730    0.4500    -238.8378  0.4099 
   00731    0.4700    -222.8372  0.3594 
   00732    0.5500    -210.2497  0.3769 
   00733    0.5900    -214.9946  0.3484 
   00734    0.4900    -207.4933  0.3483 
   00735    0.6000    -211.6027  0.4035 
   00736    0.4700    -229.5778  0.4516 
   00737    0.5400    -226.5657  0.4165 
   00738    0.5000    -233.6274  0.4490 
   00739    0.5300    -252.2823  0.4559 
   00740    0.4300    -257.4378  0.5275 
   00741    0.4700    -259.0950  0.5479 
   00742    0.4100    -247.1352  0.5059 
   00743    0.4200    -245.8385  0.5227 
   00744    0.4800    -250.7989  0.6181 
   00745    0.4800    -247.5062  0.6406 
   00746    0.4900    -263.7850  0.6486 
   00747    0.4100    -254.9724  0.5960 
   00748    0.4800    -269.3208  0.6640 
   00749    0.3800    -263.2927  0.6837 
   00750    0.4300    -264.4364  0.7165 
   00751    0.4700    -259.3673  0.6971 
   00752    0.4000    -270.2819  0.6798 
   00753    0.4800    -246.9841  0.6314 
   00754    0.4600    -248.0986  0.6372 
   00755    0.5000    -273.6033  0.6928 
   00756    0.4000    -263.3870  0.7046 
   00757    0.3300    -266.6900  0.7047 
   00758    0.4600    -258.8626  0.6443 
   00759    0.5000    -261.3328  0.6458 
   00760    0.4700    -256.8147  0.6280 
   00761    0.5400    -261.8726  0.6619 
   00762    0.4600    -258.1436  0.6757 
   00763    0.3800    -263.3593  0.7199 
   00764    0.4200    -254.9733  0.7136 
   00765    0.4900    -240.0320  0.6891 
   00766    0.4400    -244.2647  0.6190 
   00767    0.5300    -249.6147  0.6186 
   00768    0.4400    -263.2653  0.6628 
   00769    0.3600    -252.8271  0.6276 
   00770    0.4700    -255.1058  0.5973 
   00771    0.4700    -247.3774  0.6224 
   00772    0.6000    -244.0489  0.6202 
   00773    0.6000    -257.1236  0.6847 
   00774    0.4500    -258.4551  0.6729 
   00775    0.5100    -238.0010  0.6283 
   00776    0.5000    -238.1215  0.6652 
   00777    0.5100    -243.2882  0.6784 
   00778    0.4300    -236.6640  0.5908 
   00779    0.3700    -230.7443  0.5869 
   00780    0.5500    -243.0588  0.5420 
   00781    0.4600    -227.7982  0.5067 
   00782    0.5600    -244.0854  0.5135 
   00783    0.4400    -240.8118  0.5411 
   00784    0.4500    -237.6083  0.5095 
   00785    0.4700    -231.6745  0.4758 
   00786    0.4800    -231.5411  0.4854 
   00787    0.4800    -220.2580  0.4939 
   00788    0.4600    -239.1789  0.5653 
   00789    0.4300    -234.3540  0.5992 
   00790    0.4400    -232.5208  0.5411 
   00791    0.5000    -233.9295  0.5830 
   00792    0.5500    -239.4551  0.5825 
   00793    0.4500    -246.7830  0.6327 
   00794    0.5100    -250.8023  0.6389 
   00795    0.4200    -249.9340  0.6770 
   00796    0.4800    -228.3530  0.6074 
   00797    0.4500    -238.9514  0.5811 
   00798    0.4400    -266.8811  0.6196 
   00799    0.4000    -270.2402  0.6069 
   00800    0.3700    -276.8975  0.5836 
   00801    0.4500    -263.2132  0.6029 
   00802    0.4700    -255.9647  0.6451 
   00803    0.3900    -253.2905  0.6320 
   00804    0.4900    -252.5807  0.6808 
   00805    0.5300    -233.2744  0.6476 
   00806    0.4600    -241.5231  0.6990 
   00807    0.5800    -253.2989  0.6818 
   00808    0.3900    -269.8032  0.6948 
   00809    0.3900    -270.9063  0.7461 
   00810    0.3500    -268.7417  0.7409 
   00811    0.3900    -262.8016  0.7429 
   00812    0.4500    -274.0185  0.7609 
   00813    0.4700    -272.8193  0.7318 
   00814    0.4900    -268.1760  0.7187 
   00815    0.3600    -257.1584  0.7187 
   00816    0.4700    -267.5316  0.6996 
   00817    0.3500    -270.4127  0.7280 
   00818    0.3300    -272.3879  0.7271 
   00819    0.5000    -257.7577  0.6704 
   00820    0.4300    -251.9825  0.6377 
   00821    0.5600    -265.7583  0.6336 
   00822    0.4100    -263.4883  0.6267 
   00823    0.4100    -274.8708  0.6339 
   00824    0.3800    -263.5969  0.6127 
   00825    0.5400    -267.4309  0.6775 
   00826    0.4700    -270.9549  0.7202 
   00827    0.4700    -277.2762  0.7356 
   00828    0.5100    -279.4109  0.7178 
   00829    0.4400    -260.8902  0.6796 
   00830    0.4500    -257.1478  0.6930 
   00831    0.4200    -261.8965  0.6559 
   00832    0.5400    -239.6662  0.6383 
   00833    0.5100    -256.2625  0.6234 
   00834    0.4700    -245.8297  0.5706 
   00835    0.4600    -252.4518  0.5773 
   00836    0.4500    -250.4993  0.5852 
   00837    0.4400    -256.6190  0.5897 
   00838    0.5500    -262.6524  0.6472 
   00839    0.5100    -245.1869  0.6311 
   00840    0.4400    -227.1690  0.6196 
   00841    0.5500    -202.1479  0.6176 
   00842    0.6300    -204.7685  0.5888 
   00843    0.5200    -224.8096  0.6134 
   00844    0.4500    -232.5516  0.6417 
   00845    0.5400    -246.3676  0.5998 
   00846    0.4300    -242.7600  0.5802 
   00847    0.5800    -230.6200  0.5256 
   00848    0.5100    -228.2109  0.4803 
   00849    0.4600    -232.3219  0.4981 
   00850    0.4800    -230.8532  0.4697 
   00851    0.5600    -238.4075  0.5035 
   00852    0.4900    -245.0766  0.5206 
   00853    0.5600    -257.1980  0.4441 
   00854    0.4600    -257.2314  0.4292 
   00855    0.4900    -245.4657  0.3919 
   00856    0.4500    -207.6019  0.3494 
   00857    0.4600    -227.1903  0.4511 
   00858    0.5500    -216.4763  0.4170 
   00859    0.4500    -224.6537  0.3874 
   00860    0.4300    -231.4649  0.3907 
   00861    0.6300    -194.1555  0.3261 
   00862    0.5800    -210.2053  0.3651 
   00863    0.5400    -215.2274  0.4082 
   00864    0.4900    -221.3178  0.4601 
   00865    0.5300    -222.7783  0.4098 
   00866    0.5100    -206.3414  0.4113 
   00867    0.5600    -194.0070  0.3934 
   00868    0.5700    -191.1179  0.3704 
   00869    0.5300    -191.1110  0.4207 
   00870    0.5500    -191.1609  0.3986 
   00871    0.5800    -217.6059  0.4683 
   00872    0.5900    -224.8392  0.4597 
   00873    0.4400    -235.1200  0.3934 
   00874    0.5200    -219.3870  0.4317 
   00875    0.5900    -228.5852  0.4113 
   00876    0.5100    -232.1886  0.4145 
   00877    0.4600    -218.1121  0.3987 
   00878    0.5200    -220.9954  0.4359 
   00879    0.4900    -232.6724  0.4457 
   00880    0.4000    -228.8238  0.4677 
   00881    0.5900    -182.1312  0.3860 
   00882    0.6700    -192.2383  0.4101 
   00883    0.6100    -191.0224  0.4358 
   00884    0.5700    -199.5105  0.3238 
   00885    0.5700    -214.4551  0.3401 
   00886    0.4900    -228.9267  0.3757 
   00887    0.6300    -229.7372  0.4170 
   00888    0.5500    -230.9097  0.4238 
   00889    0.5000    -246.8233  0.4916 
   00890    0.5300    -230.8715  0.4357 
   00891    0.4500    -240.2533  0.4370 
   00892    0.5000    -246.1116  0.4746 
   00893    0.5300    -243.2456  0.4606 
   00894    0.5300    -242.2208  0.4548 
   00895    0.4100    -250.5648  0.4839 
   00896    0.4600    -256.4772  0.4876 
   00897    0.4900    -256.5659  0.5190 
   00898    0.4600    -234.3449  0.5159 
   00899    0.5900    -218.1809  0.4513 
   00900    0.5200    -235.3751  0.4685 
   00901    0.5200    -241.8120  0.4416 
   00902    0.4500    -236.0659  0.3595 
   00903    0.4800    -228.8308  0.3482 
   00904    0.5000    -218.4187  0.3559 
   00905    0.5000    -216.9428  0.3595 
   00906    0.6300    -225.8226  0.3605 
   00907    0.4500    -218.1283  0.3266 
   00908    0.5200    -215.2610  0.3227 
   00909    0.4800    -220.1305  0.3395 
   00910    0.4600    -237.1883  0.3716 
   00911    0.4600    -226.6580  0.3392 
   00912    0.5100    -218.5571  0.2981 
   00913    0.4800    -226.7194  0.2936 
   00914    0.4700    -231.8151  0.3202 
   00915    0.4100    -209.5461  0.3586 
   00916    0.5300    -215.3543  0.3463 
   00917    0.4600    -240.3332  0.4052 
   00918    0.5100    -239.1401  0.3917 
   00919    0.5500    -212.0847  0.4193 
   00920    0.4600    -219.8603  0.4078 
   00921    0.5500    -234.0942  0.4850 
   00922    0.4400    -221.5168  0.4290 
   00923    0.5100    -199.1269  0.4750 
   00924    0.5400    -225.4239  0.4553 
   00925    0.5100    -234.1487  0.4705 
   00926    0.5200    -213.3732  0.4175 
   00927    0.4700    -204.2943  0.4546 
   00928    0.4700    -197.8838  0.5080 
   00929    0.5600    -230.4368  0.5691 
   00930    0.4800    -229.6959  0.5941 
   00931    0.5000    -230.1393  0.6513 
   00932    0.4300    -225.3071  0.6044 
   00933    0.4100    -250.3007  0.6286 
   00934    0.5200    -240.3312  0.6418 
   00935    0.4600    -242.0891  0.6409 
   00936    0.5200    -240.0840  0.6535 
   00937    0.5400    -247.1561  0.6525 
   00938    0.4400    -260.2764  0.6189 
   00939    0.4600    -265.2477  0.6443 
   00940    0.4800    -261.1079  0.6129 
   00941    0.4200    -253.5834  0.6432 
   00942    0.4800    -252.0367  0.6358 
   00943    0.4600    -246.6884  0.6294 
   00944    0.4300    -244.3190  0.6342 
   00945    0.4800    -252.6126  0.6187 
   00946    0.3800    -251.0997  0.6159 
   00947    0.4700    -248.6816  0.5662 
   00948    0.3900    -248.6947  0.5570 
   00949    0.4900    -239.7848  0.5322 
   00950    0.5300    -247.3285  0.5314 
   00951    0.4200    -245.2943  0.5036 
   00952    0.5300    -246.8476  0.5596 
   00953    0.5000    -258.4794  0.5572 
   00954    0.4800    -269.2315  0.6105 
   00955    0.4700    -258.1633  0.5798 
   00956    0.6100    -254.7985  0.5540 
   00957    0.4700    -244.1965  0.5056 
   00958    0.5300    -227.5134  0.4285 
   00959    0.4800    -231.1874  0.4258 
   00960    0.4500    -218.4083  0.3904 
   00961    0.4800    -228.0439  0.3694 
   00962    0.4600    -235.6362  0.3331 
   00963    0.5300    -228.1489  0.4229 
   00964    0.5400    -224.7545  0.4010 
   00965    0.4900    -227.3240  0.3743 
   00966    0.5200    -230.6312  0.3961 
   00967    0.5700    -223.5804  0.4033 
   00968    0.4700    -226.1766  0.3713 
   00969    0.4200    -223.5348  0.3838 
   00970    0.5000    -223.9683  0.3513 
   00971    0.5700    -222.1127  0.4249 
   00972    0.5100    -213.0739  0.4034 
   00973    0.5600    -220.8527  0.4296 
   00974    0.4800    -216.2343  0.4185 
   00975    0.5600    -209.4198  0.4280 
   00976    0.6500    -218.0719  0.4270 
   00977    0.5500    -243.5343  0.4214 
   00978    0.4500    -237.3581  0.4212 
   00979    0.5600    -235.2645  0.3530 
   00980    0.4700    -239.3891  0.3877 
   00981    0.5300    -209.5048  0.4036 
   00982    0.5700    -235.1893  0.4181 
   00983    0.5400    -235.0103  0.4198 
   00984    0.5000    -233.5699  0.4168 
   00985    0.4900    -226.6513  0.3713 
   00986    0.4700    -223.7738  0.3920 
   00987    0.4600    -239.0637  0.3820 
   00988    0.5200    -209.9507  0.3593 
   00989    0.4800    -228.1463  0.3114 
   00990    0.5400    -219.9753  0.3140 
   00991    0.5000    -223.3925  0.2775 
   00992    0.6200    -239.4307  0.2658 
   00993    0.4800    -251.1542  0.2952 
   00994    0.4900    -248.0862  0.2893 
   00995    0.5400    -232.6458  0.3115 
   00996    0.5100    -213.6374  0.3112 
   00997    0.5100    -228.6597  0.2781 
   00998    0.5500    -208.1428  0.3169 
   00999    0.4600    -224.6965  0.3422 
   01000    0.5700    -216.6517  0.3624 
