#=====================================================
# File created:        Fri-08-Mar-2024-at-05-13-07PM
# Size of lattice:     10x10
# Number of MC steps:  1000
# Reduced temperature: 1.000
# Run time (s):        12.614368
#=====================================================
# MC step:  Ratio:     Energy:   Order:
#=====================================================
   00000    0.5000     -82.3001  0.2690 
   00001    0.7300    -121.6706  0.2934 
   00002    0.6500    -167.0207  0.3149 
   00003    0.6400    -156.7217  0.2873 
   00004    0.6100    -193.8953  0.3254 
   00005    0.5100    -186.3537  0.3531 
   00006    0.5500    -199.4587  0.4058 
   00007    0.6100    -182.5802  0.4373 
   00008    0.5300    -174.3204  0.3917 
   00009    0.6100    -187.0181  0.4448 
   00010    0.6300    -193.7601  0.3770 
   00011    0.5800    -193.9537  0.4505 
   00012    0.5600    -214.9061  0.4087 
   00013    0.5100    -219.3484  0.4091 
   00014    0.5100    -225.7101  0.4170 
   00015    0.5500    -228.7673  0.3787 
   00016    0.5500    -207.4894  0.4332 
   00017    0.5300    -198.3772  0.4083 
   00018    0.5800    -222.3788  0.4258 
   00019    0.5900    -214.5839  0.3600 
   00020    0.4500    -226.6910  0.3727 
   00021    0.5600    -229.0174  0.3540 
   00022    0.4700    -240.6085  0.3829 
   00023    0.4800    -237.6507  0.3678 
   00024    0.5700    -219.8373  0.3975 
   00025    0.4700    -221.9092  0.4078 
   00026    0.4900    -234.1656  0.4338 
   00027    0.5400    -216.3104  0.4157 
   00028    0.4900    -212.1490  0.4613 
   00029    0.4300    -205.2823  0.4732 
   00030    0.5200    -209.4617  0.5064 
   00031    0.5300    -225.4271  0.5292 
   00032    0.5200    -237.1876  0.5266 
   00033    0.4000    -244.2814  0.5029 
   00034    0.5000    -255.4649  0.5631 
   00035    0.5600    -251.6862  0.5125 
   00036    0.4000    -262.2542  0.5367 
   00037    0.4400    -255.5326  0.5328 
   00038    0.4000    -251.4535  0.5056 
   00039    0.4500    -248.4977  0.4592 
   00040    0.4400    -254.8027  0.4523 
   00041    0.5200    -254.8253  0.4151 
   00042    0.5200    -218.9744  0.3962 
   00043    0.4300    -228.2343  0.3876 
   00044    0.4800    -208.6007  0.3731 
   00045    0.5500    -209.9461  0.3792 
   00046    0.6100    -228.2700  0.4236 
   00047    0.5100    -245.9893  0.4482 
   00048    0.4600    -252.2637  0.4703 
   00049    0.5200    -236.5771  0.4584 
   00050    0.5300    -233.0761  0.4312 
   00051    0.5300    -207.4341  0.4347 
   00052    0.5500    -200.4471  0.3873 
   00053    0.5700    -215.6235  0.3963 
   00054    0.6400    -218.6252  0.4456 
   00055    0.5400    -215.6691  0.4219 
   00056    0.4300    -238.3941  0.4231 
   00057    0.5600    -243.1474  0.4774 
   00058    0.4600    -244.1532  0.5032 
   00059    0.6100    -235.4219  0.4977 
   00060    0.5000    -228.1899  0.5092 
   00061    0.4300    -244.2809  0.6004 
   00062    0.4500    -239.2894  0.6105 
   00063    0.4700    -232.9418  0.6057 
   00064    0.5100    -238.8522  0.6098 
   00065    0.5200    -211.0488  0.6219 
   00066    0.5400    -212.3574  0.5933 
   00067    0.5700    -212.7854  0.5227 
   00068    0.5900    -213.5782  0.4723 
   00069    0.5400    -219.4831  0.5130 
   00070    0.4900    -211.6536  0.5320 
   00071    0.4600    -216.4403  0.5463 
   00072    0.4800    -216.0546  0.5525 
   00073    0.5100    -207.7709  0.4894 
   00074    0.6000    -195.0656  0.4399 
   00075    0.5300    -214.1177  0.5122 
   00076    0.5000    -213.4159  0.5102 
   00077    0.4800    -223.6383  0.5507 
   00078    0.4200    -225.2405  0.5774 
   00079    0.4700    -223.5732  0.5412 
   00080    0.5300    -236.8327  0.5007 
   00081    0.5000    -224.2872  0.4575 
   00082    0.5200    -253.0250  0.5079 
   00083    0.4300    -250.5839  0.5441 
   00084    0.4700    -261.1985  0.5602 
   00085    0.4400    -244.7109  0.5605 
   00086    0.4900    -231.1521  0.4946 
   00087    0.5500    -241.3941  0.5817 
   00088    0.5000    -218.3063  0.5190 
   00089    0.5500    -241.3803  0.5871 
   00090    0.4900    -261.0137  0.6087 
   00091    0.3500    -256.8936  0.6219 
   00092    0.3900    -266.3687  0.6327 
   00093    0.3800    -262.6742  0.5795 
   00094    0.5200    -256.5826  0.6275 
   00095    0.4900    -241.4223  0.5944 
   00096    0.4200    -241.4994  0.5761 
   00097    0.4400    -254.6996  0.6417 
   00098    0.4600    -241.6599  0.6408 
   00099    0.4500    -261.8011  0.6280 
   00100    0.3800    -272.9237  0.6186 
   00101    0.4200    -263.5247  0.6396 
   00102    0.5000    -257.4540  0.6272 
   00103    0.4300    -243.7668  0.5728 
   00104    0.5200    -243.9533  0.5487 
   00105    0.4300    -233.5171  0.4587 
   00106    0.5600    -235.0944  0.4711 
   00107    0.4700    -221.1003  0.5043 
   00108    0.4700    -228.8447  0.5530 
   00109    0.5500    -237.2611  0.5355 
   00110    0.3900    -248.0424  0.5989 
   00111    0.4100    -257.6628  0.5980 
   00112    0.5400    -264.5308  0.5674 
   00113    0.5300    -264.9618  0.5623 
   00114    0.4200    -255.4461  0.5416 
   00115    0.3900    -281.0997  0.6276 
   00116    0.4600    -272.3555  0.6052 
   00117    0.3900    -257.9821  0.6535 
   00118    0.4900    -256.9455  0.6662 
   00119    0.4400    -262.9060  0.6500 
   00120    0.5100    -272.7479  0.6618 
   00121    0.4100    -282.6222  0.7121 
   00122    0.3500    -280.9121  0.7213 
   00123    0.4200    -263.5685  0.7101 
   00124    0.5300    -254.9260  0.7115 
   00125    0.4900    -230.5099  0.6339 
   00126    0.5700    -236.4605  0.6386 
   00127    0.4500    -252.7432  0.6144 
   00128    0.4400    -233.9838  0.5557 
   00129    0.4900    -237.3112  0.5232 
   00130    0.5100    -245.3913  0.5168 
   00131    0.4800    -226.6808  0.5414 
   00132    0.5700    -222.8575  0.5632 
   00133    0.6100    -199.5449  0.5332 
   00134    0.6400    -210.3430  0.5099 
   00135    0.5300    -206.5298  0.4716 
   00136    0.5900    -213.0555  0.4408 
   00137    0.4200    -220.6240  0.4109 
   00138    0.4700    -214.5268  0.4323 
   00139    0.5500    -207.6499  0.4422 
   00140    0.4900    -210.9004  0.4722 
   00141    0.4800    -208.7719  0.5191 
   00142    0.5100    -219.5769  0.5462 
   00143    0.4900    -235.2494  0.5298 
   00144    0.5400    -236.0251  0.5465 
   00145    0.5700    -224.7619  0.5230 
   00146    0.4200    -235.7384  0.5555 
   00147    0.4400    -235.2071  0.5455 
   00148    0.4800    -223.9614  0.5514 
   00149    0.5000    -242.2597  0.5396 
   00150    0.6900    -222.5406  0.5448 
   00151    0.6100    -231.0736  0.5728 
   00152    0.5200    -236.8758  0.5812 
   00153    0.5600    -225.2536  0.5925 
   00154    0.5700    -219.5280  0.5890 
   00155    0.4900    -227.6284  0.5787 
   00156    0.4900    -232.5718  0.5500 
   00157    0.4300    -225.2398  0.5590 
   00158    0.5900    -203.3332  0.4598 
   00159    0.5200    -207.5315  0.5041 
   00160    0.5600    -225.7826  0.5023 
   00161    0.4500    -208.9300  0.4397 
   00162    0.5500    -223.2165  0.4668 
   00163    0.5400    -208.1083  0.4450 
   00164    0.5600    -228.6196  0.5007 
   00165    0.4800    -214.9957  0.4445 
   00166    0.6000    -218.7905  0.4695 
   00167    0.4800    -220.2667  0.4462 
   00168    0.6100    -201.1384  0.4657 
   00169    0.4400    -190.0294  0.4227 
   00170    0.6400    -186.8218  0.4096 
   00171    0.6200    -206.7386  0.4584 
   00172    0.5100    -204.0408  0.4141 
   00173    0.6800    -204.8488  0.4497 
   00174    0.5300    -208.1106  0.4497 
   00175    0.5700    -224.8677  0.5290 
   00176    0.5700    -209.0510  0.5304 
   00177    0.5600    -234.2395  0.5871 
   00178    0.4500    -233.3187  0.5532 
   00179    0.3900    -251.0960  0.5102 
   00180    0.4000    -253.3028  0.5472 
   00181    0.3900    -247.4431  0.5500 
   00182    0.5400    -249.1090  0.5552 
   00183    0.4700    -220.4097  0.5357 
   00184    0.5300    -238.9364  0.5681 
   00185    0.5600    -254.3701  0.5890 
   00186    0.4500    -265.9772  0.5901 
   00187    0.4900    -268.9199  0.5756 
   00188    0.3800    -266.3887  0.5609 
   00189    0.4600    -257.0498  0.5920 
   00190    0.4000    -257.3463  0.5768 
   00191    0.4500    -249.7119  0.5565 
   00192    0.4700    -252.2920  0.5812 
   00193    0.5100    -250.0621  0.5547 
   00194    0.4200    -268.9606  0.5797 
   00195    0.5600    -246.1275  0.4953 
   00196    0.4700    -250.5488  0.4891 
   00197    0.4700    -261.9741  0.5607 
   00198    0.5000    -248.8696  0.5090 
   00199    0.4300    -245.3720  0.5300 
   00200    0.4600    -224.3719  0.5182 
   00201    0.5400    -240.9121  0.5170 
   00202    0.5300    -233.6165  0.4791 
   00203    0.4200    -231.4298  0.5012 
   00204    0.5000    -225.8162  0.5250 
   00205    0.4800    -229.3178  0.5707 
   00206    0.5100    -218.0418  0.4689 
   00207    0.4800    -219.1415  0.4556 
   00208    0.5600    -206.8861  0.4533 
   00209    0.5300    -232.0580  0.4329 
   00210    0.5600    -240.1899  0.5038 
   00211    0.5500    -247.4592  0.5491 
   00212    0.4700    -269.7828  0.6161 
   00213    0.5000    -261.9897  0.6623 
   00214    0.4300    -250.0945  0.6438 
   00215    0.4300    -245.4652  0.6417 
   00216    0.4700    -255.9848  0.6782 
   00217    0.3700    -255.2625  0.6079 
   00218    0.4300    -260.1450  0.5845 
   00219    0.4500    -265.9412  0.6245 
   00220    0.3800    -251.4638  0.5832 
   00221    0.5000    -260.0855  0.5647 
   00222    0.4500    -238.6970  0.5315 
   00223    0.5100    -253.8760  0.5704 
   00224    0.5000    -247.0984  0.5543 
   00225    0.4700    -259.7962  0.5713 
   00226    0.4600    -274.6062  0.6140 
   00227    0.4600    -263.4155  0.6284 
   00228    0.4000    -267.0504  0.6344 
   00229    0.3600    -278.1265  0.6962 
   00230    0.4600    -256.1761  0.6810 
   00231    0.3400    -246.1734  0.6811 
   00232    0.4900    -248.0499  0.6870 
   00233    0.4400    -248.4595  0.6906 
   00234    0.4900    -260.6578  0.6858 
   00235    0.4200    -246.6764  0.6591 
   00236    0.5300    -257.2058  0.6652 
   00237    0.4600    -245.1396  0.6846 
   00238    0.5100    -270.5525  0.7232 
   00239    0.3900    -263.6607  0.7049 
   00240    0.4500    -269.1408  0.6674 
   00241    0.4700    -261.8129  0.6495 
   00242    0.4500    -273.4311  0.6881 
   00243    0.3500    -269.6157  0.6836 
   00244    0.4400    -270.5479  0.6864 
   00245    0.3900    -272.5765  0.7313 
   00246    0.4400    -261.1870  0.7003 
   00247    0.4600    -261.2413  0.7453 
   00248    0.4300    -289.4103  0.7682 
   00249    0.4500    -259.6899  0.7268 
   00250    0.4400    -272.8573  0.7552 
   00251    0.3600    -271.5446  0.7614 
   00252    0.4400    -282.6826  0.7569 
   00253    0.4900    -291.6642  0.7497 
   00254    0.3600    -284.6374  0.7190 
   00255    0.4600    -268.0646  0.6790 
   00256    0.4300    -265.8774  0.6569 
   00257    0.4400    -265.6343  0.6526 
   00258    0.4600    -259.8155  0.6198 
   00259    0.5200    -254.0193  0.6247 
   00260    0.5300    -254.2188  0.6670 
   00261    0.5000    -271.1732  0.6846 
   00262    0.4900    -254.8719  0.6636 
   00263    0.4600    -240.6913  0.6299 
   00264    0.5300    -196.8637  0.5482 
   00265    0.5800    -213.5930  0.5408 
   00266    0.4500    -222.4065  0.4960 
   00267    0.6000    -223.9395  0.5444 
   00268    0.5200    -223.4447  0.6098 
   00269    0.4800    -242.1236  0.6353 
   00270    0.4300    -243.7344  0.6313 
   00271    0.5200    -244.8575  0.6148 
   00272    0.4800    -222.4706  0.5478 
   00273    0.5100    -248.6637  0.5947 
   00274    0.4800    -243.4667  0.5816 
   00275    0.4600    -254.2116  0.6035 
   00276    0.4000    -244.5935  0.5674 
   00277    0.4500    -237.1982  0.5322 
   00278    0.4700    -225.7006  0.5044 
   00279    0.5900    -211.5028  0.4130 
   00280    0.4700    -232.2145  0.3810 
   00281    0.5100    -233.2621  0.4112 
   00282    0.4600    -234.8688  0.4439 
   00283    0.4500    -230.0691  0.4343 
   00284    0.5200    -238.9825  0.3824 
   00285    0.5400    -222.9348  0.3740 
   00286    0.5600    -226.4759  0.3799 
   00287    0.5200    -225.6923  0.3419 
   00288    0.4000    -234.9334  0.3440 
   00289    0.4400    -223.5326  0.3698 
   00290    0.5100    -223.4732  0.4418 
   00291    0.5100    -237.6438  0.4638 
   00292    0.4600    -251.9999  0.5558 
   00293    0.4300    -254.2889  0.5404 
   00294    0.4500    -248.9477  0.5285 
   00295    0.4200    -248.5002  0.5327 
   00296    0.5000    -238.6367  0.4507 
   00297    0.4400    -234.4660  0.4392 
   00298    0.5500    -231.0753  0.3813 
   00299    0.5600    -208.7776  0.4289 
   00300    0.5100    -225.4035  0.4685 
   00301    0.4800    -240.1197  0.4610 
   00302    0.4700    -259.3856  0.4653 
   00303    0.5100    -246.9338  0.4401 
   00304    0.4500    -232.6184  0.4279 
   00305    0.3900    -234.0990  0.4627 
   00306    0.5600    -236.1371  0.4969 
   00307    0.4900    -238.4346  0.4436 
   00308    0.4800    -242.6773  0.4312 
   00309    0.5800    -245.6775  0.4143 
   00310    0.4900    -237.5270  0.4855 
   00311    0.5000    -236.5098  0.4963 
   00312    0.5200    -234.7135  0.4867 
   00313    0.4800    -222.8293  0.4716 
   00314    0.5600    -254.4038  0.5372 
   00315    0.5100    -238.3645  0.4780 
   00316    0.4200    -232.5151  0.5273 
   00317    0.4800    -234.5370  0.5666 
   00318    0.4900    -241.3839  0.5800 
   00319    0.5600    -244.4273  0.5891 
   00320    0.4900    -236.0671  0.5390 
   00321    0.4300    -244.2190  0.4883 
   00322    0.5500    -243.5888  0.5669 
   00323    0.5000    -240.1520  0.6116 
   00324    0.4200    -230.4142  0.5992 
   00325    0.4800    -251.5863  0.6006 
   00326    0.5500    -253.1957  0.5952 
   00327    0.4300    -245.9118  0.6107 
   00328    0.4900    -242.9485  0.6546 
   00329    0.4300    -260.6491  0.6930 
   00330    0.4100    -253.8374  0.6803 
   00331    0.4300    -249.9399  0.6466 
   00332    0.4700    -242.3568  0.6142 
   00333    0.5300    -238.5853  0.6077 
   00334    0.4200    -241.3527  0.5902 
   00335    0.4200    -251.6462  0.5922 
   00336    0.5100    -218.1613  0.5560 
   00337    0.4600    -231.9578  0.5049 
   00338    0.4700    -239.3737  0.4655 
   00339    0.4200    -238.1636  0.4402 
   00340    0.4700    -234.6721  0.4206 
   00341    0.5300    -215.5964  0.3647 
   00342    0.5600    -213.3373  0.4021 
   00343    0.5100    -181.5576  0.4441 
   00344    0.5600    -197.6561  0.5272 
   00345    0.5400    -217.1379  0.5673 
   00346    0.5900    -201.8099  0.5653 
   00347    0.5600    -219.5324  0.6011 
   00348    0.5200    -237.0769  0.5912 
   00349    0.4400    -225.0667  0.5551 
   00350    0.5000    -223.9102  0.4824 
   00351    0.5400    -223.6699  0.4569 
   00352    0.4500    -213.5939  0.5175 
   00353    0.3900    -220.1578  0.5046 
   00354    0.4100    -233.6281  0.5516 
   00355    0.4700    -242.0238  0.5469 
   00356    0.5100    -245.6362  0.5145 
   00357    0.4200    -245.0261  0.4886 
   00358    0.3800    -246.6590  0.4890 
   00359    0.4600    -249.3722  0.5140 
   00360    0.5200    -268.8619  0.5450 
   00361    0.5100    -246.7603  0.5264 
   00362    0.4000    -217.2814  0.4865 
   00363    0.5100    -224.7557  0.5136 
   00364    0.5400    -234.7646  0.5042 
   00365    0.3500    -242.1743  0.4756 
   00366    0.4400    -231.9078  0.4944 
   00367    0.4900    -230.1316  0.4765 
   00368    0.4700    -249.3284  0.5187 
   00369    0.4000    -244.9803  0.5011 
   00370    0.4700    -243.4967  0.5207 
   00371    0.4500    -253.3106  0.5487 
   00372    0.4800    -237.2468  0.5141 
   00373    0.4600    -253.4246  0.5184 
   00374    0.4200    -251.4927  0.5186 
   00375    0.4000    -229.7137  0.4808 
   00376    0.5000    -223.7635  0.4939 
   00377    0.5100    -217.4239  0.4921 
   00378    0.5300    -210.5011  0.4838 
   00379    0.5100    -219.6564  0.5328 
   00380    0.4600    -220.6697  0.5008 
   00381    0.5200    -235.0523  0.5428 
   00382    0.5200    -243.3205  0.6335 
   00383    0.4700    -265.9938  0.7011 
   00384    0.4200    -264.5247  0.7074 
   00385    0.4500    -251.3436  0.7000 
   00386    0.5500    -229.9463  0.6519 
   00387    0.5600    -237.8959  0.6279 
   00388    0.5000    -232.3039  0.6009 
   00389    0.4700    -240.8162  0.5840 
   00390    0.5100    -236.9525  0.5312 
   00391    0.5500    -229.1442  0.5746 
   00392    0.5300    -228.0428  0.5895 
   00393    0.5000    -244.9510  0.6019 
   00394    0.5100    -242.5932  0.5658 
   00395    0.4200    -238.8369  0.5415 
   00396    0.5100    -238.2430  0.5026 
   00397    0.3900    -244.1526  0.5185 
   00398    0.4500    -242.3713  0.5454 
   00399    0.5100    -243.5235  0.5722 
   00400    0.5500    -235.0825  0.5572 
   00401    0.5000    -257.9252  0.6192 
   00402    0.5200    -253.2679  0.5625 
   00403    0.4600    -260.4648  0.5770 
   00404    0.4000    -265.9781  0.6099 
   00405    0.4700    -256.1236  0.5979 
   00406    0.4500    -257.8763  0.5756 
   00407    0.4100    -248.4346  0.5444 
   00408    0.4400    -244.6783  0.5528 
   00409    0.4800    -243.2752  0.5491 
   00410    0.4900    -241.1543  0.5297 
   00411    0.4900    -231.4982  0.5052 
   00412    0.4000    -233.7852  0.5310 
   00413    0.4800    -230.2851  0.5252 
   00414    0.5100    -211.1823  0.5423 
   00415    0.5000    -216.7893  0.5541 
   00416    0.5300    -247.6242  0.5909 
   00417    0.4500    -264.7687  0.6152 
   00418    0.4800    -260.9624  0.5844 
   00419    0.4800    -243.3887  0.5696 
   00420    0.5500    -231.0258  0.5492 
   00421    0.4800    -241.4832  0.5951 
   00422    0.4300    -260.3311  0.6612 
   00423    0.5000    -261.5805  0.6750 
   00424    0.5000    -252.2633  0.6958 
   00425    0.4800    -268.7963  0.7487 
   00426    0.4400    -282.6429  0.7577 
   00427    0.4100    -271.2207  0.7405 
   00428    0.4900    -246.6418  0.6431 
   00429    0.4700    -263.4532  0.6358 
   00430    0.5000    -262.7833  0.6628 
   00431    0.4300    -267.4297  0.6374 
   00432    0.5100    -251.6232  0.5960 
   00433    0.5000    -238.8559  0.5708 
   00434    0.4700    -232.4152  0.5532 
   00435    0.5100    -229.9262  0.5751 
   00436    0.4900    -244.6014  0.5406 
   00437    0.4900    -245.9596  0.5415 
   00438    0.4800    -234.9552  0.5322 
   00439    0.4400    -243.1325  0.5629 
   00440    0.4900    -239.5331  0.5579 
   00441    0.4500    -237.3928  0.6000 
   00442    0.5500    -212.1073  0.5541 
   00443    0.6000    -235.2918  0.6554 
   00444    0.4000    -235.9795  0.6437 
   00445    0.5200    -246.4066  0.6852 
   00446    0.4100    -254.9005  0.6732 
   00447    0.5100    -250.6660  0.6499 
   00448    0.3700    -240.7306  0.6433 
   00449    0.4700    -274.6744  0.6567 
   00450    0.4200    -281.6936  0.6730 
   00451    0.4300    -255.9396  0.6321 
   00452    0.5300    -249.9204  0.6500 
   00453    0.5100    -247.6717  0.5990 
   00454    0.5300    -245.2565  0.5939 
   00455    0.5000    -255.4197  0.6233 
   00456    0.5100    -241.2573  0.5804 
   00457    0.4800    -228.9089  0.5667 
   00458    0.4900    -238.1967  0.5324 
   00459    0.5300    -232.8872  0.5229 
   00460    0.5100    -240.7817  0.5307 
   00461    0.4300    -224.5134  0.5172 
   00462    0.4600    -223.8738  0.4774 
   00463    0.5300    -247.9136  0.5476 
   00464    0.4500    -238.7317  0.5667 
   00465    0.5300    -217.8595  0.5648 
   00466    0.5600    -210.1224  0.5134 
   00467    0.4900    -222.0657  0.5390 
   00468    0.5300    -225.9537  0.5678 
   00469    0.4400    -234.9963  0.5564 
   00470    0.5000    -219.6046  0.5659 
   00471    0.6300    -203.5134  0.5276 
   00472    0.5500    -213.4439  0.5004 
   00473    0.6000    -216.6286  0.4316 
   00474    0.4600    -211.8806  0.3991 
   00475    0.4600    -201.5373  0.4083 
   00476    0.5400    -193.2464  0.4128 
   00477    0.5200    -194.5369  0.4576 
   00478    0.5600    -223.7225  0.4769 
   00479    0.5600    -235.6450  0.4922 
   00480    0.4600    -239.4843  0.5077 
   00481    0.4900    -235.7758  0.5227 
   00482    0.5000    -223.9943  0.4499 
   00483    0.4800    -231.7708  0.4865 
   00484    0.5400    -226.2834  0.4912 
   00485    0.5600    -204.3924  0.4500 
   00486    0.5000    -232.7337  0.5153 
   00487    0.6200    -221.3232  0.4986 
   00488    0.4600    -247.5436  0.5761 
   00489    0.4500    -240.4879  0.5750 
   00490    0.4100    -235.0666  0.5490 
   00491    0.4700    -235.2986  0.5742 
   00492    0.4800    -249.1430  0.6060 
   00493    0.4200    -258.0829  0.6160 
   00494    0.4300    -258.1741  0.5943 
   00495    0.4500    -257.7313  0.6027 
   00496    0.4100    -264.4877  0.5768 
   00497    0.4300    -259.6997  0.5858 
   00498    0.4600    -265.1660  0.6226 
   00499    0.4600    -254.4356  0.5900 
   00500    0.4300    -269.9917  0.6519 
   00501    0.4100    -282.7350  0.7149 
   00502    0.4400    -268.1102  0.7003 
   00503    0.3500    -270.8752  0.6827 
   00504    0.3600    -278.3705  0.7021 
   00505    0.3800    -283.8053  0.7287 
   00506    0.3500    -277.8861  0.7108 
   00507    0.4300    -271.2227  0.7459 
   00508    0.4400    -247.5482  0.6705 
   00509    0.3800    -247.6768  0.6664 
   00510    0.4300    -248.0292  0.6564 
   00511    0.4200    -256.9940  0.6533 
   00512    0.4500    -272.4909  0.7376 
   00513    0.4400    -270.5066  0.7369 
   00514    0.4300    -259.3522  0.7087 
   00515    0.4100    -279.5231  0.7383 
   00516    0.4500    -265.6787  0.7092 
   00517    0.4400    -252.7355  0.6878 
   00518    0.4400    -248.3393  0.6816 
   00519    0.4800    -261.3925  0.6450 
   00520    0.4500    -279.4781  0.7636 
   00521    0.4100    -262.5288  0.7423 
   00522    0.4900    -274.7770  0.7711 
   00523    0.4100    -267.9397  0.7563 
   00524    0.4200    -258.8436  0.7752 
   00525    0.4000    -231.1780  0.7182 
   00526    0.4600    -267.8559  0.7481 
   00527    0.3700    -274.5299  0.7580 
   00528    0.3300    -279.5608  0.7851 
   00529    0.3500    -292.1648  0.7826 
   00530    0.3300    -287.6894  0.7745 
   00531    0.3400    -286.2481  0.7699 
   00532    0.3900    -300.4895  0.8044 
   00533    0.4100    -308.2598  0.8144 
   00534    0.4300    -284.2073  0.7854 
   00535    0.4200    -289.1168  0.7997 
   00536    0.4400    -266.0042  0.7693 
   00537    0.4100    -268.1173  0.7604 
   00538    0.4500    -263.7176  0.7155 
   00539    0.5200    -258.5891  0.7089 
   00540    0.4300    -270.2720  0.7397 
   00541    0.3700    -270.1480  0.7438 
   00542    0.4800    -267.9044  0.7280 
   00543    0.3200    -275.8460  0.7551 
   00544    0.4300    -271.5731  0.7488 
   00545    0.4900    -247.1832  0.6705 
   00546    0.4200    -257.5558  0.6542 
   00547    0.4200    -247.7473  0.5891 
   00548    0.5400    -236.8874  0.5836 
   00549    0.5000    -240.0546  0.6068 
   00550    0.5500    -229.3911  0.6408 
   00551    0.5100    -237.4047  0.6207 
   00552    0.5000    -237.4381  0.5934 
   00553    0.5100    -220.7878  0.5751 
   00554    0.5700    -205.8314  0.5673 
   00555    0.4400    -220.5868  0.6056 
   00556    0.4700    -224.9762  0.6366 
   00557    0.5100    -209.3539  0.5786 
   00558    0.6200    -221.8990  0.5734 
   00559    0.5000    -226.6824  0.5594 
   00560    0.4400    -233.4886  0.5705 
   00561    0.3900    -224.7046  0.5650 
   00562    0.4800    -238.5973  0.6243 
   00563    0.5100    -235.5469  0.6252 
   00564    0.5000    -210.9861  0.5852 
   00565    0.5100    -214.8730  0.5418 
   00566    0.4500    -246.2745  0.5950 
   00567    0.4600    -239.1289  0.5916 
   00568    0.5300    -248.3410  0.6512 
   00569    0.3500    -264.9776  0.6508 
   00570    0.3700    -272.3765  0.6880 
   00571    0.3800    -257.8106  0.7033 
   00572    0.4500    -261.9585  0.7189 
   00573    0.4900    -260.4154  0.7234 
   00574    0.4400    -251.0399  0.6478 
   00575    0.3900    -249.6274  0.6614 
   00576    0.3900    -255.4903  0.6495 
   00577    0.5900    -236.4821  0.6218 
   00578    0.4400    -244.3176  0.6182 
   00579    0.5000    -246.3408  0.5911 
   00580    0.5300    -259.7108  0.5679 
   00581    0.5600    -254.5787  0.5350 
   00582    0.4500    -249.7151  0.5391 
   00583    0.4200    -259.0040  0.5455 
   00584    0.5300    -245.8978  0.5548 
   00585    0.5300    -222.6758  0.4941 
   00586    0.4600    -213.9286  0.4581 
   00587    0.4600    -239.5700  0.5023 
   00588    0.4800    -235.1436  0.4948 
   00589    0.5100    -240.4231  0.4967 
   00590    0.4300    -233.5005  0.4790 
   00591    0.4900    -234.8099  0.5126 
   00592    0.5300    -252.6620  0.5051 
   00593    0.4800    -275.9299  0.5054 
   00594    0.4700    -248.1233  0.4389 
   00595    0.4900    -248.8621  0.3967 
   00596    0.4400    -254.2114  0.4516 
   00597    0.4600    -248.9800  0.4661 
   00598    0.4700    -246.5584  0.4317 
   00599    0.4300    -267.1480  0.4069 
   00600    0.4500    -257.8113  0.4332 
   00601    0.4600    -282.1633  0.4621 
   00602    0.5000    -276.9453  0.4948 
   00603    0.4400    -251.7070  0.4704 
   00604    0.3900    -251.3401  0.4641 
   00605    0.6200    -233.0232  0.4615 
   00606    0.4600    -244.8629  0.4006 
   00607    0.5000    -240.7752  0.4449 
   00608    0.4200    -233.9414  0.4525 
   00609    0.5000    -212.2932  0.4380 
   00610    0.5400    -222.7827  0.4326 
   00611    0.5800    -216.0325  0.4439 
   00612    0.5700    -234.7165  0.5080 
   00613    0.5200    -246.1752  0.4945 
   00614    0.4700    -253.1255  0.4921 
   00615    0.4700    -244.2940  0.5151 
   00616    0.4900    -241.5948  0.5470 
   00617    0.5200    -235.3877  0.5366 
   00618    0.5100    -231.6032  0.4676 
   00619    0.4700    -241.4212  0.4747 
   00620    0.5300    -232.0228  0.4718 
   00621    0.6800    -229.0910  0.4111 
   00622    0.4400    -252.4496  0.4062 
   00623    0.5800    -241.8249  0.3972 
   00624    0.6100    -242.3224  0.3945 
   00625    0.4300    -253.4145  0.4275 
   00626    0.4600    -250.3446  0.4445 
   00627    0.5600    -243.3929  0.4569 
   00628    0.4800    -234.3366  0.4736 
   00629    0.5500    -249.6928  0.4974 
   00630    0.4100    -260.8001  0.4719 
   00631    0.5400    -253.2719  0.4510 
   00632    0.4400    -243.9423  0.4024 
   00633    0.5400    -223.9304  0.3981 
   00634    0.5000    -232.5655  0.4012 
   00635    0.4200    -232.1510  0.4144 
   00636    0.4900    -236.6368  0.4036 
   00637    0.4700    -233.1524  0.3983 
   00638    0.5100    -211.3776  0.4026 
   00639    0.5400    -242.8736  0.4812 
   00640    0.5800    -233.0496  0.5005 
   00641    0.4100    -232.2545  0.4850 
   00642    0.4800    -226.4063  0.4976 
   00643    0.4500    -248.8550  0.5313 
   00644    0.4400    -247.9591  0.5576 
   00645    0.4900    -226.2622  0.5497 
   00646    0.5000    -247.3419  0.5265 
   00647    0.5800    -230.7504  0.5095 
   00648    0.5300    -241.0903  0.4692 
   00649    0.4500    -227.3251  0.4554 
   00650    0.4100    -226.6080  0.4350 
   00651    0.5900    -244.7190  0.5142 
   00652    0.5400    -236.9385  0.4831 
   00653    0.4500    -250.8782  0.4880 
   00654    0.4400    -232.5805  0.5026 
   00655    0.5100    -246.7309  0.5682 
   00656    0.5100    -249.8503  0.6665 
   00657    0.4100    -261.9918  0.6331 
   00658    0.4500    -247.4596  0.6269 
   00659    0.4600    -243.2876  0.6823 
   00660    0.4500    -250.6218  0.6642 
   00661    0.4700    -258.7455  0.7013 
   00662    0.4200    -277.0433  0.7279 
   00663    0.5000    -266.3194  0.7055 
   00664    0.4000    -271.1219  0.7313 
   00665    0.4400    -265.8029  0.7157 
   00666    0.3800    -272.4536  0.7386 
   00667    0.4000    -290.6588  0.6835 
   00668    0.4400    -288.9849  0.7101 
   00669    0.4500    -278.8933  0.7206 
   00670    0.5200    -276.4718  0.7444 
   00671    0.3500    -276.7907  0.7272 
   00672    0.4000    -266.0904  0.7472 
   00673    0.4800    -271.5801  0.7671 
   00674    0.4400    -263.6544  0.6952 
   00675    0.4000    -276.7569  0.7473 
   00676    0.4500    -281.9575  0.7314 
   00677    0.4400    -283.0640  0.7129 
   00678    0.3600    -272.2439  0.6963 
   00679    0.4400    -256.8859  0.6858 
   00680    0.5100    -254.6268  0.6899 
   00681    0.4800    -266.0649  0.6965 
   00682    0.4700    -266.8758  0.6775 
   00683    0.4400    -263.3623  0.6528 
   00684    0.4700    -247.9431  0.6038 
   00685    0.5000    -246.0999  0.6018 
   00686    0.5000    -257.1831  0.6421 
   00687    0.4100    -264.3822  0.6523 
   00688    0.5000    -251.6221  0.6094 
   00689    0.4100    -235.7728  0.5772 
   00690    0.4200    -251.7024  0.6066 
   00691    0.3700    -237.7284  0.5677 
   00692    0.5400    -241.3965  0.5601 
   00693    0.4800    -253.9103  0.5904 
   00694    0.5200    -256.4211  0.6552 
   00695    0.4700    -254.2179  0.6214 
   00696    0.4800    -248.8361  0.6004 
   00697    0.5500    -229.9126  0.5793 
   00698    0.4600    -212.3639  0.5729 
   00699    0.4900    -210.7680  0.5677 
   00700    0.5400    -214.3419  0.5664 
   00701    0.4700    -221.6246  0.5760 
   00702    0.5400    -204.0633  0.5552 
   00703    0.5500    -230.8846  0.5824 
   00704    0.5300    -236.7491  0.5779 
   00705    0.4600    -245.6002  0.5635 
   00706    0.4700    -249.9456  0.6060 
   00707    0.3900    -252.8410  0.6364 
   00708    0.4700    -253.1366  0.6788 
   00709    0.5000    -256.0360  0.6259 
   00710    0.4900    -233.8390  0.5900 
   00711    0.5500    -243.8498  0.5584 
   00712    0.4600    -225.2155  0.5613 
   00713    0.4600    -244.8949  0.5614 
   00714    0.4500    -232.7344  0.5592 
   00715    0.4900    -237.6587  0.4720 
   00716    0.4700    -240.4131  0.5143 
   00717    0.4800    -234.6412  0.4847 
   00718    0.4400    -232.0465  0.5516 
   00719    0.4600    -219.3842  0.5257 
   00720    0.5400    -232.2781  0.5274 
   00721    0.5400    -229.4163  0.5233 
   00722    0.5900    -223.9662  0.5688 
   00723    0.5400    -233.6602  0.5909 
   00724    0.4700    -225.8603  0.5571 
   00725    0.4300    -217.3231  0.5281 
   00726    0.5300    -231.9043  0.4988 
   00727    0.4700    -261.9660  0.5711 
   00728    0.4600    -253.5447  0.5429 
   00729    0.4300    -246.4668  0.5292 
   00730    0.4700    -243.8629  0.5106 
   00731    0.5600    -235.7939  0.4785 
   00732    0.4800    -230.8747  0.4467 
   00733    0.4800    -247.0649  0.5527 
   00734    0.4200    -240.3081  0.5553 
   00735    0.4900    -240.1956  0.5440 
   00736    0.4400    -232.3458  0.5177 
   00737    0.5100    -235.4743  0.5540 
   00738    0.3900    -240.2814  0.5432 
   00739    0.4200    -242.6439  0.6047 
   00740    0.5100    -244.9499  0.6093 
   00741    0.4400    -250.8553  0.6301 
   00742    0.5300    -244.0950  0.5975 
   00743    0.5400    -235.9856  0.6151 
   00744    0.5200    -231.7064  0.6278 
   00745    0.4600    -244.5759  0.6689 
   00746    0.4200    -260.6248  0.7232 
   00747    0.4400    -250.5257  0.7181 
   00748    0.5900    -256.4717  0.7348 
   00749    0.4400    -289.6635  0.7596 
   00750    0.3900    -280.2319  0.7350 
   00751    0.5000    -273.6501  0.7367 
   00752    0.4300    -258.1284  0.7153 
   00753    0.4200    -254.4502  0.7097 
   00754    0.3800    -263.5687  0.7068 
   00755    0.4500    -269.2787  0.7298 
   00756    0.3900    -251.0495  0.6809 
   00757    0.4100    -262.7777  0.7057 
   00758    0.3700    -279.8220  0.7325 
   00759    0.3300    -269.2153  0.7088 
   00760    0.5000    -254.7915  0.7097 
   00761    0.4800    -278.4251  0.7262 
   00762    0.4800    -263.4522  0.6758 
   00763    0.4000    -259.4495  0.6744 
   00764    0.3800    -276.0541  0.7334 
   00765    0.3600    -268.8797  0.6816 
   00766    0.4600    -263.3587  0.6813 
   00767    0.4400    -263.9408  0.6964 
   00768    0.5000    -255.4329  0.6213 
   00769    0.4800    -254.2450  0.5969 
   00770    0.4600    -245.1649  0.5522 
   00771    0.4200    -242.3182  0.6078 
   00772    0.4100    -265.5553  0.6146 
   00773    0.3600    -277.2832  0.6144 
   00774    0.4900    -265.0104  0.5733 
   00775    0.4400    -265.8145  0.6059 
   00776    0.4900    -253.3440  0.6065 
   00777    0.4300    -255.3622  0.6675 
   00778    0.4800    -244.5743  0.6306 
   00779    0.3900    -255.0034  0.6335 
   00780    0.3600    -251.6850  0.5926 
   00781    0.4700    -256.7719  0.6730 
   00782    0.4000    -250.1807  0.7149 
   00783    0.5500    -248.8831  0.7281 
   00784    0.5100    -274.0268  0.7722 
   00785    0.3900    -275.6195  0.7567 
   00786    0.5500    -258.8458  0.6972 
   00787    0.4200    -254.8716  0.6891 
   00788    0.4800    -262.3672  0.7147 
   00789    0.5000    -247.3789  0.6627 
   00790    0.5200    -232.3722  0.5971 
   00791    0.5400    -246.4683  0.5906 
   00792    0.4400    -249.1522  0.5561 
   00793    0.4800    -241.1737  0.5901 
   00794    0.5000    -229.6821  0.5846 
   00795    0.5000    -243.1670  0.5963 
   00796    0.3500    -235.4426  0.5863 
   00797    0.4700    -234.5586  0.6746 
   00798    0.5400    -263.1174  0.7316 
   00799    0.5000    -268.3574  0.7497 
   00800    0.4900    -252.8837  0.7261 
   00801    0.3700    -257.7760  0.7236 
   00802    0.5200    -285.3306  0.7617 
   00803    0.4400    -273.1733  0.7404 
   00804    0.3400    -261.6923  0.7048 
   00805    0.4500    -245.1849  0.6690 
   00806    0.5000    -238.1344  0.6205 
   00807    0.5600    -249.6295  0.6061 
   00808    0.4900    -233.5015  0.6075 
   00809    0.3700    -249.9439  0.5948 
   00810    0.4400    -242.0818  0.5335 
   00811    0.5100    -233.4374  0.5363 
   00812    0.5800    -212.1155  0.5294 
   00813    0.5500    -227.7846  0.5602 
   00814    0.5500    -218.5600  0.4943 
   00815    0.5400    -236.0291  0.5075 
   00816    0.4100    -243.9000  0.5249 
   00817    0.4100    -250.0120  0.4965 
   00818    0.4200    -232.6321  0.4464 
   00819    0.6000    -242.2231  0.4301 
   00820    0.4500    -250.3962  0.4035 
   00821    0.5300    -246.0550  0.3588 
   00822    0.4500    -250.1367  0.3703 
   00823    0.4400    -250.7732  0.3857 
   00824    0.5100    -224.2401  0.3446 
   00825    0.4700    -215.0945  0.3742 
   00826    0.5100    -228.6145  0.3678 
   00827    0.3800    -221.9525  0.3826 
   00828    0.5000    -247.3095  0.3953 
   00829    0.5100    -260.8518  0.4273 
   00830    0.5700    -254.1461  0.4037 
   00831    0.5300    -224.7268  0.4732 
   00832    0.4800    -227.3524  0.4587 
   00833    0.4900    -227.7444  0.4619 
   00834    0.4300    -241.2382  0.5010 
   00835    0.5000    -236.9528  0.5504 
   00836    0.4400    -237.0522  0.5369 
   00837    0.5500    -245.2537  0.5460 
   00838    0.4500    -235.1076  0.5107 
   00839    0.5400    -248.9485  0.5338 
   00840    0.5000    -261.4932  0.5009 
   00841    0.5100    -243.6276  0.4936 
   00842    0.4800    -244.0148  0.4769 
   00843    0.4700    -246.5883  0.5292 
   00844    0.4400    -251.8682  0.5428 
   00845    0.6200    -241.5982  0.5639 
   00846    0.3500    -262.8753  0.6258 
   00847    0.5300    -251.0133  0.5809 
   00848    0.5200    -226.4263  0.5468 
   00849    0.5000    -219.7384  0.5509 
   00850    0.4800    -232.3255  0.6040 
   00851    0.4900    -232.5062  0.5832 
   00852    0.5300    -230.9356  0.6175 
   00853    0.5400    -218.6410  0.5962 
   00854    0.5600    -219.3158  0.6115 
   00855    0.5300    -243.9897  0.6378 
   00856    0.5100    -247.5737  0.6349 
   00857    0.4100    -242.9780  0.5966 
   00858    0.3800    -254.7117  0.6119 
   00859    0.4100    -245.9252  0.5671 
   00860    0.4800    -236.9286  0.6145 
   00861    0.5100    -240.5961  0.5966 
   00862    0.5600    -241.3553  0.5900 
   00863    0.4400    -244.7977  0.6192 
   00864    0.5000    -245.6248  0.6044 
   00865    0.5300    -247.8754  0.6348 
   00866    0.4600    -261.8660  0.6379 
   00867    0.4400    -272.4767  0.6254 
   00868    0.4300    -248.8292  0.6428 
   00869    0.4300    -237.6271  0.6179 
   00870    0.4200    -256.5644  0.6145 
   00871    0.4700    -250.3355  0.6465 
   00872    0.4100    -252.6624  0.6460 
   00873    0.4500    -261.4077  0.6513 
   00874    0.5200    -250.3462  0.6396 
   00875    0.4800    -267.2999  0.6585 
   00876    0.3600    -235.6003  0.5742 
   00877    0.5400    -246.6535  0.6300 
   00878    0.4200    -265.5717  0.6715 
   00879    0.5400    -231.0757  0.6694 
   00880    0.4000    -266.1641  0.7014 
   00881    0.4800    -262.6423  0.6934 
   00882    0.4500    -266.7666  0.7050 
   00883    0.4900    -249.2175  0.6999 
   00884    0.5900    -225.3859  0.6509 
   00885    0.4800    -229.2727  0.6602 
   00886    0.4400    -253.6573  0.6961 
   00887    0.4700    -242.0527  0.6527 
   00888    0.5400    -265.4784  0.6740 
   00889    0.4500    -249.7832  0.6301 
   00890    0.5100    -254.6206  0.6809 
   00891    0.5200    -253.9547  0.6922 
   00892    0.5400    -259.9731  0.7395 
   00893    0.4900    -261.2062  0.7402 
   00894    0.4600    -279.8910  0.7803 
   00895    0.3200    -298.6668  0.8074 
   00896    0.4400    -297.9657  0.7996 
   00897    0.4300    -297.9951  0.8168 
   00898    0.3400    -292.3700  0.8105 
   00899    0.4200    -267.5991  0.7688 
   00900    0.3900    -255.4956  0.7402 
   00901    0.4900    -275.7138  0.7625 
   00902    0.3900    -265.5002  0.7357 
   00903    0.4500    -253.1963  0.7244 
   00904    0.4100    -238.9485  0.6918 
   00905    0.4900    -226.7770  0.6455 
   00906    0.5000    -243.6061  0.6441 
   00907    0.4600    -257.7010  0.6763 
   00908    0.4100    -249.4092  0.6438 
   00909    0.5300    -250.1374  0.6606 
   00910    0.4500    -273.6429  0.6980 
   00911    0.3500    -265.4225  0.6918 
   00912    0.4700    -270.5246  0.7165 
   00913    0.4300    -281.6130  0.7442 
   00914    0.3500    -262.8140  0.6940 
   00915    0.4800    -253.0726  0.6881 
   00916    0.4000    -284.0579  0.7571 
   00917    0.4400    -266.5406  0.7218 
   00918    0.4500    -267.0863  0.7280 
   00919    0.3300    -267.0729  0.7147 
   00920    0.4500    -274.4052  0.7119 
   00921    0.4300    -285.0280  0.7220 
   00922    0.3900    -291.6292  0.7256 
   00923    0.4000    -298.4512  0.7538 
   00924    0.3200    -289.9237  0.7272 
   00925    0.3500    -280.6938  0.7331 
   00926    0.3800    -264.8717  0.6818 
   00927    0.4900    -247.0813  0.6139 
   00928    0.4400    -258.4617  0.6583 
   00929    0.4400    -263.9748  0.6397 
   00930    0.4100    -251.5632  0.5933 
   00931    0.4400    -235.1731  0.6103 
   00932    0.4700    -244.0890  0.5530 
   00933    0.4300    -245.4420  0.5545 
   00934    0.4700    -225.6197  0.4863 
   00935    0.4900    -223.9477  0.4452 
   00936    0.5700    -205.5771  0.4495 
   00937    0.4900    -204.1594  0.4153 
   00938    0.6200    -182.0518  0.3632 
   00939    0.6500    -189.9828  0.3734 
   00940    0.5200    -193.2788  0.3265 
   00941    0.5400    -208.6988  0.2915 
   00942    0.5700    -221.4477  0.3413 
   00943    0.5300    -229.4734  0.3532 
   00944    0.4600    -218.1426  0.4139 
   00945    0.5100    -240.2100  0.4422 
   00946    0.5400    -240.8760  0.4910 
   00947    0.4800    -246.3139  0.4852 
   00948    0.4900    -238.9677  0.5053 
   00949    0.5600    -243.3503  0.5760 
   00950    0.4900    -239.6492  0.5311 
   00951    0.4600    -248.2777  0.5462 
   00952    0.5000    -254.9285  0.5571 
   00953    0.4900    -243.1649  0.5327 
   00954    0.4700    -235.7834  0.5133 
   00955    0.5100    -235.1948  0.5114 
   00956    0.4700    -243.6779  0.4607 
   00957    0.5300    -225.4066  0.4565 
   00958    0.4900    -205.4817  0.4459 
   00959    0.5800    -185.4138  0.3851 
   00960    0.5300    -195.0181  0.3774 
   00961    0.6100    -217.0612  0.3330 
   00962    0.6100    -211.1553  0.4235 
   00963    0.5700    -208.2834  0.4344 
   00964    0.5800    -219.0527  0.3759 
   00965    0.4900    -219.4199  0.3491 
   00966    0.5700    -209.1166  0.3563 
   00967    0.5600    -218.5954  0.3373 
   00968    0.5800    -229.7844  0.3505 
   00969    0.5300    -225.1528  0.3473 
   00970    0.5200    -219.1797  0.3928 
   00971    0.5000    -237.6410  0.4288 
   00972    0.4400    -243.0015  0.4037 
   00973    0.4500    -238.5990  0.3828 
   00974    0.4500    -227.2283  0.3389 
   00975    0.4700    -231.7445  0.3391 
   00976    0.5700    -229.2604  0.4542 
   00977    0.5900    -228.7677  0.4751 
   00978    0.4400    -228.6899  0.4518 
   00979    0.5700    -201.6798  0.4579 
   00980    0.6300    -192.9829  0.4667 
   00981    0.5500    -191.2136  0.4045 
   00982    0.6000    -213.9936  0.3717 
   00983    0.4900    -206.7131  0.3254 
   00984    0.5500    -224.4585  0.3497 
   00985    0.5400    -230.4305  0.3325 
   00986    0.4600    -236.0715  0.3596 
   00987    0.4700    -235.1695  0.3462 
   00988    0.4800    -250.9565  0.3635 
   00989    0.5400    -243.0643  0.4102 
   00990    0.4600    -227.2958  0.3984 
   00991    0.5200    -232.3505  0.4135 
   00992    0.4900    -233.4091  0.3922 
   00993    0.5200    -231.8997  0.4679 
   00994    0.4700    -250.0058  0.4705 
   00995    0.4900    -244.5968  0.4236 
   00996    0.5300    -257.0440  0.4845 
   00997    0.4100    -242.4329  0.4845 
   00998    0.5300    -231.0357  0.4531 
   00999    0.5600    -215.4696  0.4660 
   01000    0.5400    -205.0214  0.4852 
