#=====================================================
# File created:        Fri-08-Mar-2024-at-05-10-22PM
# Size of lattice:     10x10
# Number of MC steps:  1000
# Reduced temperature: 1.000
# Run time (s):        12.599550
#=====================================================
# MC step:  Ratio:     Energy:   Order:
#=====================================================
   00000    0.5000    -111.7508  0.2870 
   00001    0.6800    -169.3266  0.3789 
   00002    0.6200    -190.2732  0.3438 
   00003    0.6300    -186.4623  0.3344 
   00004    0.5300    -191.0114  0.3343 
   00005    0.5700    -186.8557  0.3159 
   00006    0.5600    -219.2177  0.3637 
   00007    0.5300    -220.7229  0.3460 
   00008    0.4600    -228.4942  0.2844 
   00009    0.5200    -230.1079  0.3354 
   00010    0.5400    -223.9439  0.3648 
   00011    0.5500    -224.1569  0.3535 
   00012    0.5000    -223.2901  0.3379 
   00013    0.5100    -236.2628  0.3137 
   00014    0.6000    -209.6956  0.2848 
   00015    0.4800    -218.5067  0.3098 
   00016    0.5400    -208.6477  0.3182 
   00017    0.4900    -198.3835  0.3741 
   00018    0.6100    -201.7344  0.3637 
   00019    0.5300    -198.5038  0.3661 
   00020    0.4800    -217.2370  0.3358 
   00021    0.5100    -220.1069  0.3634 
   00022    0.6100    -219.8398  0.3558 
   00023    0.5100    -218.7615  0.3742 
   00024    0.4800    -212.3024  0.4401 
   00025    0.5600    -227.1342  0.4198 
   00026    0.5200    -218.8072  0.4346 
   00027    0.5600    -211.4860  0.4613 
   00028    0.5200    -205.6585  0.4754 
   00029    0.4400    -227.6893  0.5253 
   00030    0.5000    -227.9071  0.5198 
   00031    0.5900    -239.7715  0.5458 
   00032    0.5200    -223.7623  0.4957 
   00033    0.5600    -213.6280  0.5106 
   00034    0.5200    -214.2932  0.5287 
   00035    0.5300    -214.6368  0.5201 
   00036    0.4700    -225.2096  0.5438 
   00037    0.4400    -262.6074  0.6068 
   00038    0.5200    -242.9215  0.6256 
   00039    0.4600    -248.7518  0.6448 
   00040    0.4100    -266.9080  0.6820 
   00041    0.5300    -259.4831  0.7176 
   00042    0.3800    -258.7750  0.6764 
   00043    0.4900    -265.1177  0.6769 
   00044    0.4600    -272.8664  0.6407 
   00045    0.5100    -262.0825  0.6087 
   00046    0.4900    -256.5638  0.6371 
   00047    0.3900    -271.4669  0.6992 
   00048    0.4600    -277.8248  0.7252 
   00049    0.3600    -284.0688  0.6803 
   00050    0.3800    -275.8618  0.6750 
   00051    0.4000    -253.4972  0.6431 
   00052    0.5000    -252.0293  0.6313 
   00053    0.5200    -250.6887  0.6064 
   00054    0.4900    -243.7294  0.5921 
   00055    0.5700    -231.7577  0.5541 
   00056    0.4800    -211.2669  0.4978 
   00057    0.5600    -190.4512  0.3826 
   00058    0.5600    -208.4315  0.4568 
   00059    0.5900    -215.5611  0.4057 
   00060    0.5800    -220.4683  0.4443 
   00061    0.4300    -227.2139  0.4989 
   00062    0.5300    -221.0896  0.5088 
   00063    0.4300    -219.4510  0.5009 
   00064    0.5000    -224.9689  0.4925 
   00065    0.4500    -230.3588  0.5237 
   00066    0.4000    -257.6468  0.5063 
   00067    0.5400    -241.9356  0.4653 
   00068    0.4900    -231.5078  0.5017 
   00069    0.4500    -245.7636  0.4970 
   00070    0.4200    -242.8279  0.4648 
   00071    0.4600    -230.5184  0.5381 
   00072    0.5200    -229.7547  0.5341 
   00073    0.5600    -217.5265  0.5628 
   00074    0.5500    -240.1746  0.6360 
   00075    0.5000    -246.2577  0.6385 
   00076    0.4100    -244.3795  0.6100 
   00077    0.4800    -229.9862  0.5659 
   00078    0.5400    -242.3753  0.5780 
   00079    0.5500    -224.4983  0.5984 
   00080    0.6000    -221.6250  0.6056 
   00081    0.5800    -183.0410  0.5052 
   00082    0.5400    -213.2528  0.4549 
   00083    0.5500    -195.5246  0.4419 
   00084    0.6000    -210.7424  0.4136 
   00085    0.6100    -220.2571  0.4501 
   00086    0.5700    -208.4074  0.4620 
   00087    0.5100    -222.3748  0.4199 
   00088    0.5700    -231.7815  0.4770 
   00089    0.4100    -229.4338  0.5306 
   00090    0.5200    -239.2981  0.5109 
   00091    0.4100    -250.4348  0.4735 
   00092    0.4300    -252.0436  0.5174 
   00093    0.4800    -257.4678  0.5390 
   00094    0.4300    -257.9052  0.5825 
   00095    0.5300    -249.6230  0.5543 
   00096    0.4900    -245.9823  0.5217 
   00097    0.5000    -241.9535  0.4946 
   00098    0.4600    -247.7186  0.4909 
   00099    0.5000    -223.2026  0.4440 
   00100    0.5900    -212.9981  0.4349 
   00101    0.5500    -213.4402  0.4013 
   00102    0.4500    -224.8580  0.3957 
   00103    0.4800    -239.3478  0.3909 
   00104    0.4900    -232.0591  0.3761 
   00105    0.5000    -234.4244  0.3562 
   00106    0.5100    -238.7447  0.3539 
   00107    0.5300    -227.3133  0.3534 
   00108    0.6400    -228.5956  0.3513 
   00109    0.5300    -219.1695  0.3869 
   00110    0.5900    -232.9686  0.3820 
   00111    0.5100    -232.4513  0.4037 
   00112    0.5000    -234.3523  0.4101 
   00113    0.4500    -233.6261  0.3887 
   00114    0.4000    -246.4102  0.4376 
   00115    0.4700    -243.5273  0.4948 
   00116    0.3600    -233.1162  0.5373 
   00117    0.5600    -215.6906  0.5539 
   00118    0.5400    -221.3571  0.5648 
   00119    0.4800    -236.5256  0.5854 
   00120    0.4100    -235.9893  0.5900 
   00121    0.5000    -232.8353  0.5916 
   00122    0.5000    -238.1587  0.4899 
   00123    0.4900    -246.6396  0.5081 
   00124    0.4900    -276.0473  0.4913 
   00125    0.4300    -248.8342  0.4492 
   00126    0.4300    -261.3957  0.5088 
   00127    0.5000    -269.6182  0.5241 
   00128    0.4800    -260.6689  0.5251 
   00129    0.4700    -251.1570  0.4685 
   00130    0.4600    -249.2212  0.4921 
   00131    0.4100    -230.3481  0.4959 
   00132    0.4300    -231.5679  0.5444 
   00133    0.4600    -248.1815  0.6206 
   00134    0.5200    -255.8747  0.6317 
   00135    0.5500    -263.9243  0.6395 
   00136    0.4100    -248.8123  0.6599 
   00137    0.5000    -266.4092  0.6868 
   00138    0.3500    -255.7409  0.6497 
   00139    0.5400    -264.8200  0.6674 
   00140    0.5300    -260.9332  0.6355 
   00141    0.4300    -268.6743  0.6328 
   00142    0.3800    -264.9932  0.5781 
   00143    0.5000    -274.8208  0.6448 
   00144    0.4700    -264.4700  0.6074 
   00145    0.4800    -261.5817  0.6372 
   00146    0.4200    -272.8602  0.6649 
   00147    0.4200    -262.7316  0.6253 
   00148    0.4300    -258.7123  0.6288 
   00149    0.5200    -216.9482  0.5941 
   00150    0.4800    -225.7512  0.5942 
   00151    0.4800    -223.4660  0.5858 
   00152    0.5100    -240.5004  0.6384 
   00153    0.3900    -241.5676  0.6173 
   00154    0.4500    -235.8252  0.5817 
   00155    0.5500    -229.2542  0.5244 
   00156    0.5300    -243.2758  0.5511 
   00157    0.4700    -240.5150  0.5860 
   00158    0.4200    -248.8912  0.6179 
   00159    0.5100    -245.1065  0.6363 
   00160    0.5500    -246.8813  0.5926 
   00161    0.5000    -235.7932  0.6094 
   00162    0.4000    -236.6134  0.6061 
   00163    0.5500    -226.1967  0.5893 
   00164    0.4900    -240.9294  0.6505 
   00165    0.4700    -249.5407  0.6584 
   00166    0.4100    -245.2539  0.5900 
   00167    0.4800    -239.4620  0.5331 
   00168    0.5500    -227.8529  0.6221 
   00169    0.6100    -234.9304  0.6635 
   00170    0.4400    -277.8795  0.7434 
   00171    0.5100    -257.7499  0.7159 
   00172    0.4500    -240.4987  0.6296 
   00173    0.4800    -258.3520  0.6710 
   00174    0.4400    -264.7485  0.6920 
   00175    0.4600    -265.5403  0.6927 
   00176    0.3400    -270.5966  0.7004 
   00177    0.4600    -254.1030  0.6623 
   00178    0.3700    -258.3208  0.6479 
   00179    0.5100    -254.9788  0.6386 
   00180    0.4300    -260.9965  0.6127 
   00181    0.4400    -263.8395  0.6425 
   00182    0.4400    -260.4544  0.6647 
   00183    0.5300    -254.5258  0.6385 
   00184    0.5500    -247.3510  0.6535 
   00185    0.4600    -242.4237  0.6347 
   00186    0.4900    -260.6070  0.6355 
   00187    0.5000    -264.8446  0.6235 
   00188    0.4900    -287.0619  0.6023 
   00189    0.4000    -280.2549  0.5891 
   00190    0.4200    -266.5932  0.5709 
   00191    0.5700    -250.5461  0.5897 
   00192    0.4900    -240.5388  0.5623 
   00193    0.4500    -231.3172  0.5282 
   00194    0.4600    -243.5666  0.5646 
   00195    0.4600    -236.1071  0.5556 
   00196    0.5100    -248.1344  0.5841 
   00197    0.5000    -243.6534  0.5899 
   00198    0.5000    -249.1636  0.5817 
   00199    0.5100    -252.8158  0.5447 
   00200    0.4400    -253.0330  0.5771 
   00201    0.4900    -246.7725  0.5659 
   00202    0.4600    -236.7937  0.5247 
   00203    0.4400    -249.7724  0.5217 
   00204    0.4900    -239.1684  0.4894 
   00205    0.5900    -228.9192  0.4955 
   00206    0.4400    -229.6777  0.4702 
   00207    0.4200    -223.0513  0.4929 
   00208    0.4100    -210.2394  0.4659 
   00209    0.5100    -220.8399  0.5127 
   00210    0.6300    -225.2062  0.5453 
   00211    0.5800    -208.6117  0.4747 
   00212    0.5500    -208.0305  0.3589 
   00213    0.5000    -202.6935  0.3517 
   00214    0.5900    -192.3864  0.3310 
   00215    0.6600    -202.3469  0.2752 
   00216    0.5300    -213.1428  0.3149 
   00217    0.4900    -220.0331  0.3637 
   00218    0.5600    -210.5680  0.3798 
   00219    0.5600    -195.1892  0.3721 
   00220    0.6400    -184.5839  0.4389 
   00221    0.5600    -184.5035  0.4659 
   00222    0.5700    -200.7319  0.4441 
   00223    0.6600    -225.0960  0.4765 
   00224    0.4800    -207.2608  0.4607 
   00225    0.5100    -224.6062  0.4677 
   00226    0.5100    -235.0354  0.4494 
   00227    0.4600    -240.0772  0.4004 
   00228    0.4800    -223.0723  0.4027 
   00229    0.6000    -201.8827  0.3357 
   00230    0.5300    -193.2468  0.3176 
   00231    0.5900    -201.2020  0.3085 
   00232    0.5300    -222.8936  0.3371 
   00233    0.5100    -228.7243  0.3065 
   00234    0.5100    -231.8314  0.2936 
   00235    0.4900    -230.0192  0.3126 
   00236    0.5400    -231.1174  0.2870 
   00237    0.5200    -218.4306  0.2878 
   00238    0.5600    -222.0857  0.2829 
   00239    0.4500    -227.3181  0.2822 
   00240    0.4700    -223.8564  0.3252 
   00241    0.5800    -207.8485  0.2841 
   00242    0.4300    -224.4063  0.2819 
   00243    0.5700    -192.3405  0.2991 
   00244    0.6000    -198.7895  0.3708 
   00245    0.5400    -214.5474  0.4382 
   00246    0.5600    -222.2819  0.4725 
   00247    0.5500    -220.9184  0.5119 
   00248    0.5100    -213.0120  0.5188 
   00249    0.5000    -207.9782  0.4953 
   00250    0.5800    -205.2908  0.5616 
   00251    0.5100    -219.4613  0.5722 
   00252    0.6000    -214.8477  0.5213 
   00253    0.4900    -250.2826  0.5192 
   00254    0.4800    -242.4865  0.5031 
   00255    0.4900    -241.7783  0.4636 
   00256    0.4300    -225.1146  0.4770 
   00257    0.5300    -230.8657  0.5283 
   00258    0.4700    -229.3193  0.5905 
   00259    0.4300    -225.2198  0.6120 
   00260    0.4800    -240.5137  0.5533 
   00261    0.4300    -251.1904  0.5980 
   00262    0.4800    -252.8391  0.6054 
   00263    0.4900    -257.0762  0.5393 
   00264    0.4800    -251.4204  0.5805 
   00265    0.5100    -241.7849  0.5831 
   00266    0.4600    -246.4939  0.5589 
   00267    0.5100    -249.5804  0.5655 
   00268    0.4100    -245.9885  0.5635 
   00269    0.4000    -248.6619  0.5391 
   00270    0.4600    -245.3707  0.5608 
   00271    0.4600    -247.6915  0.5772 
   00272    0.5500    -255.5425  0.6402 
   00273    0.4000    -265.6093  0.7124 
   00274    0.4000    -267.8515  0.7608 
   00275    0.4200    -246.6703  0.7091 
   00276    0.4700    -245.4782  0.6561 
   00277    0.5600    -241.9965  0.6551 
   00278    0.5100    -235.3262  0.6541 
   00279    0.4800    -241.5452  0.6606 
   00280    0.4100    -255.5872  0.6553 
   00281    0.4700    -226.2581  0.6345 
   00282    0.5500    -233.9055  0.6129 
   00283    0.5400    -239.4323  0.6448 
   00284    0.5300    -235.0840  0.6437 
   00285    0.5000    -205.3527  0.5697 
   00286    0.5600    -216.8481  0.5467 
   00287    0.5400    -225.0259  0.6114 
   00288    0.4200    -209.8196  0.5532 
   00289    0.5900    -201.8538  0.5603 
   00290    0.5700    -235.5655  0.6144 
   00291    0.5400    -234.8489  0.5445 
   00292    0.4900    -232.7567  0.5997 
   00293    0.5000    -232.3473  0.6213 
   00294    0.4600    -249.5075  0.5906 
   00295    0.5400    -240.5540  0.5934 
   00296    0.5100    -253.4855  0.6431 
   00297    0.3900    -247.8888  0.6687 
   00298    0.4500    -243.5801  0.6222 
   00299    0.5000    -248.0665  0.6448 
   00300    0.4400    -240.2153  0.6444 
   00301    0.5500    -268.3363  0.7198 
   00302    0.4300    -267.4517  0.6941 
   00303    0.4400    -250.1151  0.6807 
   00304    0.5000    -263.2497  0.6625 
   00305    0.4600    -246.3236  0.6387 
   00306    0.5000    -234.1906  0.5798 
   00307    0.6000    -245.9026  0.6159 
   00308    0.5100    -239.6568  0.6606 
   00309    0.5600    -242.8935  0.6354 
   00310    0.4600    -266.6710  0.6674 
   00311    0.4900    -247.2437  0.6534 
   00312    0.4800    -237.0205  0.6274 
   00313    0.4700    -237.7210  0.6402 
   00314    0.5500    -241.3117  0.5973 
   00315    0.5100    -243.0507  0.5951 
   00316    0.5000    -235.0022  0.5445 
   00317    0.4800    -233.3828  0.5872 
   00318    0.3900    -229.9198  0.6211 
   00319    0.5200    -256.6402  0.5736 
   00320    0.5200    -229.7991  0.5362 
   00321    0.3900    -242.6064  0.5622 
   00322    0.4300    -247.2096  0.5542 
   00323    0.5000    -229.0899  0.5374 
   00324    0.5300    -233.4574  0.5249 
   00325    0.5100    -235.4534  0.5283 
   00326    0.3900    -240.2997  0.5382 
   00327    0.5100    -251.6089  0.5721 
   00328    0.4300    -261.7974  0.5941 
   00329    0.5700    -256.4684  0.5606 
   00330    0.4400    -250.4576  0.5496 
   00331    0.4200    -249.2385  0.5403 
   00332    0.4900    -236.0947  0.4900 
   00333    0.5800    -220.1737  0.5368 
   00334    0.4800    -245.0106  0.5558 
   00335    0.4300    -238.8178  0.5274 
   00336    0.5000    -261.1975  0.6191 
   00337    0.4700    -251.5316  0.6238 
   00338    0.5700    -263.1589  0.6575 
   00339    0.4000    -273.5650  0.6238 
   00340    0.4300    -257.2893  0.6278 
   00341    0.4700    -255.2982  0.6423 
   00342    0.4700    -253.7874  0.6386 
   00343    0.4400    -249.7234  0.6152 
   00344    0.4500    -279.9698  0.6494 
   00345    0.4800    -256.5892  0.6119 
   00346    0.4800    -245.3152  0.5981 
   00347    0.4500    -261.0418  0.6018 
   00348    0.4300    -255.3762  0.5880 
   00349    0.4600    -261.2218  0.6184 
   00350    0.4200    -259.1347  0.6261 
   00351    0.5300    -255.2578  0.6728 
   00352    0.5900    -220.6730  0.6257 
   00353    0.5000    -197.6474  0.5791 
   00354    0.5700    -205.5263  0.5342 
   00355    0.5400    -208.0005  0.5561 
   00356    0.5700    -216.8457  0.5707 
   00357    0.5500    -197.0939  0.5184 
   00358    0.5900    -196.8353  0.4998 
   00359    0.5600    -210.4502  0.5080 
   00360    0.6200    -213.0430  0.4847 
   00361    0.5300    -215.8418  0.5318 
   00362    0.5700    -218.6696  0.5530 
   00363    0.5600    -221.1818  0.5585 
   00364    0.6000    -228.0782  0.5604 
   00365    0.5300    -223.6087  0.5177 
   00366    0.4600    -219.7595  0.5947 
   00367    0.4900    -232.3806  0.5886 
   00368    0.4500    -240.8951  0.5903 
   00369    0.4600    -240.5986  0.5809 
   00370    0.4800    -253.3333  0.5244 
   00371    0.4300    -259.9446  0.5077 
   00372    0.4200    -255.9795  0.5294 
   00373    0.4800    -248.1764  0.5907 
   00374    0.3500    -262.8903  0.6426 
   00375    0.4800    -250.0507  0.6723 
   00376    0.3900    -266.4547  0.6435 
   00377    0.4700    -267.4803  0.7021 
   00378    0.4800    -275.6719  0.7008 
   00379    0.4400    -271.1135  0.6650 
   00380    0.4300    -267.9570  0.7152 
   00381    0.5000    -263.8724  0.7330 
   00382    0.4500    -254.7683  0.6905 
   00383    0.4300    -274.1888  0.7477 
   00384    0.4600    -283.1994  0.7219 
   00385    0.4400    -292.0532  0.7559 
   00386    0.4300    -279.8354  0.7116 
   00387    0.5200    -256.9014  0.6793 
   00388    0.4200    -251.1333  0.6711 
   00389    0.4900    -276.4502  0.7234 
   00390    0.4600    -295.6758  0.7353 
   00391    0.4000    -257.3198  0.6660 
   00392    0.4700    -274.1364  0.7079 
   00393    0.4300    -274.8646  0.6959 
   00394    0.4600    -288.1535  0.6966 
   00395    0.3300    -273.9500  0.6697 
   00396    0.4000    -270.0913  0.6872 
   00397    0.4800    -243.2889  0.6484 
   00398    0.4000    -259.8822  0.6895 
   00399    0.4500    -255.1543  0.6706 
   00400    0.5200    -232.7126  0.6539 
   00401    0.4900    -247.1137  0.6770 
   00402    0.4400    -239.9118  0.6160 
   00403    0.4100    -262.0297  0.6435 
   00404    0.5200    -236.9871  0.5997 
   00405    0.5900    -244.4300  0.6760 
   00406    0.5300    -258.7598  0.6300 
   00407    0.5800    -248.6245  0.6385 
   00408    0.4700    -248.4700  0.6118 
   00409    0.4900    -262.9643  0.5836 
   00410    0.4700    -240.3946  0.6082 
   00411    0.3800    -236.3864  0.5329 
   00412    0.4500    -224.3012  0.5024 
   00413    0.5100    -233.3172  0.4908 
   00414    0.5500    -227.7149  0.4619 
   00415    0.5400    -235.3960  0.5197 
   00416    0.5500    -220.7313  0.4494 
   00417    0.5100    -226.7110  0.4767 
   00418    0.5900    -222.3648  0.5102 
   00419    0.5300    -235.4137  0.5745 
   00420    0.5000    -227.0655  0.5772 
   00421    0.5100    -223.8888  0.5556 
   00422    0.5900    -247.9925  0.5756 
   00423    0.5100    -239.1515  0.5219 
   00424    0.4500    -228.4751  0.4997 
   00425    0.5000    -221.1512  0.4622 
   00426    0.4900    -225.6660  0.4387 
   00427    0.5700    -197.4170  0.4165 
   00428    0.5200    -216.4171  0.4326 
   00429    0.6000    -208.8708  0.3870 
   00430    0.6000    -221.9622  0.3883 
   00431    0.5200    -226.3628  0.4593 
   00432    0.5300    -236.5059  0.4397 
   00433    0.5400    -229.8686  0.4798 
   00434    0.3700    -239.6377  0.4969 
   00435    0.5000    -247.1585  0.4205 
   00436    0.4800    -228.7848  0.4522 
   00437    0.4900    -218.0374  0.4577 
   00438    0.5900    -216.7350  0.4624 
   00439    0.5400    -205.7640  0.4136 
   00440    0.5000    -192.2983  0.4006 
   00441    0.5400    -205.8769  0.3621 
   00442    0.5500    -218.3243  0.4067 
   00443    0.5800    -216.4362  0.4246 
   00444    0.5200    -225.8773  0.3335 
   00445    0.4600    -225.5961  0.3773 
   00446    0.4600    -226.1889  0.2937 
   00447    0.4400    -237.4658  0.2745 
   00448    0.4200    -242.7719  0.3011 
   00449    0.4500    -237.8389  0.3086 
   00450    0.5600    -226.5414  0.3106 
   00451    0.5300    -232.7055  0.3663 
   00452    0.5100    -232.7591  0.3277 
   00453    0.5300    -252.3670  0.3548 
   00454    0.5000    -245.6793  0.3191 
   00455    0.4700    -237.3450  0.3669 
   00456    0.5300    -245.7402  0.3696 
   00457    0.3900    -234.2354  0.3874 
   00458    0.5000    -239.0519  0.3577 
   00459    0.5400    -237.8055  0.4142 
   00460    0.5500    -206.1864  0.3719 
   00461    0.5600    -201.6281  0.4120 
   00462    0.6100    -206.6944  0.3252 
   00463    0.4900    -219.2532  0.3620 
   00464    0.4800    -218.6077  0.3886 
   00465    0.5100    -224.2679  0.3688 
   00466    0.5400    -225.1931  0.3564 
   00467    0.4800    -227.4313  0.3587 
   00468    0.5100    -207.2362  0.3549 
   00469    0.4500    -219.1427  0.2837 
   00470    0.5200    -234.9027  0.3204 
   00471    0.4600    -240.6446  0.3202 
   00472    0.4100    -222.2602  0.3565 
   00473    0.4400    -231.6186  0.4015 
   00474    0.4600    -235.4697  0.4761 
   00475    0.4400    -238.3548  0.5422 
   00476    0.5200    -230.7745  0.4883 
   00477    0.5500    -234.3547  0.4806 
   00478    0.5000    -253.8261  0.4600 
   00479    0.5200    -257.4592  0.5114 
   00480    0.5500    -242.2874  0.4878 
   00481    0.5100    -255.0267  0.4607 
   00482    0.4300    -259.5022  0.4583 
   00483    0.4200    -239.7937  0.4461 
   00484    0.5700    -218.8744  0.4792 
   00485    0.4900    -204.6339  0.4891 
   00486    0.5400    -230.8963  0.4830 
   00487    0.3900    -245.9172  0.5603 
   00488    0.5100    -239.9048  0.5706 
   00489    0.4100    -250.3166  0.5506 
   00490    0.4100    -241.4054  0.5664 
   00491    0.4900    -247.3666  0.5626 
   00492    0.5400    -236.6065  0.5143 
   00493    0.5500    -225.3141  0.5351 
   00494    0.6100    -228.6522  0.5197 
   00495    0.4700    -239.1364  0.5646 
   00496    0.4500    -249.1359  0.5327 
   00497    0.4100    -253.4223  0.5357 
   00498    0.5500    -237.7347  0.5980 
   00499    0.4100    -245.6051  0.6351 
   00500    0.4200    -246.4106  0.6300 
   00501    0.4100    -256.4903  0.6499 
   00502    0.5000    -234.2505  0.6223 
   00503    0.5000    -251.9956  0.6705 
   00504    0.4500    -238.8438  0.6301 
   00505    0.4600    -254.1197  0.6391 
   00506    0.3500    -266.5288  0.6442 
   00507    0.5500    -269.7754  0.6449 
   00508    0.4400    -249.2962  0.6719 
   00509    0.4500    -267.4151  0.6860 
   00510    0.4400    -288.3151  0.7394 
   00511    0.3900    -279.9313  0.6921 
   00512    0.4400    -271.6243  0.6677 
   00513    0.4800    -278.2090  0.7080 
   00514    0.3400    -282.0328  0.7290 
   00515    0.4100    -282.3154  0.7435 
   00516    0.3700    -305.9365  0.8024 
   00517    0.3700    -300.4975  0.7826 
   00518    0.3600    -283.8435  0.7490 
   00519    0.4100    -261.1765  0.7150 
   00520    0.5600    -253.5994  0.7045 
   00521    0.5300    -236.6142  0.6937 
   00522    0.4000    -247.9593  0.6956 
   00523    0.4500    -250.5134  0.6775 
   00524    0.3800    -260.0841  0.6903 
   00525    0.4100    -245.6176  0.6764 
   00526    0.4100    -241.0810  0.6905 
   00527    0.4500    -248.0661  0.6915 
   00528    0.4500    -235.4004  0.6173 
   00529    0.4800    -249.9019  0.6335 
   00530    0.4400    -234.9107  0.6006 
   00531    0.5200    -243.5123  0.6235 
   00532    0.4800    -223.1844  0.5281 
   00533    0.5500    -215.4102  0.4443 
   00534    0.5000    -238.0078  0.5117 
   00535    0.4600    -241.2001  0.4594 
   00536    0.4600    -239.8284  0.5245 
   00537    0.4500    -238.8734  0.5276 
   00538    0.5400    -224.0915  0.5326 
   00539    0.4900    -217.4824  0.5056 
   00540    0.5800    -230.0430  0.4999 
   00541    0.5000    -212.7156  0.4725 
   00542    0.5400    -220.7237  0.4813 
   00543    0.4600    -222.2191  0.4580 
   00544    0.4300    -227.5070  0.5012 
   00545    0.5100    -248.4570  0.5587 
   00546    0.5200    -226.1194  0.5442 
   00547    0.6200    -202.3627  0.4719 
   00548    0.5900    -220.4486  0.5116 
   00549    0.4900    -225.5749  0.5203 
   00550    0.5100    -236.5872  0.5210 
   00551    0.4900    -236.8064  0.5255 
   00552    0.5500    -247.8552  0.4739 
   00553    0.5200    -238.8571  0.5138 
   00554    0.4800    -224.1708  0.5113 
   00555    0.4600    -238.4498  0.4738 
   00556    0.5000    -242.3613  0.5011 
   00557    0.4600    -243.7301  0.5230 
   00558    0.4300    -258.2016  0.5636 
   00559    0.4500    -268.9532  0.5804 
   00560    0.4800    -254.4919  0.6017 
   00561    0.5100    -227.7314  0.5383 
   00562    0.5100    -222.6375  0.5018 
   00563    0.4800    -219.6932  0.4834 
   00564    0.5100    -216.2327  0.4994 
   00565    0.5200    -221.7579  0.5484 
   00566    0.5000    -210.3775  0.5139 
   00567    0.5200    -221.0115  0.5626 
   00568    0.5500    -199.9373  0.5294 
   00569    0.4500    -222.2013  0.5634 
   00570    0.4900    -228.9854  0.5927 
   00571    0.5800    -238.5462  0.5650 
   00572    0.5200    -233.3959  0.6136 
   00573    0.5600    -245.6481  0.6726 
   00574    0.4800    -264.7233  0.6854 
   00575    0.4500    -263.3630  0.6762 
   00576    0.4500    -282.4469  0.7008 
   00577    0.4800    -277.7431  0.6544 
   00578    0.4600    -262.2271  0.6441 
   00579    0.3800    -265.3235  0.6601 
   00580    0.3900    -259.4784  0.6433 
   00581    0.4900    -242.4699  0.6581 
   00582    0.4500    -256.6383  0.6941 
   00583    0.3500    -252.9912  0.6956 
   00584    0.4000    -251.6290  0.6693 
   00585    0.5200    -247.1165  0.6224 
   00586    0.4100    -256.6089  0.6291 
   00587    0.4100    -248.0608  0.5859 
   00588    0.4600    -222.8424  0.5597 
   00589    0.5300    -243.3453  0.6403 
   00590    0.5200    -240.7456  0.5978 
   00591    0.4800    -247.5996  0.6270 
   00592    0.4400    -253.2400  0.6047 
   00593    0.4700    -243.9406  0.6050 
   00594    0.4400    -260.1320  0.6514 
   00595    0.3600    -262.0804  0.6757 
   00596    0.4900    -258.3460  0.6801 
   00597    0.5200    -254.3146  0.6851 
   00598    0.4600    -262.3306  0.6757 
   00599    0.4100    -262.1105  0.6791 
   00600    0.4400    -263.7121  0.6919 
   00601    0.3800    -271.8839  0.7203 
   00602    0.4100    -259.2866  0.6755 
   00603    0.4700    -270.7047  0.6600 
   00604    0.4800    -245.6257  0.5957 
   00605    0.4300    -235.2761  0.5656 
   00606    0.4500    -260.5503  0.5937 
   00607    0.4600    -232.5431  0.5142 
   00608    0.4600    -238.0586  0.5498 
   00609    0.5600    -245.4982  0.6532 
   00610    0.4700    -242.3848  0.6583 
   00611    0.4800    -235.8341  0.6527 
   00612    0.3900    -250.7235  0.6834 
   00613    0.4000    -254.7692  0.7060 
   00614    0.4700    -253.6287  0.6934 
   00615    0.3800    -240.5325  0.6763 
   00616    0.4600    -258.4428  0.7345 
   00617    0.4100    -268.9042  0.7377 
   00618    0.3900    -257.3987  0.7332 
   00619    0.4400    -273.9306  0.7589 
   00620    0.4600    -271.8017  0.7152 
   00621    0.4500    -272.2451  0.7125 
   00622    0.4200    -270.9895  0.7138 
   00623    0.4500    -248.2398  0.6552 
   00624    0.4700    -265.1676  0.7126 
   00625    0.5200    -250.7139  0.6932 
   00626    0.4900    -246.1368  0.7165 
   00627    0.4200    -270.0534  0.7268 
   00628    0.4400    -266.1157  0.7172 
   00629    0.5100    -261.2088  0.7066 
   00630    0.5100    -261.0837  0.6997 
   00631    0.3500    -255.6854  0.6574 
   00632    0.4900    -264.8003  0.6583 
   00633    0.4500    -249.9221  0.6177 
   00634    0.4600    -261.4251  0.6734 
   00635    0.2600    -254.5081  0.6204 
   00636    0.4500    -258.4016  0.6324 
   00637    0.5100    -268.3404  0.6258 
   00638    0.4600    -262.5044  0.5922 
   00639    0.4900    -277.7009  0.5698 
   00640    0.5200    -235.6903  0.4991 
   00641    0.4500    -219.8516  0.5159 
   00642    0.4500    -214.7173  0.4727 
   00643    0.4700    -195.7937  0.4551 
   00644    0.5600    -201.8074  0.4403 
   00645    0.5100    -220.3742  0.4521 
   00646    0.5400    -213.7822  0.4430 
   00647    0.5200    -233.3574  0.4411 
   00648    0.5400    -230.0178  0.4158 
   00649    0.4200    -225.5320  0.3974 
   00650    0.4800    -230.7942  0.4427 
   00651    0.5200    -234.2094  0.4000 
   00652    0.5100    -226.5021  0.4303 
   00653    0.4600    -224.7535  0.4576 
   00654    0.4900    -225.4112  0.4736 
   00655    0.5400    -199.7911  0.5244 
   00656    0.5000    -210.5803  0.5613 
   00657    0.5300    -234.7141  0.5400 
   00658    0.4600    -240.8844  0.5198 
   00659    0.4700    -231.5712  0.5337 
   00660    0.3700    -230.2576  0.5700 
   00661    0.6000    -248.0099  0.6007 
   00662    0.4700    -233.4686  0.5414 
   00663    0.4700    -240.9152  0.5706 
   00664    0.5200    -264.9107  0.5671 
   00665    0.4300    -258.2296  0.5973 
   00666    0.4600    -249.4116  0.5492 
   00667    0.4600    -251.6924  0.5443 
   00668    0.4800    -236.3515  0.4923 
   00669    0.5200    -246.4333  0.5467 
   00670    0.4300    -257.7252  0.5899 
   00671    0.4000    -266.1313  0.5995 
   00672    0.5100    -246.0604  0.5726 
   00673    0.4600    -264.1196  0.5450 
   00674    0.3500    -245.1600  0.5427 
   00675    0.4900    -234.6639  0.4526 
   00676    0.4300    -230.5284  0.4287 
   00677    0.4700    -230.3564  0.3999 
   00678    0.5900    -214.4164  0.3954 
   00679    0.5700    -213.3420  0.4686 
   00680    0.5900    -224.2684  0.4712 
   00681    0.4700    -226.3239  0.4927 
   00682    0.5100    -236.2333  0.4623 
   00683    0.4700    -253.4854  0.5065 
   00684    0.4300    -244.7875  0.4977 
   00685    0.5200    -244.4249  0.5666 
   00686    0.5200    -256.0444  0.5920 
   00687    0.4400    -260.6949  0.5875 
   00688    0.5000    -254.1415  0.5744 
   00689    0.5000    -236.4923  0.5711 
   00690    0.5100    -234.7536  0.5508 
   00691    0.5300    -222.4767  0.4650 
   00692    0.5700    -205.9534  0.4811 
   00693    0.4200    -220.4112  0.4656 
   00694    0.5300    -216.8358  0.4399 
   00695    0.5100    -212.6452  0.4767 
   00696    0.4800    -235.2035  0.5264 
   00697    0.5000    -254.1063  0.6491 
   00698    0.4300    -239.1525  0.6293 
   00699    0.4600    -267.6247  0.6757 
   00700    0.4900    -252.8107  0.6363 
   00701    0.5000    -254.4917  0.6210 
   00702    0.4800    -246.7120  0.6204 
   00703    0.4600    -232.0770  0.6056 
   00704    0.5200    -221.2948  0.5494 
   00705    0.4900    -229.1428  0.5613 
   00706    0.5100    -217.9145  0.5109 
   00707    0.5700    -218.3969  0.5285 
   00708    0.4800    -232.2679  0.5465 
   00709    0.4700    -236.6267  0.5680 
   00710    0.4400    -228.6716  0.5819 
   00711    0.3900    -225.5389  0.6143 
   00712    0.4600    -242.5063  0.6358 
   00713    0.5100    -227.1317  0.5969 
   00714    0.5300    -239.5585  0.5794 
   00715    0.4300    -247.5871  0.5481 
   00716    0.4500    -251.6867  0.5983 
   00717    0.4100    -241.4722  0.6137 
   00718    0.4100    -224.4771  0.6256 
   00719    0.4400    -234.0440  0.6196 
   00720    0.4300    -241.7661  0.5816 
   00721    0.4800    -205.4861  0.4999 
   00722    0.5300    -206.4893  0.4629 
   00723    0.6600    -201.5255  0.4128 
   00724    0.5800    -214.2875  0.4500 
   00725    0.5500    -211.3872  0.4563 
   00726    0.5100    -216.0009  0.5230 
   00727    0.5100    -197.8341  0.5520 
   00728    0.5400    -227.9373  0.5205 
   00729    0.4900    -231.9489  0.4615 
   00730    0.5200    -235.0220  0.4890 
   00731    0.4700    -247.6272  0.4730 
   00732    0.4700    -249.6554  0.5430 
   00733    0.5700    -247.4302  0.5736 
   00734    0.4400    -239.1875  0.6154 
   00735    0.5000    -239.5668  0.6264 
   00736    0.4100    -239.7591  0.5985 
   00737    0.5600    -253.0272  0.6576 
   00738    0.4000    -261.7960  0.6899 
   00739    0.5200    -259.3051  0.6843 
   00740    0.5200    -241.4568  0.6541 
   00741    0.4100    -241.9298  0.6324 
   00742    0.4400    -248.4626  0.6470 
   00743    0.5000    -265.0861  0.6955 
   00744    0.4800    -261.8715  0.6768 
   00745    0.4400    -255.7366  0.6668 
   00746    0.4700    -241.1022  0.6585 
   00747    0.4800    -237.4052  0.6199 
   00748    0.4400    -246.1482  0.6555 
   00749    0.4500    -263.0357  0.6541 
   00750    0.4600    -258.3770  0.6579 
   00751    0.5200    -242.3761  0.6491 
   00752    0.5300    -252.1009  0.6500 
   00753    0.5000    -244.0110  0.6075 
   00754    0.4100    -242.2777  0.5839 
   00755    0.4500    -222.3590  0.5600 
   00756    0.5100    -225.3020  0.6419 
   00757    0.5100    -242.1672  0.6248 
   00758    0.5200    -257.4432  0.6135 
   00759    0.4700    -267.6103  0.6652 
   00760    0.4100    -283.7856  0.7055 
   00761    0.3700    -304.1430  0.7309 
   00762    0.4200    -293.7288  0.7242 
   00763    0.4000    -289.0760  0.7010 
   00764    0.3900    -282.2589  0.6834 
   00765    0.3900    -287.7721  0.6967 
   00766    0.4600    -257.1679  0.6678 
   00767    0.4800    -246.2069  0.6314 
   00768    0.4800    -246.9266  0.6230 
   00769    0.4400    -268.5002  0.6717 
   00770    0.4600    -253.9778  0.6584 
   00771    0.5200    -217.9740  0.5701 
   00772    0.4500    -228.2789  0.5868 
   00773    0.5300    -220.7631  0.5425 
   00774    0.4700    -231.0251  0.5143 
   00775    0.5200    -234.5404  0.4966 
   00776    0.4800    -240.1965  0.5092 
   00777    0.5000    -239.8722  0.5364 
   00778    0.4500    -223.0991  0.5221 
   00779    0.5000    -199.5995  0.4722 
   00780    0.4400    -215.0132  0.4216 
   00781    0.4800    -225.5692  0.4263 
   00782    0.5100    -215.5247  0.4034 
   00783    0.5900    -208.4644  0.4098 
   00784    0.5000    -213.5980  0.4222 
   00785    0.5500    -202.3378  0.3541 
   00786    0.5800    -204.4053  0.4450 
   00787    0.4900    -215.4601  0.4124 
   00788    0.5300    -224.1368  0.4363 
   00789    0.5700    -231.4149  0.4119 
   00790    0.4800    -205.9053  0.4180 
   00791    0.6100    -223.6258  0.4752 
   00792    0.5700    -232.5076  0.5131 
   00793    0.4900    -208.8615  0.4612 
   00794    0.5500    -202.3936  0.4349 
   00795    0.6300    -217.8425  0.4266 
   00796    0.5300    -189.2890  0.5109 
   00797    0.5700    -207.4109  0.5199 
   00798    0.5300    -218.1565  0.5076 
   00799    0.5400    -215.6261  0.4496 
   00800    0.4400    -229.8416  0.4220 
   00801    0.5100    -248.1661  0.4547 
   00802    0.5100    -246.0582  0.4639 
   00803    0.4300    -248.1885  0.4570 
   00804    0.4600    -229.6266  0.4618 
   00805    0.5200    -205.9224  0.4065 
   00806    0.4700    -203.6136  0.4232 
   00807    0.6400    -185.0348  0.3631 
   00808    0.5400    -206.8818  0.4342 
   00809    0.5800    -203.8088  0.4363 
   00810    0.5800    -201.9640  0.3936 
   00811    0.5100    -201.0464  0.4247 
   00812    0.6200    -209.0872  0.4359 
   00813    0.6100    -215.3268  0.3195 
   00814    0.5400    -208.6271  0.3282 
   00815    0.5800    -214.9811  0.3041 
   00816    0.5200    -210.3702  0.3583 
   00817    0.5500    -216.4419  0.3417 
   00818    0.4700    -214.7022  0.3868 
   00819    0.4600    -232.4866  0.4696 
   00820    0.4800    -237.3393  0.4788 
   00821    0.4900    -228.3541  0.5116 
   00822    0.5100    -233.2781  0.5503 
   00823    0.4700    -204.9061  0.5070 
   00824    0.5600    -204.1696  0.4069 
   00825    0.5400    -225.4090  0.4217 
   00826    0.5200    -215.6377  0.3712 
   00827    0.5000    -228.8231  0.4054 
   00828    0.4600    -212.0896  0.3759 
   00829    0.4800    -199.9128  0.3213 
   00830    0.5300    -205.1561  0.3142 
   00831    0.4700    -217.4881  0.3372 
   00832    0.6100    -212.0696  0.2879 
   00833    0.4200    -206.1587  0.2827 
   00834    0.5200    -200.8445  0.3149 
   00835    0.4800    -212.5119  0.3006 
   00836    0.5100    -198.2617  0.4156 
   00837    0.5300    -204.1777  0.4576 
   00838    0.6500    -231.2208  0.4578 
   00839    0.4400    -233.1413  0.4408 
   00840    0.4900    -232.7120  0.4191 
   00841    0.5900    -234.0106  0.3811 
   00842    0.5400    -208.9688  0.3524 
   00843    0.5800    -231.5153  0.3509 
   00844    0.6100    -247.9195  0.3613 
   00845    0.4700    -235.7014  0.3485 
   00846    0.4500    -218.7828  0.2947 
   00847    0.5800    -203.4527  0.3085 
   00848    0.5500    -222.2704  0.3469 
   00849    0.4800    -229.8806  0.3976 
   00850    0.5500    -226.2068  0.4340 
   00851    0.4700    -222.2758  0.3576 
   00852    0.4700    -216.7593  0.3704 
   00853    0.5700    -202.3055  0.3030 
   00854    0.5600    -195.9999  0.4168 
   00855    0.5700    -198.7080  0.4044 
   00856    0.5800    -203.1346  0.3522 
   00857    0.5700    -210.4817  0.3260 
   00858    0.5100    -200.2491  0.3780 
   00859    0.5500    -225.0838  0.4441 
   00860    0.5400    -229.4189  0.3909 
   00861    0.5600    -222.8654  0.4019 
   00862    0.5000    -221.7419  0.4461 
   00863    0.5600    -210.5942  0.4269 
   00864    0.5100    -213.0395  0.5119 
   00865    0.5600    -202.1966  0.4554 
   00866    0.5400    -187.8656  0.4532 
   00867    0.5700    -190.3892  0.3741 
   00868    0.6000    -201.4526  0.3003 
   00869    0.4900    -198.9920  0.3384 
   00870    0.4900    -219.1712  0.4003 
   00871    0.5800    -202.8430  0.4025 
   00872    0.4900    -218.2208  0.4216 
   00873    0.5900    -215.0094  0.4244 
   00874    0.6100    -216.3864  0.3606 
   00875    0.5000    -215.7296  0.3758 
   00876    0.5100    -207.2222  0.4025 
   00877    0.5200    -227.6878  0.4530 
   00878    0.6100    -230.3178  0.4038 
   00879    0.4700    -228.5861  0.4101 
   00880    0.5800    -220.4660  0.4297 
   00881    0.5600    -213.2570  0.3993 
   00882    0.5400    -200.9678  0.3633 
   00883    0.5200    -205.5056  0.3840 
   00884    0.6200    -220.9434  0.3738 
   00885    0.5400    -235.4841  0.3726 
   00886    0.4400    -219.6845  0.3147 
   00887    0.4700    -215.7273  0.3451 
   00888    0.5500    -233.6307  0.3518 
   00889    0.5800    -234.2310  0.4086 
   00890    0.4500    -230.1884  0.4532 
   00891    0.5200    -247.8454  0.4307 
   00892    0.6200    -236.6560  0.4373 
   00893    0.5200    -233.4449  0.4405 
   00894    0.5000    -239.0114  0.4968 
   00895    0.4800    -239.2402  0.5082 
   00896    0.5200    -233.8133  0.4894 
   00897    0.4400    -215.2587  0.4448 
   00898    0.5500    -196.9503  0.4341 
   00899    0.5000    -206.6214  0.4735 
   00900    0.4900    -214.8314  0.4659 
   00901    0.5100    -227.3794  0.4851 
   00902    0.5300    -225.4752  0.5352 
   00903    0.4800    -240.3780  0.5909 
   00904    0.3900    -263.1035  0.6322 
   00905    0.3900    -262.4573  0.6152 
   00906    0.3900    -248.7189  0.6153 
   00907    0.4800    -257.0044  0.6665 
   00908    0.4200    -254.7117  0.6300 
   00909    0.3800    -256.4227  0.6280 
   00910    0.4500    -268.7945  0.6212 
   00911    0.4500    -284.7939  0.6614 
   00912    0.3900    -260.3765  0.6440 
   00913    0.4400    -254.8347  0.6304 
   00914    0.4800    -271.9852  0.6544 
   00915    0.4200    -271.3266  0.6576 
   00916    0.4300    -282.4525  0.7113 
   00917    0.4500    -275.7964  0.7220 
   00918    0.4000    -251.6370  0.6450 
   00919    0.5700    -261.0476  0.6104 
   00920    0.4200    -264.4365  0.6474 
   00921    0.4300    -244.5186  0.6543 
   00922    0.4600    -257.6593  0.7163 
   00923    0.4500    -272.1500  0.7121 
   00924    0.4800    -279.9656  0.6691 
   00925    0.4600    -269.3177  0.6277 
   00926    0.4700    -264.2005  0.6254 
   00927    0.4500    -265.8646  0.6030 
   00928    0.4400    -249.2842  0.6082 
   00929    0.5600    -237.3575  0.4911 
   00930    0.4700    -249.0665  0.4293 
   00931    0.5300    -242.1563  0.3548 
   00932    0.5400    -222.2968  0.3516 
   00933    0.5000    -238.6623  0.3379 
   00934    0.5200    -226.3941  0.3817 
   00935    0.5100    -208.7935  0.4146 
   00936    0.4600    -225.2380  0.4238 
   00937    0.5300    -229.2509  0.5127 
   00938    0.4200    -248.0463  0.5735 
   00939    0.5500    -262.1774  0.6598 
   00940    0.5000    -248.8147  0.6321 
   00941    0.4300    -256.9985  0.6726 
   00942    0.4700    -268.5441  0.6689 
   00943    0.4000    -284.1420  0.6967 
   00944    0.5300    -285.3974  0.6893 
   00945    0.4300    -274.0160  0.6970 
   00946    0.5000    -270.2665  0.7126 
   00947    0.3800    -272.9886  0.7189 
   00948    0.3700    -275.6438  0.7508 
   00949    0.4500    -265.4803  0.7065 
   00950    0.4700    -238.7445  0.6601 
   00951    0.4500    -218.1711  0.5792 
   00952    0.4800    -259.2315  0.6004 
   00953    0.5400    -240.8829  0.6342 
   00954    0.5500    -253.6679  0.5912 
   00955    0.4700    -251.2953  0.5627 
   00956    0.4700    -249.8210  0.5484 
   00957    0.4900    -232.1474  0.4911 
   00958    0.4900    -238.4515  0.4311 
   00959    0.4400    -237.6728  0.4430 
   00960    0.5000    -245.9100  0.4527 
   00961    0.5000    -237.8973  0.3974 
   00962    0.4500    -239.1515  0.4515 
   00963    0.4700    -238.0389  0.5043 
   00964    0.5400    -222.5734  0.4618 
   00965    0.6500    -198.5251  0.4883 
   00966    0.4900    -185.0098  0.3735 
   00967    0.5500    -194.2915  0.3544 
   00968    0.5600    -205.7483  0.3110 
   00969    0.5500    -223.2818  0.3623 
   00970    0.5300    -226.7279  0.3832 
   00971    0.4700    -222.2056  0.3796 
   00972    0.5700    -200.5333  0.3269 
   00973    0.5900    -215.0579  0.3298 
   00974    0.4700    -215.0525  0.2595 
   00975    0.6000    -218.0262  0.2819 
   00976    0.5600    -213.1819  0.3234 
   00977    0.4900    -200.7920  0.2916 
   00978    0.5900    -201.6703  0.3694 
   00979    0.5200    -217.0079  0.3782 
   00980    0.5200    -221.4198  0.3825 
   00981    0.4700    -224.7292  0.3945 
   00982    0.5400    -206.6655  0.3645 
   00983    0.5500    -198.3335  0.4218 
   00984    0.5600    -218.5567  0.4024 
   00985    0.4400    -231.5658  0.4215 
   00986    0.4900    -217.4421  0.4312 
   00987    0.4400    -237.2918  0.3808 
   00988    0.5200    -218.2232  0.3435 
   00989    0.5500    -202.9052  0.3213 
   00990    0.4700    -213.3815  0.3188 
   00991    0.4300    -223.2092  0.3506 
   00992    0.4400    -246.6075  0.3051 
   00993    0.4400    -259.8006  0.3388 
   00994    0.4600    -267.3916  0.3892 
   00995    0.5000    -252.8284  0.3635 
   00996    0.5200    -248.7047  0.3805 
   00997    0.5200    -239.3200  0.3829 
   00998    0.5200    -239.6875  0.4223 
   00999    0.6100    -233.3458  0.3930 
   01000    0.4500    -238.5978  0.3416 
