#=====================================================
# File created:        Fri-08-Mar-2024-at-05-08-53PM
# Size of lattice:     10x10
# Number of MC steps:  1000
# Reduced temperature: 1.000
# Run time (s):        12.572083
#=====================================================
# MC step:  Ratio:     Energy:   Order:
#=====================================================
   00000    0.5000    -109.9265  0.3430 
   00001    0.7700    -146.4967  0.2945 
   00002    0.6000    -176.6188  0.2933 
   00003    0.5400    -200.9591  0.3342 
   00004    0.5200    -201.3177  0.3983 
   00005    0.6100    -191.8157  0.3694 
   00006    0.5000    -203.7857  0.4264 
   00007    0.5700    -192.5178  0.4291 
   00008    0.5200    -200.6206  0.4075 
   00009    0.6500    -208.5160  0.4058 
   00010    0.5800    -197.6171  0.3758 
   00011    0.5300    -211.7143  0.3725 
   00012    0.5800    -212.7155  0.4123 
   00013    0.6000    -220.7127  0.4297 
   00014    0.5300    -213.1598  0.4868 
   00015    0.4000    -228.4809  0.4783 
   00016    0.5200    -226.1845  0.4822 
   00017    0.4900    -237.9502  0.4681 
   00018    0.4700    -236.4984  0.5361 
   00019    0.4800    -231.0413  0.4949 
   00020    0.5100    -246.2249  0.5402 
   00021    0.5300    -238.3843  0.5736 
   00022    0.5200    -228.8873  0.5558 
   00023    0.4400    -232.8244  0.5931 
   00024    0.4900    -221.9929  0.5525 
   00025    0.5500    -218.0020  0.5513 
   00026    0.5000    -203.0277  0.5316 
   00027    0.5300    -221.4515  0.5609 
   00028    0.5200    -223.1343  0.4432 
   00029    0.6400    -208.9309  0.4588 
   00030    0.5600    -198.1916  0.4961 
   00031    0.5500    -199.3173  0.4449 
   00032    0.5800    -203.0743  0.4458 
   00033    0.5000    -219.3332  0.4419 
   00034    0.4800    -223.5883  0.4376 
   00035    0.5200    -228.2439  0.4066 
   00036    0.5800    -216.9439  0.3682 
   00037    0.5800    -208.2681  0.3966 
   00038    0.4200    -231.5415  0.4587 
   00039    0.4600    -238.2887  0.4272 
   00040    0.5300    -238.2039  0.4512 
   00041    0.6400    -233.3875  0.3816 
   00042    0.5400    -234.6400  0.4023 
   00043    0.4200    -222.9639  0.4273 
   00044    0.4800    -223.8770  0.4462 
   00045    0.5300    -222.4404  0.4353 
   00046    0.5700    -233.6493  0.5280 
   00047    0.6400    -224.8961  0.4950 
   00048    0.4300    -234.2226  0.4657 
   00049    0.5300    -212.9506  0.4766 
   00050    0.5100    -221.6350  0.4840 
   00051    0.5300    -217.3715  0.4331 
   00052    0.5600    -205.1023  0.4239 
   00053    0.5300    -212.2639  0.4769 
   00054    0.4200    -198.3247  0.4456 
   00055    0.6300    -201.2522  0.4543 
   00056    0.5600    -199.1217  0.4314 
   00057    0.5100    -225.3273  0.3602 
   00058    0.5400    -217.1343  0.3184 
   00059    0.5600    -204.7046  0.2773 
   00060    0.5900    -221.4213  0.3270 
   00061    0.5900    -201.7517  0.3287 
   00062    0.5700    -203.8011  0.3577 
   00063    0.6200    -201.7388  0.3414 
   00064    0.4800    -222.9300  0.3230 
   00065    0.5200    -233.0968  0.4155 
   00066    0.5900    -236.2289  0.5099 
   00067    0.5100    -222.4374  0.4642 
   00068    0.5100    -228.1596  0.4596 
   00069    0.4900    -243.1416  0.5222 
   00070    0.4300    -239.9740  0.5198 
   00071    0.5200    -234.7305  0.5426 
   00072    0.5500    -217.4060  0.5688 
   00073    0.4200    -242.3310  0.5810 
   00074    0.4100    -243.9167  0.5728 
   00075    0.4300    -248.4412  0.5987 
   00076    0.4700    -258.3070  0.5972 
   00077    0.4900    -266.5383  0.5936 
   00078    0.4900    -239.4058  0.5819 
   00079    0.5700    -251.5859  0.6347 
   00080    0.4400    -248.9160  0.6089 
   00081    0.3600    -248.0371  0.6280 
   00082    0.4700    -265.1412  0.6351 
   00083    0.4600    -265.8061  0.6486 
   00084    0.4600    -273.1642  0.6585 
   00085    0.4600    -271.3505  0.6595 
   00086    0.4300    -260.0192  0.6750 
   00087    0.4400    -262.5497  0.6576 
   00088    0.5000    -277.4679  0.6944 
   00089    0.4700    -286.8587  0.7123 
   00090    0.4500    -269.1485  0.6888 
   00091    0.4000    -278.1810  0.6718 
   00092    0.5400    -275.9339  0.6168 
   00093    0.4800    -259.8234  0.5981 
   00094    0.5200    -262.8602  0.6329 
   00095    0.6200    -238.4554  0.5481 
   00096    0.4400    -243.9910  0.5510 
   00097    0.4400    -240.3893  0.5124 
   00098    0.4800    -245.6168  0.4664 
   00099    0.5900    -203.4403  0.4099 
   00100    0.4700    -212.8642  0.4763 
   00101    0.5000    -220.9910  0.4755 
   00102    0.5000    -203.5268  0.4757 
   00103    0.5200    -218.3963  0.4819 
   00104    0.5000    -232.7543  0.5149 
   00105    0.4700    -243.2850  0.5393 
   00106    0.4200    -245.1075  0.5576 
   00107    0.4500    -230.0855  0.5710 
   00108    0.4700    -244.6538  0.5751 
   00109    0.5500    -255.6891  0.5732 
   00110    0.4600    -264.2576  0.5777 
   00111    0.3600    -238.9035  0.5341 
   00112    0.5300    -250.6427  0.6097 
   00113    0.4900    -242.6063  0.6077 
   00114    0.5100    -268.7038  0.6653 
   00115    0.3700    -283.4803  0.7040 
   00116    0.5100    -281.2861  0.7015 
   00117    0.4400    -277.8180  0.7139 
   00118    0.4500    -266.9636  0.7066 
   00119    0.3800    -266.4817  0.6803 
   00120    0.4900    -269.1492  0.7038 
   00121    0.3800    -268.6532  0.7230 
   00122    0.4200    -262.5184  0.7177 
   00123    0.4400    -282.4097  0.7621 
   00124    0.4200    -291.2093  0.7976 
   00125    0.3600    -292.3892  0.8014 
   00126    0.4200    -311.6711  0.8045 
   00127    0.3200    -283.5721  0.7429 
   00128    0.4000    -286.9036  0.7399 
   00129    0.4400    -292.9620  0.7399 
   00130    0.3500    -289.4046  0.7541 
   00131    0.4500    -288.1268  0.7482 
   00132    0.4000    -285.3899  0.7478 
   00133    0.4200    -265.7627  0.7237 
   00134    0.3600    -266.3272  0.7349 
   00135    0.4300    -259.3799  0.7552 
   00136    0.4400    -256.9796  0.7340 
   00137    0.4700    -256.5481  0.6922 
   00138    0.5000    -259.5984  0.6863 
   00139    0.5100    -274.1005  0.6262 
   00140    0.3600    -266.9310  0.5727 
   00141    0.4000    -259.9078  0.5454 
   00142    0.3800    -254.8376  0.5597 
   00143    0.3500    -260.9151  0.5979 
   00144    0.4400    -255.0606  0.6080 
   00145    0.5000    -257.9951  0.6173 
   00146    0.4500    -258.7447  0.6269 
   00147    0.4100    -248.9182  0.6318 
   00148    0.4700    -257.9047  0.6359 
   00149    0.5000    -250.8149  0.6189 
   00150    0.5100    -220.8942  0.5674 
   00151    0.4800    -226.2993  0.6566 
   00152    0.5100    -225.7916  0.6273 
   00153    0.5200    -219.2769  0.6040 
   00154    0.6000    -226.7317  0.5788 
   00155    0.4200    -219.7358  0.5486 
   00156    0.5800    -219.7971  0.5884 
   00157    0.5000    -243.1585  0.6810 
   00158    0.4600    -247.4680  0.6646 
   00159    0.5400    -236.1342  0.6366 
   00160    0.4800    -233.9270  0.6335 
   00161    0.5200    -206.3326  0.5673 
   00162    0.4600    -207.9811  0.5501 
   00163    0.6100    -215.2341  0.5074 
   00164    0.5500    -220.3854  0.5352 
   00165    0.6000    -229.5844  0.5381 
   00166    0.4600    -234.2387  0.5821 
   00167    0.5900    -231.5154  0.5809 
   00168    0.4800    -232.6106  0.6799 
   00169    0.5300    -231.1074  0.6628 
   00170    0.5600    -247.1801  0.6608 
   00171    0.4100    -246.4314  0.7003 
   00172    0.4400    -252.2811  0.7060 
   00173    0.3900    -264.0362  0.7005 
   00174    0.4700    -263.3184  0.6950 
   00175    0.4800    -255.9788  0.7333 
   00176    0.5200    -241.6145  0.6983 
   00177    0.4400    -247.2681  0.6803 
   00178    0.4700    -244.1726  0.6996 
   00179    0.4600    -245.6826  0.6774 
   00180    0.3700    -246.5752  0.6794 
   00181    0.3700    -256.7765  0.7136 
   00182    0.4300    -251.9714  0.7321 
   00183    0.4700    -277.1984  0.7367 
   00184    0.4200    -269.9674  0.7432 
   00185    0.4900    -257.5004  0.7173 
   00186    0.4700    -262.6732  0.7017 
   00187    0.3900    -267.5187  0.7373 
   00188    0.4100    -260.9184  0.7482 
   00189    0.3900    -265.2482  0.7134 
   00190    0.4500    -275.0284  0.7389 
   00191    0.4500    -283.5007  0.7333 
   00192    0.4800    -274.5505  0.7260 
   00193    0.4200    -282.3010  0.7237 
   00194    0.3500    -272.6503  0.6835 
   00195    0.3800    -278.1802  0.6857 
   00196    0.5000    -270.3374  0.6412 
   00197    0.4000    -250.1440  0.5919 
   00198    0.5300    -242.2920  0.5509 
   00199    0.5000    -241.2674  0.5251 
   00200    0.4800    -239.0356  0.5441 
   00201    0.4800    -222.2988  0.4966 
   00202    0.5800    -230.3559  0.4806 
   00203    0.5000    -242.8329  0.4667 
   00204    0.5200    -243.6492  0.5218 
   00205    0.4200    -240.7346  0.5357 
   00206    0.5100    -244.1971  0.5589 
   00207    0.4600    -243.1962  0.5045 
   00208    0.5400    -240.3167  0.4830 
   00209    0.4000    -248.3998  0.5061 
   00210    0.4600    -254.6687  0.5169 
   00211    0.3700    -249.3846  0.5143 
   00212    0.4600    -237.4149  0.5110 
   00213    0.5800    -230.0234  0.4901 
   00214    0.4800    -244.5570  0.4992 
   00215    0.5200    -240.9488  0.4739 
   00216    0.5500    -254.4163  0.4866 
   00217    0.5500    -252.7285  0.4838 
   00218    0.4500    -244.5825  0.4922 
   00219    0.5300    -263.5003  0.5098 
   00220    0.4000    -259.7315  0.5024 
   00221    0.4600    -255.0077  0.5075 
   00222    0.4400    -256.7809  0.5197 
   00223    0.4200    -240.5771  0.5239 
   00224    0.4700    -248.4753  0.5659 
   00225    0.5100    -256.0908  0.5949 
   00226    0.4200    -271.4560  0.6466 
   00227    0.4000    -263.4542  0.6147 
   00228    0.4500    -239.9614  0.5541 
   00229    0.5900    -229.2077  0.5632 
   00230    0.4500    -250.3453  0.6022 
   00231    0.5100    -245.0852  0.6129 
   00232    0.4600    -254.5286  0.6312 
   00233    0.4600    -285.1708  0.6676 
   00234    0.3500    -268.5415  0.6557 
   00235    0.4000    -262.0968  0.6717 
   00236    0.5000    -269.9006  0.6303 
   00237    0.3500    -268.7796  0.6395 
   00238    0.5500    -268.0777  0.6469 
   00239    0.5200    -266.8360  0.6359 
   00240    0.4900    -274.7332  0.6687 
   00241    0.4100    -268.0887  0.6790 
   00242    0.5100    -256.0576  0.6833 
   00243    0.4300    -256.3477  0.6131 
   00244    0.3900    -253.9680  0.6089 
   00245    0.4000    -253.2952  0.5667 
   00246    0.5000    -240.0305  0.5519 
   00247    0.4400    -235.7488  0.5775 
   00248    0.4200    -228.0055  0.5413 
   00249    0.4700    -213.5237  0.5749 
   00250    0.5200    -223.7223  0.5528 
   00251    0.5500    -215.7282  0.5258 
   00252    0.4300    -228.7537  0.4905 
   00253    0.5300    -223.2168  0.4582 
   00254    0.5600    -235.1176  0.4293 
   00255    0.5400    -242.2038  0.4164 
   00256    0.5400    -234.4837  0.3676 
   00257    0.4600    -228.1973  0.3691 
   00258    0.4600    -230.2278  0.4500 
   00259    0.6200    -226.1886  0.4795 
   00260    0.6000    -209.7339  0.4126 
   00261    0.5700    -203.2336  0.4105 
   00262    0.6000    -218.1198  0.4281 
   00263    0.5400    -217.9593  0.3791 
   00264    0.4700    -217.6898  0.4546 
   00265    0.5100    -233.7119  0.4187 
   00266    0.7000    -219.8782  0.4078 
   00267    0.5200    -224.8523  0.3846 
   00268    0.5300    -231.2329  0.4607 
   00269    0.4400    -229.2546  0.5340 
   00270    0.5200    -224.0827  0.5527 
   00271    0.5300    -218.4029  0.5252 
   00272    0.4700    -242.7813  0.5943 
   00273    0.4100    -264.3048  0.6382 
   00274    0.3600    -255.8897  0.6360 
   00275    0.4400    -259.6345  0.6358 
   00276    0.3900    -244.9446  0.6975 
   00277    0.4800    -250.1339  0.6876 
   00278    0.4200    -265.9157  0.7347 
   00279    0.4200    -258.5321  0.6922 
   00280    0.4300    -262.8795  0.7178 
   00281    0.3900    -264.8434  0.7189 
   00282    0.4500    -257.6460  0.7018 
   00283    0.4100    -261.8794  0.7063 
   00284    0.4100    -267.0659  0.7019 
   00285    0.4000    -261.7158  0.6290 
   00286    0.4600    -277.5710  0.6434 
   00287    0.4100    -270.5047  0.6758 
   00288    0.3700    -281.8842  0.6628 
   00289    0.4200    -283.4258  0.6557 
   00290    0.4800    -303.4182  0.6656 
   00291    0.3700    -269.4680  0.6338 
   00292    0.4600    -260.2658  0.5789 
   00293    0.4800    -283.8284  0.5865 
   00294    0.5300    -256.1741  0.5249 
   00295    0.4500    -261.6827  0.5372 
   00296    0.4700    -264.7825  0.5201 
   00297    0.4200    -270.4757  0.5528 
   00298    0.4300    -255.1195  0.5474 
   00299    0.5200    -225.6216  0.5420 
   00300    0.5300    -225.6053  0.5521 
   00301    0.5800    -227.9893  0.4923 
   00302    0.5400    -216.7463  0.5042 
   00303    0.5400    -216.9358  0.5556 
   00304    0.6100    -207.4411  0.5418 
   00305    0.5400    -218.8643  0.5380 
   00306    0.5000    -232.5870  0.5976 
   00307    0.5100    -241.1383  0.6165 
   00308    0.3900    -244.8514  0.6229 
   00309    0.3900    -249.6751  0.6412 
   00310    0.4800    -252.3466  0.6823 
   00311    0.5400    -257.1564  0.6587 
   00312    0.5000    -264.5778  0.6366 
   00313    0.4600    -243.7514  0.5963 
   00314    0.4500    -218.9156  0.5597 
   00315    0.5000    -247.4099  0.6169 
   00316    0.5700    -232.8529  0.5872 
   00317    0.5800    -201.3965  0.5380 
   00318    0.5300    -233.2738  0.6037 
   00319    0.4700    -228.8754  0.5845 
   00320    0.5500    -236.3818  0.5494 
   00321    0.4800    -247.8885  0.6065 
   00322    0.5500    -240.0637  0.5602 
   00323    0.5300    -246.6281  0.5547 
   00324    0.4600    -238.9220  0.5300 
   00325    0.4900    -242.5394  0.5988 
   00326    0.4700    -235.5682  0.5740 
   00327    0.4400    -239.8390  0.5712 
   00328    0.5000    -249.8643  0.6053 
   00329    0.4300    -260.8093  0.5992 
   00330    0.5200    -254.1073  0.5751 
   00331    0.4900    -260.2015  0.5994 
   00332    0.4500    -256.2462  0.5557 
   00333    0.3900    -252.1258  0.5835 
   00334    0.3900    -256.7505  0.5705 
   00335    0.4100    -253.8677  0.5605 
   00336    0.5100    -234.5234  0.5005 
   00337    0.5300    -217.2965  0.4946 
   00338    0.5100    -227.9605  0.4914 
   00339    0.5200    -230.9553  0.4748 
   00340    0.4500    -243.1989  0.4887 
   00341    0.4700    -222.3909  0.4876 
   00342    0.4200    -236.5822  0.5455 
   00343    0.5400    -236.5534  0.5332 
   00344    0.4800    -245.8953  0.5737 
   00345    0.4800    -249.3050  0.6010 
   00346    0.3500    -237.1791  0.5907 
   00347    0.4400    -255.5369  0.6174 
   00348    0.4400    -244.9772  0.5488 
   00349    0.3900    -254.8979  0.5826 
   00350    0.4800    -258.6197  0.5646 
   00351    0.4300    -258.0109  0.5887 
   00352    0.3800    -265.0061  0.5844 
   00353    0.3900    -250.8947  0.5269 
   00354    0.4500    -246.7673  0.5008 
   00355    0.4900    -236.1537  0.4782 
   00356    0.5300    -238.3280  0.5054 
   00357    0.5600    -222.9187  0.5251 
   00358    0.6300    -227.0993  0.5534 
   00359    0.6100    -228.5280  0.4949 
   00360    0.5100    -212.2167  0.4750 
   00361    0.5500    -212.4104  0.4251 
   00362    0.5200    -230.4583  0.5197 
   00363    0.4900    -204.4639  0.4356 
   00364    0.5400    -224.7085  0.4836 
   00365    0.4500    -226.3839  0.4822 
   00366    0.5200    -233.1423  0.4619 
   00367    0.5000    -211.3398  0.3369 
   00368    0.4800    -235.5786  0.2571 
   00369    0.4900    -250.4789  0.3046 
   00370    0.5700    -253.1568  0.3228 
   00371    0.4300    -235.4309  0.3098 
   00372    0.5300    -232.1025  0.3242 
   00373    0.4500    -234.7955  0.3613 
   00374    0.5300    -239.2155  0.3000 
   00375    0.5200    -258.0545  0.2856 
   00376    0.5200    -271.7791  0.3326 
   00377    0.5000    -257.5708  0.2931 
   00378    0.3700    -252.6117  0.3172 
   00379    0.4600    -229.6071  0.2914 
   00380    0.5400    -235.7147  0.2577 
   00381    0.4600    -251.0780  0.2749 
   00382    0.4100    -230.4871  0.3079 
   00383    0.5800    -227.9619  0.2940 
   00384    0.5000    -225.5392  0.2912 
   00385    0.5700    -232.0082  0.2829 
   00386    0.4800    -241.2874  0.3025 
   00387    0.4900    -234.7698  0.2825 
   00388    0.4200    -254.1697  0.3254 
   00389    0.4600    -267.4725  0.3062 
   00390    0.4200    -245.8917  0.3309 
   00391    0.4600    -243.7198  0.4061 
   00392    0.4300    -243.4961  0.3500 
   00393    0.5500    -237.0345  0.4085 
   00394    0.4000    -238.3463  0.3959 
   00395    0.5500    -236.5313  0.4382 
   00396    0.4800    -247.7653  0.4500 
   00397    0.5000    -224.5724  0.4463 
   00398    0.4600    -241.2219  0.4414 
   00399    0.4300    -243.6827  0.4927 
   00400    0.5100    -223.4544  0.4406 
   00401    0.5000    -216.2026  0.4453 
   00402    0.5000    -208.0031  0.3940 
   00403    0.5800    -226.5101  0.4159 
   00404    0.4600    -238.4708  0.3931 
   00405    0.5100    -246.2580  0.3767 
   00406    0.4000    -243.3489  0.4001 
   00407    0.4900    -256.6489  0.4253 
   00408    0.4600    -242.4764  0.4398 
   00409    0.4800    -233.2650  0.3956 
   00410    0.4700    -233.2453  0.3899 
   00411    0.5400    -238.2238  0.4392 
   00412    0.3200    -251.3597  0.4406 
   00413    0.5000    -258.4299  0.4438 
   00414    0.4800    -251.3740  0.3919 
   00415    0.5100    -251.8763  0.3682 
   00416    0.5300    -235.0882  0.3897 
   00417    0.6000    -230.4049  0.4347 
   00418    0.5800    -225.6449  0.4403 
   00419    0.5000    -230.9899  0.5136 
   00420    0.5600    -241.8591  0.5279 
   00421    0.3800    -233.8340  0.5082 
   00422    0.4200    -224.1517  0.4336 
   00423    0.6000    -230.6909  0.3809 
   00424    0.5600    -227.6100  0.4242 
   00425    0.5200    -229.4350  0.4580 
   00426    0.4800    -222.0110  0.4778 
   00427    0.4700    -230.4688  0.5292 
   00428    0.4500    -236.6547  0.5481 
   00429    0.4700    -252.0678  0.5630 
   00430    0.4400    -251.6063  0.5565 
   00431    0.5600    -236.7911  0.4861 
   00432    0.5200    -252.7876  0.5484 
   00433    0.4600    -260.4587  0.5652 
   00434    0.4200    -249.2268  0.5276 
   00435    0.4100    -253.2642  0.5489 
   00436    0.3900    -255.7432  0.5808 
   00437    0.4700    -245.6712  0.5966 
   00438    0.4300    -257.0347  0.6185 
   00439    0.4100    -252.1934  0.5693 
   00440    0.5200    -252.5838  0.5731 
   00441    0.4400    -244.6636  0.5807 
   00442    0.4300    -234.9857  0.5844 
   00443    0.4900    -230.7461  0.6087 
   00444    0.4800    -216.6807  0.5779 
   00445    0.5500    -231.5614  0.6092 
   00446    0.5600    -201.6312  0.4835 
   00447    0.4400    -210.6796  0.4233 
   00448    0.5100    -208.1151  0.4096 
   00449    0.5100    -211.2010  0.4194 
   00450    0.4800    -225.4450  0.4083 
   00451    0.5200    -235.0783  0.4028 
   00452    0.3900    -227.2618  0.4236 
   00453    0.4800    -217.9258  0.4072 
   00454    0.4800    -217.1890  0.4299 
   00455    0.5400    -246.2317  0.4072 
   00456    0.5700    -253.9572  0.4813 
   00457    0.4200    -252.2999  0.5014 
   00458    0.4300    -264.9116  0.5290 
   00459    0.3700    -252.0866  0.5200 
   00460    0.5500    -238.3258  0.4574 
   00461    0.5000    -264.4212  0.5113 
   00462    0.4700    -234.7424  0.4640 
   00463    0.5500    -233.0508  0.4614 
   00464    0.5100    -224.7664  0.4630 
   00465    0.5400    -228.5347  0.4366 
   00466    0.4700    -219.5549  0.4058 
   00467    0.5600    -227.0838  0.4767 
   00468    0.5400    -235.4121  0.5295 
   00469    0.4100    -247.3947  0.5278 
   00470    0.5100    -233.7065  0.4717 
   00471    0.4000    -243.1612  0.5028 
   00472    0.4600    -240.8652  0.5307 
   00473    0.4900    -210.3492  0.4807 
   00474    0.5600    -206.1938  0.4045 
   00475    0.5000    -213.7316  0.4252 
   00476    0.5800    -229.7610  0.4592 
   00477    0.5100    -248.3748  0.5041 
   00478    0.4500    -245.8657  0.4883 
   00479    0.5300    -245.1812  0.5749 
   00480    0.5300    -243.7450  0.5989 
   00481    0.4600    -247.6181  0.5981 
   00482    0.5600    -231.6179  0.5778 
   00483    0.4700    -254.8946  0.6233 
   00484    0.4500    -266.8398  0.6168 
   00485    0.5300    -252.6777  0.5377 
   00486    0.5000    -250.7589  0.5635 
   00487    0.4800    -250.1296  0.5894 
   00488    0.4700    -239.8256  0.6225 
   00489    0.4700    -226.5118  0.6384 
   00490    0.5100    -248.3017  0.6619 
   00491    0.4600    -235.6914  0.6784 
   00492    0.4900    -224.7258  0.6651 
   00493    0.5000    -207.3793  0.6094 
   00494    0.5200    -194.4740  0.5124 
   00495    0.5600    -205.7561  0.5227 
   00496    0.5200    -207.9169  0.5104 
   00497    0.5200    -215.2230  0.5964 
   00498    0.4700    -252.6541  0.6632 
   00499    0.5000    -271.1574  0.6930 
   00500    0.5000    -257.9217  0.6926 
   00501    0.5400    -250.3571  0.6811 
   00502    0.4800    -256.3080  0.6895 
   00503    0.3900    -254.9067  0.7059 
   00504    0.4500    -252.9275  0.6944 
   00505    0.4400    -260.3289  0.7265 
   00506    0.4900    -274.8323  0.7564 
   00507    0.4300    -279.7610  0.7463 
   00508    0.3500    -274.8703  0.7094 
   00509    0.4700    -259.0008  0.6936 
   00510    0.4700    -277.3970  0.6980 
   00511    0.4500    -251.7945  0.6715 
   00512    0.4800    -251.1865  0.6543 
   00513    0.4300    -252.3032  0.6610 
   00514    0.4100    -255.5449  0.6753 
   00515    0.4500    -258.2220  0.6960 
   00516    0.3700    -258.1478  0.6795 
   00517    0.4900    -252.8551  0.7285 
   00518    0.4200    -237.8476  0.6930 
   00519    0.4800    -243.5342  0.6844 
   00520    0.5400    -229.4027  0.6388 
   00521    0.4500    -248.2169  0.6757 
   00522    0.5000    -232.0729  0.6329 
   00523    0.4300    -231.7344  0.6174 
   00524    0.3900    -229.3649  0.5932 
   00525    0.5000    -217.6410  0.5789 
   00526    0.4500    -208.3156  0.5209 
   00527    0.5600    -219.1535  0.4412 
   00528    0.5000    -219.5707  0.4610 
   00529    0.5700    -205.7983  0.4737 
   00530    0.5800    -202.7307  0.4444 
   00531    0.5500    -200.8220  0.4902 
   00532    0.6200    -199.3272  0.5227 
   00533    0.5700    -232.4787  0.5823 
   00534    0.4700    -236.2338  0.5794 
   00535    0.5000    -246.3350  0.5585 
   00536    0.5700    -234.1775  0.5839 
   00537    0.4900    -239.6388  0.5807 
   00538    0.4700    -250.7007  0.6296 
   00539    0.5300    -246.7747  0.6496 
   00540    0.5000    -250.2120  0.6222 
   00541    0.5700    -223.2360  0.5705 
   00542    0.4300    -250.9456  0.6408 
   00543    0.4100    -251.1609  0.6458 
   00544    0.5600    -242.6089  0.6153 
   00545    0.4600    -250.6230  0.6402 
   00546    0.4300    -258.3380  0.6450 
   00547    0.4200    -257.0978  0.5915 
   00548    0.5200    -250.6265  0.5697 
   00549    0.5100    -241.3607  0.5379 
   00550    0.5400    -235.6984  0.4865 
   00551    0.5200    -220.7853  0.3939 
   00552    0.5200    -220.7440  0.3293 
   00553    0.5400    -201.6369  0.3256 
   00554    0.5900    -180.5302  0.3519 
   00555    0.6700    -193.5851  0.3576 
   00556    0.5700    -193.1878  0.3528 
   00557    0.5300    -197.4813  0.4431 
   00558    0.5500    -205.6480  0.4817 
   00559    0.5100    -235.1021  0.5695 
   00560    0.4200    -242.6881  0.5798 
   00561    0.4600    -266.0514  0.5751 
   00562    0.4600    -248.1051  0.5984 
   00563    0.4700    -242.6680  0.5857 
   00564    0.4700    -246.6601  0.5787 
   00565    0.4800    -231.7671  0.5273 
   00566    0.4000    -236.3498  0.5546 
   00567    0.5500    -232.8758  0.5229 
   00568    0.4200    -241.0128  0.4971 
   00569    0.4700    -229.4139  0.4842 
   00570    0.5200    -234.9785  0.4003 
   00571    0.5900    -234.0733  0.3789 
   00572    0.4900    -224.8963  0.4306 
   00573    0.5500    -210.4536  0.4167 
   00574    0.4700    -209.9220  0.3713 
   00575    0.5700    -216.7809  0.4524 
   00576    0.5400    -214.7458  0.4427 
   00577    0.6000    -194.8378  0.3602 
   00578    0.6200    -191.6211  0.3588 
   00579    0.5800    -204.1917  0.2710 
   00580    0.5000    -213.6065  0.3591 
   00581    0.5200    -214.8128  0.3411 
   00582    0.5800    -224.4929  0.3506 
   00583    0.5300    -218.5691  0.3173 
   00584    0.5500    -226.8055  0.3452 
   00585    0.5300    -218.3650  0.3115 
   00586    0.4800    -208.6493  0.3626 
   00587    0.5400    -232.7288  0.3856 
   00588    0.4600    -221.2053  0.3203 
   00589    0.6100    -211.0882  0.3195 
   00590    0.4500    -221.1041  0.3064 
   00591    0.5700    -221.4637  0.2665 
   00592    0.4700    -229.9143  0.2784 
   00593    0.5700    -198.7600  0.3569 
   00594    0.5400    -187.6471  0.3772 
   00595    0.5700    -196.9987  0.4460 
   00596    0.4800    -221.1660  0.3785 
   00597    0.4100    -220.3542  0.3618 
   00598    0.4800    -208.7801  0.3534 
   00599    0.5200    -211.6928  0.3561 
   00600    0.5000    -215.1489  0.3454 
   00601    0.5100    -246.0601  0.3796 
   00602    0.4100    -250.6820  0.3547 
   00603    0.5000    -237.4944  0.2758 
   00604    0.5100    -235.1425  0.3326 
   00605    0.5000    -221.8834  0.2965 
   00606    0.5200    -242.6429  0.3602 
   00607    0.5600    -254.0016  0.3754 
   00608    0.5100    -227.2924  0.3830 
   00609    0.4600    -238.8396  0.4207 
   00610    0.4900    -236.7078  0.4286 
   00611    0.5100    -219.7781  0.4288 
   00612    0.5600    -193.3496  0.4472 
   00613    0.4800    -213.1057  0.4726 
   00614    0.5000    -201.3361  0.4961 
   00615    0.4500    -238.9642  0.5680 
   00616    0.5900    -237.6348  0.5732 
   00617    0.3700    -240.3389  0.6290 
   00618    0.5200    -272.4551  0.7267 
   00619    0.3800    -257.6718  0.6909 
   00620    0.4500    -236.8697  0.6542 
   00621    0.4900    -216.7323  0.6246 
   00622    0.5200    -210.6210  0.5841 
   00623    0.5000    -213.4514  0.6152 
   00624    0.6000    -211.8733  0.5814 
   00625    0.5600    -219.3360  0.5657 
   00626    0.5200    -221.5784  0.5953 
   00627    0.5000    -216.5468  0.6438 
   00628    0.5200    -236.7714  0.6880 
   00629    0.5500    -253.6914  0.7498 
   00630    0.3900    -275.5455  0.7479 
   00631    0.4800    -290.6373  0.7353 
   00632    0.3800    -268.0342  0.6730 
   00633    0.4500    -268.0024  0.6789 
   00634    0.4600    -251.2368  0.6009 
   00635    0.4900    -245.1534  0.5849 
   00636    0.5300    -265.5315  0.6275 
   00637    0.4900    -268.4299  0.5868 
   00638    0.4200    -255.9767  0.5700 
   00639    0.3700    -258.0928  0.5882 
   00640    0.4600    -256.1814  0.6132 
   00641    0.4800    -247.2340  0.6083 
   00642    0.4900    -261.3654  0.6380 
   00643    0.4400    -257.0629  0.6205 
   00644    0.4000    -249.8853  0.6112 
   00645    0.5300    -246.6799  0.6292 
   00646    0.5300    -234.3590  0.6263 
   00647    0.4300    -239.8408  0.6532 
   00648    0.4500    -242.0325  0.6784 
   00649    0.4300    -257.7689  0.7071 
   00650    0.4200    -226.9716  0.6477 
   00651    0.5100    -236.2994  0.6573 
   00652    0.4000    -229.5867  0.6530 
   00653    0.5500    -202.6280  0.6064 
   00654    0.5600    -189.9289  0.5507 
   00655    0.6100    -200.2861  0.5692 
   00656    0.5900    -175.2384  0.5210 
   00657    0.5200    -212.8070  0.6136 
   00658    0.5500    -220.5652  0.6228 
   00659    0.6000    -241.0638  0.6334 
   00660    0.4800    -232.2186  0.6233 
   00661    0.5400    -239.2746  0.6536 
   00662    0.5000    -221.5896  0.6427 
   00663    0.5100    -214.2734  0.6073 
   00664    0.5600    -221.2636  0.5801 
   00665    0.6100    -226.6143  0.6068 
   00666    0.5300    -235.6106  0.6110 
   00667    0.4400    -233.5970  0.6138 
   00668    0.5100    -242.2937  0.6354 
   00669    0.4300    -242.2323  0.6306 
   00670    0.4900    -249.0093  0.5669 
   00671    0.5500    -253.5603  0.5675 
   00672    0.5400    -253.4095  0.5296 
   00673    0.3800    -254.6209  0.5767 
   00674    0.4900    -219.6876  0.5585 
   00675    0.5600    -223.4185  0.5189 
   00676    0.5300    -245.0439  0.5004 
   00677    0.5000    -237.9760  0.4871 
   00678    0.5300    -226.3572  0.4296 
   00679    0.4900    -220.3907  0.4235 
   00680    0.4600    -229.9243  0.4388 
   00681    0.5300    -215.3076  0.5177 
   00682    0.4400    -222.8388  0.5679 
   00683    0.5000    -252.7591  0.6136 
   00684    0.4800    -250.6875  0.6042 
   00685    0.4900    -268.4999  0.6173 
   00686    0.4200    -262.0628  0.6434 
   00687    0.4600    -238.5588  0.5921 
   00688    0.5400    -229.2537  0.5439 
   00689    0.5000    -230.5753  0.5288 
   00690    0.4400    -258.0982  0.6087 
   00691    0.4800    -263.4852  0.6445 
   00692    0.3900    -260.8108  0.6506 
   00693    0.5500    -250.4067  0.6626 
   00694    0.4200    -229.3449  0.6402 
   00695    0.5600    -246.4161  0.6649 
   00696    0.4200    -232.4893  0.6008 
   00697    0.4600    -250.1046  0.6086 
   00698    0.5100    -258.8395  0.6168 
   00699    0.4000    -247.5414  0.5805 
   00700    0.4500    -251.2662  0.5789 
   00701    0.4200    -244.8237  0.5988 
   00702    0.5600    -249.6125  0.5368 
   00703    0.5100    -268.1176  0.5597 
   00704    0.4600    -247.8771  0.5591 
   00705    0.5000    -255.2777  0.5849 
   00706    0.4500    -257.4265  0.5924 
   00707    0.4500    -266.1085  0.5926 
   00708    0.5400    -246.4978  0.5399 
   00709    0.5200    -251.5608  0.4970 
   00710    0.4000    -247.9158  0.4653 
   00711    0.4300    -268.6230  0.5409 
   00712    0.4500    -257.1725  0.5697 
   00713    0.4600    -256.0059  0.6106 
   00714    0.3300    -240.1724  0.6034 
   00715    0.4700    -254.1284  0.5751 
   00716    0.5100    -257.2220  0.5946 
   00717    0.5000    -216.5029  0.5759 
   00718    0.5100    -239.1084  0.6535 
   00719    0.5200    -224.1310  0.6282 
   00720    0.4800    -252.6138  0.6417 
   00721    0.4900    -241.9781  0.6319 
   00722    0.4800    -253.1821  0.6443 
   00723    0.4600    -270.8424  0.6521 
   00724    0.3600    -279.8870  0.6622 
   00725    0.4100    -269.8101  0.6722 
   00726    0.4200    -267.6086  0.6705 
   00727    0.5200    -256.8670  0.6660 
   00728    0.4600    -257.6630  0.6382 
   00729    0.5000    -249.0950  0.5725 
   00730    0.5400    -239.2484  0.5318 
   00731    0.4100    -233.5935  0.4936 
   00732    0.4700    -218.9053  0.5198 
   00733    0.5000    -208.7756  0.4754 
   00734    0.5000    -222.4126  0.4680 
   00735    0.5500    -228.1013  0.5229 
   00736    0.4900    -243.2575  0.5069 
   00737    0.5100    -225.3381  0.5245 
   00738    0.4600    -225.0413  0.4935 
   00739    0.5100    -224.5280  0.4704 
   00740    0.5400    -225.7839  0.5113 
   00741    0.5100    -243.0471  0.5730 
   00742    0.4700    -238.7520  0.5898 
   00743    0.4500    -274.0350  0.6481 
   00744    0.4900    -265.5216  0.6426 
   00745    0.4000    -265.2996  0.6289 
   00746    0.5500    -279.1896  0.6496 
   00747    0.3600    -268.7997  0.6395 
   00748    0.4300    -254.5219  0.5960 
   00749    0.4900    -260.0430  0.6150 
   00750    0.4300    -267.8802  0.5825 
   00751    0.4400    -265.3998  0.6091 
   00752    0.4400    -269.5951  0.6309 
   00753    0.4400    -246.7846  0.5738 
   00754    0.4500    -238.2066  0.5297 
   00755    0.4900    -244.7836  0.5190 
   00756    0.4700    -234.9213  0.4634 
   00757    0.4200    -231.8543  0.4143 
   00758    0.6000    -219.6116  0.3867 
   00759    0.5700    -227.4545  0.3323 
   00760    0.5200    -212.7972  0.2991 
   00761    0.5800    -223.6244  0.3406 
   00762    0.4900    -210.5291  0.2882 
   00763    0.4800    -214.6547  0.2841 
   00764    0.5700    -225.8222  0.2992 
   00765    0.4700    -229.5211  0.3341 
   00766    0.4800    -229.2115  0.4014 
   00767    0.5300    -234.4025  0.4221 
   00768    0.5000    -217.5985  0.3698 
   00769    0.5100    -226.9479  0.3849 
   00770    0.4700    -207.3671  0.3950 
   00771    0.4500    -218.2849  0.4060 
   00772    0.5900    -217.9600  0.3975 
   00773    0.6200    -210.8860  0.4226 
   00774    0.4900    -213.5431  0.4591 
   00775    0.4900    -217.8128  0.4177 
   00776    0.4800    -228.8827  0.4485 
   00777    0.4000    -241.2617  0.4776 
   00778    0.4700    -230.6367  0.5002 
   00779    0.4600    -235.5140  0.5307 
   00780    0.4700    -238.9405  0.5736 
   00781    0.5100    -235.3298  0.5670 
   00782    0.4000    -222.7326  0.5492 
   00783    0.4500    -226.7790  0.5278 
   00784    0.5300    -215.9103  0.5241 
   00785    0.5500    -214.5830  0.5839 
   00786    0.5100    -220.3601  0.5792 
   00787    0.4500    -241.2189  0.5995 
   00788    0.5600    -237.5738  0.5878 
   00789    0.5500    -231.6895  0.5984 
   00790    0.4700    -245.4212  0.6411 
   00791    0.5000    -248.3435  0.6748 
   00792    0.4900    -238.6618  0.6741 
   00793    0.5100    -244.3000  0.6879 
   00794    0.5200    -233.6849  0.6425 
   00795    0.4800    -235.5364  0.6048 
   00796    0.4800    -241.7903  0.6086 
   00797    0.5400    -253.4036  0.6178 
   00798    0.4200    -252.0256  0.6314 
   00799    0.3800    -265.3008  0.6503 
   00800    0.4100    -264.4910  0.6589 
   00801    0.5100    -266.7295  0.6840 
   00802    0.4300    -259.4046  0.6679 
   00803    0.4600    -227.0843  0.5446 
   00804    0.4500    -219.2417  0.4927 
   00805    0.5100    -210.1572  0.5245 
   00806    0.5600    -215.8548  0.5715 
   00807    0.5000    -230.6989  0.6138 
   00808    0.4300    -247.0391  0.6236 
   00809    0.4300    -234.3709  0.5658 
   00810    0.4300    -248.6079  0.5579 
   00811    0.4500    -248.2775  0.5463 
   00812    0.4300    -263.8945  0.5404 
   00813    0.4200    -241.0111  0.5529 
   00814    0.4800    -249.8705  0.5545 
   00815    0.4400    -241.1680  0.5270 
   00816    0.5200    -233.4146  0.5115 
   00817    0.4700    -241.8168  0.4934 
   00818    0.4900    -241.1397  0.4914 
   00819    0.5100    -238.5317  0.4939 
   00820    0.5200    -220.3824  0.5124 
   00821    0.5500    -203.6722  0.5135 
   00822    0.5100    -211.8216  0.4450 
   00823    0.4700    -200.3624  0.4640 
   00824    0.4500    -211.9023  0.5268 
   00825    0.5700    -221.5661  0.5889 
   00826    0.5900    -227.0879  0.5933 
   00827    0.5000    -224.1161  0.5242 
   00828    0.4500    -227.8226  0.4920 
   00829    0.5100    -251.7724  0.5504 
   00830    0.4500    -251.9982  0.5637 
   00831    0.4500    -252.9818  0.5930 
   00832    0.5800    -255.7506  0.5798 
   00833    0.4300    -265.5816  0.5789 
   00834    0.4200    -257.5265  0.5781 
   00835    0.4000    -267.5674  0.5982 
   00836    0.3600    -261.8482  0.6058 
   00837    0.4600    -260.3653  0.5709 
   00838    0.2900    -275.2554  0.6001 
   00839    0.3800    -260.4906  0.5864 
   00840    0.4600    -239.7223  0.6078 
   00841    0.4700    -268.4020  0.6430 
   00842    0.4000    -274.2892  0.6850 
   00843    0.3400    -273.0768  0.6637 
   00844    0.3900    -269.7385  0.7260 
   00845    0.4100    -280.3362  0.7313 
   00846    0.3600    -254.8345  0.7212 
   00847    0.5500    -241.7937  0.6262 
   00848    0.5300    -232.8013  0.6053 
   00849    0.4800    -242.5669  0.5846 
   00850    0.4600    -240.9901  0.5606 
   00851    0.5000    -247.6048  0.5438 
   00852    0.4400    -242.0851  0.5230 
   00853    0.4100    -244.3794  0.5159 
   00854    0.6100    -237.9641  0.5127 
   00855    0.4300    -236.6824  0.4562 
   00856    0.4600    -216.5648  0.4751 
   00857    0.4400    -228.5612  0.4584 
   00858    0.5400    -229.3448  0.5007 
   00859    0.5000    -232.1780  0.5212 
   00860    0.4900    -226.8907  0.5184 
   00861    0.5500    -208.1044  0.5096 
   00862    0.5400    -206.8594  0.5432 
   00863    0.5200    -211.5556  0.5933 
   00864    0.4400    -237.4526  0.6615 
   00865    0.4600    -246.4048  0.6689 
   00866    0.3900    -249.4216  0.6485 
   00867    0.4500    -254.0714  0.6187 
   00868    0.5200    -240.2249  0.6005 
   00869    0.4600    -239.0335  0.6190 
   00870    0.5100    -220.2690  0.6027 
   00871    0.5500    -227.3192  0.6266 
   00872    0.5600    -247.2196  0.6500 
   00873    0.4200    -253.4387  0.6407 
   00874    0.4200    -259.3981  0.6795 
   00875    0.4700    -261.9682  0.7001 
   00876    0.4700    -262.0062  0.7200 
   00877    0.4600    -272.7600  0.7372 
   00878    0.4100    -262.1441  0.7311 
   00879    0.3800    -284.4262  0.7794 
   00880    0.4400    -264.5280  0.7373 
   00881    0.4900    -240.3832  0.7060 
   00882    0.5300    -235.7821  0.6552 
   00883    0.5600    -254.0115  0.7061 
   00884    0.4100    -264.1337  0.7328 
   00885    0.4600    -270.6244  0.7547 
   00886    0.4100    -278.8517  0.7645 
   00887    0.5400    -272.2808  0.7243 
   00888    0.3800    -269.0922  0.7159 
   00889    0.3800    -281.4370  0.7292 
   00890    0.4100    -280.8308  0.7339 
   00891    0.4000    -291.3043  0.7670 
   00892    0.4600    -292.3462  0.7890 
   00893    0.4200    -291.4110  0.7817 
   00894    0.4400    -288.0781  0.7807 
   00895    0.3400    -286.6286  0.7835 
   00896    0.3900    -284.1393  0.7841 
   00897    0.4400    -288.0878  0.7825 
   00898    0.4300    -298.0559  0.8034 
   00899    0.4800    -290.0698  0.8107 
   00900    0.4500    -270.5136  0.7717 
   00901    0.3500    -293.6163  0.8083 
   00902    0.3900    -287.5754  0.7931 
   00903    0.4400    -293.0562  0.8219 
   00904    0.3700    -300.1917  0.8074 
   00905    0.3700    -301.3965  0.8261 
   00906    0.4400    -304.8411  0.8527 
   00907    0.3600    -316.8939  0.8634 
   00908    0.2600    -320.3018  0.8583 
   00909    0.3000    -289.4288  0.8015 
   00910    0.4400    -312.1107  0.8277 
   00911    0.4300    -305.4375  0.8324 
   00912    0.2800    -306.1250  0.8218 
   00913    0.3300    -308.4681  0.8286 
   00914    0.3900    -285.7174  0.7928 
   00915    0.3500    -297.9992  0.7926 
   00916    0.3800    -306.8647  0.8250 
   00917    0.3000    -296.6442  0.7889 
   00918    0.4100    -294.3560  0.7833 
   00919    0.3100    -301.5746  0.8042 
   00920    0.2900    -287.0740  0.7900 
   00921    0.4100    -285.8254  0.7646 
   00922    0.4400    -282.9897  0.7412 
   00923    0.4800    -251.3544  0.7040 
   00924    0.5200    -257.6806  0.7289 
   00925    0.5000    -259.5074  0.7445 
   00926    0.5100    -248.7677  0.7013 
   00927    0.3700    -253.6316  0.7181 
   00928    0.4800    -260.4197  0.7126 
   00929    0.4000    -280.0704  0.7372 
   00930    0.4500    -261.2732  0.7217 
   00931    0.4300    -250.6624  0.7075 
   00932    0.4700    -272.8859  0.7394 
   00933    0.4300    -262.8987  0.7162 
   00934    0.4900    -243.9636  0.6600 
   00935    0.5100    -248.6343  0.6539 
   00936    0.5400    -232.6119  0.6149 
   00937    0.5500    -231.1992  0.5142 
   00938    0.5300    -225.0740  0.4436 
   00939    0.6400    -221.6796  0.4294 
   00940    0.5400    -228.3965  0.4678 
   00941    0.5200    -232.9909  0.5147 
   00942    0.4800    -230.3457  0.4676 
   00943    0.5300    -215.0505  0.4727 
   00944    0.4500    -207.7460  0.4386 
   00945    0.5700    -205.7318  0.3966 
   00946    0.5500    -216.3087  0.4481 
   00947    0.5000    -200.0665  0.4477 
   00948    0.5600    -198.1468  0.4785 
   00949    0.5400    -196.8060  0.4632 
   00950    0.5800    -201.8796  0.5182 
   00951    0.5600    -230.2647  0.5350 
   00952    0.4800    -222.0968  0.5805 
   00953    0.4800    -226.4655  0.5404 
   00954    0.5100    -229.3105  0.5485 
   00955    0.4800    -202.9710  0.5282 
   00956    0.5700    -202.2991  0.4951 
   00957    0.5800    -200.5906  0.5275 
   00958    0.6100    -218.0660  0.5759 
   00959    0.4900    -238.5961  0.5507 
   00960    0.4700    -240.4145  0.5825 
   00961    0.5600    -244.2462  0.5677 
   00962    0.4500    -238.2373  0.5591 
   00963    0.4900    -244.3439  0.5015 
   00964    0.4600    -234.1632  0.5399 
   00965    0.5000    -246.2390  0.5687 
   00966    0.4900    -250.5929  0.5646 
   00967    0.4600    -233.6792  0.5193 
   00968    0.4900    -242.8375  0.5113 
   00969    0.4200    -247.3125  0.5028 
   00970    0.4500    -235.2924  0.4956 
   00971    0.6200    -218.9405  0.5248 
   00972    0.4900    -228.8770  0.5116 
   00973    0.4700    -234.6579  0.5656 
   00974    0.5500    -231.4629  0.5443 
   00975    0.5000    -248.1907  0.6023 
   00976    0.5100    -250.6463  0.6486 
   00977    0.5000    -236.1189  0.6264 
   00978    0.4800    -229.6867  0.5989 
   00979    0.6700    -206.1305  0.5304 
   00980    0.5400    -213.8044  0.5491 
   00981    0.6400    -197.3092  0.4652 
   00982    0.5800    -216.2264  0.4819 
   00983    0.4800    -214.4522  0.4594 
   00984    0.5400    -225.8685  0.4996 
   00985    0.5100    -226.4753  0.4917 
   00986    0.4500    -225.0687  0.4542 
   00987    0.4400    -247.8168  0.4166 
   00988    0.4900    -245.5424  0.4340 
   00989    0.4900    -245.3288  0.5548 
   00990    0.4600    -256.0820  0.5655 
   00991    0.5300    -230.5262  0.5197 
   00992    0.4500    -252.0004  0.5511 
   00993    0.5300    -238.4297  0.5451 
   00994    0.4300    -239.5904  0.5713 
   00995    0.4200    -236.4646  0.4943 
   00996    0.5100    -226.2584  0.4755 
   00997    0.4800    -248.9794  0.5088 
   00998    0.4300    -234.6636  0.4961 
   00999    0.5400    -234.8228  0.5549 
   01000    0.4300    -223.0752  0.5547 
