#=====================================================
# File created:        Fri-08-Mar-2024-at-05-05-31PM
# Size of lattice:     10x10
# Number of MC steps:  1000
# Reduced temperature: 1.000
# Run time (s):        12.365549
#=====================================================
# MC step:  Ratio:     Energy:   Order:
#=====================================================
   00000    0.5000     -86.8263  0.2656 
   00001    0.7400    -121.9682  0.2745 
   00002    0.6500    -176.5213  0.3301 
   00003    0.6600    -162.0795  0.2839 
   00004    0.6800    -166.5317  0.3117 
   00005    0.5700    -161.9437  0.3342 
   00006    0.6000    -185.4810  0.4186 
   00007    0.5900    -185.6646  0.3628 
   00008    0.5200    -198.8492  0.4023 
   00009    0.5300    -202.9675  0.3676 
   00010    0.5700    -200.0922  0.3695 
   00011    0.5200    -206.8204  0.3571 
   00012    0.6400    -205.4004  0.4144 
   00013    0.4900    -228.5677  0.4798 
   00014    0.5100    -207.0329  0.4619 
   00015    0.5200    -223.6228  0.5251 
   00016    0.5200    -229.0019  0.4852 
   00017    0.5200    -237.9288  0.4885 
   00018    0.5100    -242.5184  0.5125 
   00019    0.6100    -217.1134  0.4619 
   00020    0.5900    -225.5103  0.3974 
   00021    0.5300    -226.6125  0.4639 
   00022    0.4700    -211.3236  0.4781 
   00023    0.6100    -206.6281  0.3840 
   00024    0.5400    -200.3790  0.3173 
   00025    0.5800    -212.6120  0.3010 
   00026    0.5100    -211.3485  0.2909 
   00027    0.4900    -222.8213  0.3220 
   00028    0.5000    -241.2688  0.3543 
   00029    0.4400    -240.8658  0.3479 
   00030    0.5300    -231.2421  0.4664 
   00031    0.5100    -223.0196  0.4027 
   00032    0.4600    -227.2591  0.3927 
   00033    0.4800    -227.1196  0.4112 
   00034    0.4900    -228.8630  0.4801 
   00035    0.4700    -223.0483  0.4560 
   00036    0.5200    -221.2807  0.4435 
   00037    0.5200    -239.5314  0.4093 
   00038    0.4800    -239.2913  0.4405 
   00039    0.4400    -251.4642  0.4104 
   00040    0.3800    -256.3398  0.4535 
   00041    0.5000    -258.9321  0.4580 
   00042    0.4200    -256.8127  0.4292 
   00043    0.4800    -257.5729  0.4154 
   00044    0.5400    -250.2240  0.4424 
   00045    0.4700    -241.6892  0.5583 
   00046    0.5100    -252.1391  0.5984 
   00047    0.4500    -245.9877  0.5485 
   00048    0.4200    -249.9357  0.5200 
   00049    0.4500    -253.6885  0.5719 
   00050    0.6100    -252.2641  0.5459 
   00051    0.4700    -255.5243  0.5625 
   00052    0.4300    -260.6003  0.5875 
   00053    0.4400    -279.5268  0.6089 
   00054    0.4300    -275.7005  0.5456 
   00055    0.4400    -283.3828  0.6014 
   00056    0.4700    -266.9526  0.5754 
   00057    0.4700    -258.4927  0.5583 
   00058    0.4700    -241.9408  0.5400 
   00059    0.5500    -230.4876  0.4815 
   00060    0.5400    -216.7591  0.5151 
   00061    0.4800    -224.4691  0.4845 
   00062    0.5400    -217.5662  0.4776 
   00063    0.5300    -213.5928  0.5056 
   00064    0.5800    -223.8691  0.4728 
   00065    0.4800    -224.0364  0.3981 
   00066    0.5400    -206.1011  0.4419 
   00067    0.5700    -193.5765  0.5101 
   00068    0.6300    -184.3581  0.5203 
   00069    0.5800    -186.2146  0.4183 
   00070    0.6100    -175.3544  0.3828 
   00071    0.6300    -204.0117  0.4544 
   00072    0.6000    -208.8645  0.4329 
   00073    0.5900    -213.4828  0.3769 
   00074    0.4500    -245.0076  0.3174 
   00075    0.5400    -233.7654  0.4295 
   00076    0.5500    -258.8935  0.4299 
   00077    0.5600    -236.9155  0.4055 
   00078    0.6000    -224.0774  0.4370 
   00079    0.5000    -235.1019  0.4498 
   00080    0.4600    -243.0809  0.4494 
   00081    0.4300    -219.6996  0.4404 
   00082    0.5200    -229.7909  0.5200 
   00083    0.4300    -230.5088  0.4622 
   00084    0.4700    -214.3030  0.4927 
   00085    0.5700    -200.1790  0.4792 
   00086    0.5200    -210.4362  0.4398 
   00087    0.6100    -211.8091  0.4588 
   00088    0.4100    -214.8380  0.4599 
   00089    0.4900    -202.6103  0.4717 
   00090    0.4800    -196.2547  0.3815 
   00091    0.5800    -214.0063  0.3733 
   00092    0.5500    -213.8958  0.4857 
   00093    0.5700    -199.9500  0.4678 
   00094    0.5000    -189.6667  0.4633 
   00095    0.7000    -195.9621  0.4911 
   00096    0.5700    -199.8324  0.4510 
   00097    0.5700    -192.1154  0.4560 
   00098    0.6000    -203.0609  0.4183 
   00099    0.5100    -246.9837  0.4758 
   00100    0.5400    -225.7575  0.3732 
   00101    0.5300    -231.1059  0.4013 
   00102    0.5600    -233.1787  0.4862 
   00103    0.3800    -241.5688  0.4532 
   00104    0.5500    -220.7814  0.5643 
   00105    0.5100    -225.5321  0.5177 
   00106    0.5200    -215.4110  0.4576 
   00107    0.5700    -213.2370  0.3793 
   00108    0.4500    -221.9262  0.3849 
   00109    0.5700    -220.6203  0.3114 
   00110    0.4900    -219.0641  0.3630 
   00111    0.5200    -223.3213  0.3584 
   00112    0.5500    -220.6421  0.3203 
   00113    0.5200    -220.0270  0.3620 
   00114    0.5600    -201.4927  0.3917 
   00115    0.4600    -210.6840  0.4359 
   00116    0.5700    -208.1823  0.4177 
   00117    0.4600    -214.9664  0.4093 
   00118    0.4500    -228.6158  0.4278 
   00119    0.4900    -223.3518  0.4063 
   00120    0.5500    -232.5249  0.3599 
   00121    0.6000    -215.8842  0.3614 
   00122    0.5400    -203.2598  0.3209 
   00123    0.5200    -224.4551  0.2652 
   00124    0.4300    -226.7693  0.2824 
   00125    0.5400    -224.7058  0.2851 
   00126    0.5500    -234.7780  0.3399 
   00127    0.4700    -257.8499  0.3320 
   00128    0.4900    -249.1350  0.2925 
   00129    0.4600    -246.1310  0.3044 
   00130    0.4400    -242.4204  0.3012 
   00131    0.4600    -221.7839  0.2945 
   00132    0.5600    -211.7047  0.2856 
   00133    0.5800    -186.9033  0.2914 
   00134    0.6200    -206.6708  0.3776 
   00135    0.5800    -211.0379  0.4381 
   00136    0.4800    -201.3080  0.3953 
   00137    0.5300    -229.5654  0.4137 
   00138    0.4800    -237.6737  0.4213 
   00139    0.4300    -240.8716  0.4175 
   00140    0.4500    -238.6302  0.4305 
   00141    0.4900    -233.4335  0.4264 
   00142    0.4700    -254.3602  0.4302 
   00143    0.4900    -233.8811  0.4260 
   00144    0.5300    -232.6867  0.4608 
   00145    0.5700    -230.8109  0.4557 
   00146    0.5000    -249.2466  0.4767 
   00147    0.5900    -235.9629  0.4349 
   00148    0.5400    -237.8370  0.3882 
   00149    0.4600    -223.3935  0.4575 
   00150    0.5700    -222.7513  0.4958 
   00151    0.5400    -219.9273  0.5134 
   00152    0.5400    -232.8628  0.5127 
   00153    0.5200    -214.8255  0.5042 
   00154    0.6300    -198.6254  0.4189 
   00155    0.5600    -202.0445  0.4542 
   00156    0.6000    -207.2001  0.5035 
   00157    0.6200    -210.8108  0.4189 
   00158    0.4900    -235.0227  0.4655 
   00159    0.5000    -236.8809  0.4691 
   00160    0.4900    -221.9529  0.3953 
   00161    0.5400    -234.0432  0.4805 
   00162    0.4300    -238.5882  0.4794 
   00163    0.4900    -267.8519  0.4764 
   00164    0.4100    -268.5531  0.4727 
   00165    0.3900    -248.3699  0.4526 
   00166    0.3400    -251.6855  0.4494 
   00167    0.5000    -228.5321  0.4784 
   00168    0.5700    -234.3155  0.5027 
   00169    0.4600    -254.6193  0.5358 
   00170    0.4800    -256.2408  0.4885 
   00171    0.4400    -254.5913  0.5813 
   00172    0.3900    -259.7364  0.5597 
   00173    0.3600    -254.3276  0.5629 
   00174    0.4200    -246.0433  0.5781 
   00175    0.4600    -243.2928  0.5687 
   00176    0.4800    -238.9962  0.5611 
   00177    0.4900    -238.8987  0.6084 
   00178    0.5300    -231.7865  0.6361 
   00179    0.4200    -253.3624  0.6824 
   00180    0.4300    -243.6369  0.6410 
   00181    0.5300    -247.6896  0.6810 
   00182    0.4400    -229.9989  0.5917 
   00183    0.4800    -237.6469  0.6100 
   00184    0.5200    -225.8045  0.5826 
   00185    0.4100    -232.3372  0.6037 
   00186    0.5700    -225.9515  0.5755 
   00187    0.4600    -229.9463  0.5563 
   00188    0.5600    -217.2539  0.5855 
   00189    0.5500    -228.6878  0.5751 
   00190    0.5400    -212.1571  0.5563 
   00191    0.4200    -216.9119  0.5723 
   00192    0.5100    -241.9724  0.5707 
   00193    0.4400    -251.2668  0.5678 
   00194    0.5300    -257.9823  0.6368 
   00195    0.4200    -250.4622  0.6035 
   00196    0.4100    -254.5135  0.5837 
   00197    0.4000    -248.5580  0.5899 
   00198    0.4600    -240.1551  0.5752 
   00199    0.5200    -231.0638  0.4974 
   00200    0.5100    -251.8464  0.5769 
   00201    0.4900    -249.7213  0.6038 
   00202    0.4600    -223.9036  0.5923 
   00203    0.5000    -223.2858  0.5858 
   00204    0.5400    -224.6142  0.5536 
   00205    0.5100    -217.6180  0.5195 
   00206    0.4900    -241.3091  0.6023 
   00207    0.5300    -230.7217  0.6205 
   00208    0.5300    -217.0626  0.5343 
   00209    0.5700    -221.5703  0.5003 
   00210    0.5100    -231.3073  0.4867 
   00211    0.5000    -245.0992  0.4660 
   00212    0.4900    -248.7294  0.5431 
   00213    0.5000    -271.1300  0.5121 
   00214    0.4500    -265.8704  0.5055 
   00215    0.4600    -257.5400  0.5354 
   00216    0.4700    -240.4376  0.5833 
   00217    0.5100    -248.2825  0.5278 
   00218    0.5800    -237.8049  0.4853 
   00219    0.4900    -241.4064  0.4826 
   00220    0.5800    -238.8994  0.5018 
   00221    0.4200    -248.8647  0.5175 
   00222    0.4700    -254.6375  0.5084 
   00223    0.3700    -253.7456  0.5461 
   00224    0.4600    -254.9855  0.5331 
   00225    0.4900    -245.2542  0.5122 
   00226    0.4000    -239.7483  0.5135 
   00227    0.4800    -221.4084  0.5650 
   00228    0.4800    -228.2335  0.5874 
   00229    0.5400    -213.1670  0.4721 
   00230    0.4500    -215.3957  0.4716 
   00231    0.5900    -216.7653  0.4790 
   00232    0.4600    -220.5169  0.5591 
   00233    0.4600    -248.8590  0.6361 
   00234    0.5300    -256.1273  0.5923 
   00235    0.4600    -244.3428  0.5973 
   00236    0.5000    -237.5391  0.5167 
   00237    0.4500    -233.9532  0.5725 
   00238    0.4900    -237.2389  0.5525 
   00239    0.4900    -230.9276  0.5206 
   00240    0.5000    -238.3335  0.5005 
   00241    0.5300    -237.5361  0.4974 
   00242    0.4800    -224.6989  0.4908 
   00243    0.5200    -236.8471  0.5260 
   00244    0.6100    -244.8346  0.5291 
   00245    0.6300    -225.5380  0.6291 
   00246    0.5000    -214.4755  0.5671 
   00247    0.5900    -254.0799  0.5888 
   00248    0.5400    -254.5692  0.6149 
   00249    0.4700    -252.9977  0.5642 
   00250    0.4500    -250.8673  0.5876 
   00251    0.3800    -241.7334  0.5800 
   00252    0.4700    -258.4662  0.6363 
   00253    0.4800    -262.1886  0.6663 
   00254    0.4300    -264.4308  0.6682 
   00255    0.4300    -252.7776  0.6383 
   00256    0.4200    -240.7858  0.6109 
   00257    0.4200    -236.6289  0.5459 
   00258    0.5000    -233.9667  0.5306 
   00259    0.3700    -243.4825  0.5829 
   00260    0.4300    -239.2177  0.5645 
   00261    0.4900    -229.1966  0.5135 
   00262    0.5900    -219.3973  0.3732 
   00263    0.4000    -204.8681  0.4013 
   00264    0.5300    -223.3550  0.4278 
   00265    0.4800    -238.0165  0.4094 
   00266    0.4900    -235.8583  0.4215 
   00267    0.4900    -249.2256  0.4193 
   00268    0.4100    -237.1664  0.4866 
   00269    0.4400    -245.0890  0.5471 
   00270    0.4900    -240.3666  0.6120 
   00271    0.4600    -224.8853  0.5958 
   00272    0.5100    -227.6418  0.5501 
   00273    0.5000    -213.9880  0.5159 
   00274    0.5800    -234.2729  0.5857 
   00275    0.4500    -236.9403  0.6182 
   00276    0.5100    -239.8018  0.5886 
   00277    0.5800    -225.6162  0.5047 
   00278    0.4400    -222.2905  0.5303 
   00279    0.5200    -220.0081  0.5101 
   00280    0.5100    -197.8286  0.4570 
   00281    0.5400    -193.5513  0.5015 
   00282    0.5100    -220.0581  0.5822 
   00283    0.4600    -226.8598  0.6284 
   00284    0.4300    -236.9589  0.6397 
   00285    0.4200    -233.2593  0.5723 
   00286    0.4700    -225.7436  0.5136 
   00287    0.4900    -243.2946  0.5827 
   00288    0.4900    -240.7254  0.5651 
   00289    0.5000    -233.4106  0.5752 
   00290    0.4100    -246.1469  0.5917 
   00291    0.4900    -227.3577  0.5673 
   00292    0.5200    -229.6860  0.5971 
   00293    0.5000    -225.0540  0.5559 
   00294    0.5100    -238.8868  0.5679 
   00295    0.4800    -218.7458  0.5619 
   00296    0.5400    -219.4557  0.5502 
   00297    0.5200    -229.5156  0.5932 
   00298    0.5500    -241.6866  0.6119 
   00299    0.4800    -255.7241  0.6054 
   00300    0.3700    -255.6026  0.6154 
   00301    0.4900    -258.2744  0.6367 
   00302    0.5000    -261.2848  0.6464 
   00303    0.4500    -264.7385  0.6371 
   00304    0.4000    -266.5572  0.6455 
   00305    0.4500    -264.0360  0.6678 
   00306    0.4100    -255.1271  0.6043 
   00307    0.4700    -246.6750  0.5857 
   00308    0.4500    -262.3315  0.5843 
   00309    0.4200    -256.6362  0.5606 
   00310    0.4400    -256.2577  0.5509 
   00311    0.5300    -257.5292  0.5377 
   00312    0.4600    -257.7547  0.5394 
   00313    0.5100    -258.2493  0.5247 
   00314    0.4600    -251.6914  0.4902 
   00315    0.4500    -233.1523  0.5149 
   00316    0.5200    -245.6528  0.5346 
   00317    0.4500    -273.1362  0.5602 
   00318    0.3900    -260.4437  0.5786 
   00319    0.4800    -267.3714  0.5753 
   00320    0.5000    -265.6385  0.5345 
   00321    0.4200    -250.4151  0.6018 
   00322    0.4600    -244.6348  0.6516 
   00323    0.5500    -231.8590  0.6665 
   00324    0.5000    -239.0446  0.6705 
   00325    0.6000    -220.8629  0.6540 
   00326    0.4900    -244.0421  0.6872 
   00327    0.5100    -233.1196  0.6554 
   00328    0.4800    -248.8047  0.6732 
   00329    0.4700    -273.6267  0.7379 
   00330    0.5200    -263.2307  0.7364 
   00331    0.4300    -283.8535  0.7571 
   00332    0.4200    -293.2919  0.7770 
   00333    0.3600    -281.0058  0.7654 
   00334    0.4800    -280.0830  0.7533 
   00335    0.3700    -256.1419  0.7399 
   00336    0.4100    -253.7265  0.7092 
   00337    0.4300    -260.0658  0.7000 
   00338    0.5000    -258.6827  0.7007 
   00339    0.4700    -264.6566  0.7004 
   00340    0.4200    -239.2607  0.7105 
   00341    0.4800    -244.7822  0.6793 
   00342    0.5500    -251.2623  0.6959 
   00343    0.4900    -265.2017  0.7019 
   00344    0.4800    -252.5140  0.7033 
   00345    0.3900    -252.5476  0.6944 
   00346    0.4200    -267.8015  0.7249 
   00347    0.5000    -269.4029  0.7295 
   00348    0.4600    -252.6449  0.7035 
   00349    0.3700    -261.8616  0.6936 
   00350    0.4600    -246.6472  0.6461 
   00351    0.4800    -246.9169  0.6831 
   00352    0.4600    -233.7607  0.6614 
   00353    0.5200    -231.3873  0.5982 
   00354    0.5400    -246.3123  0.6551 
   00355    0.4900    -255.1621  0.6886 
   00356    0.4900    -236.0099  0.6910 
   00357    0.5000    -234.1076  0.6357 
   00358    0.4900    -228.9357  0.6210 
   00359    0.5300    -229.5843  0.6137 
   00360    0.5400    -217.7568  0.5745 
   00361    0.4200    -234.8643  0.5634 
   00362    0.5300    -243.9577  0.5616 
   00363    0.5300    -233.5521  0.5254 
   00364    0.5200    -238.9619  0.4928 
   00365    0.4900    -248.2975  0.5056 
   00366    0.4800    -235.6187  0.5187 
   00367    0.2900    -255.8464  0.5505 
   00368    0.5300    -262.2599  0.5448 
   00369    0.4500    -261.1662  0.5246 
   00370    0.5600    -252.8388  0.5360 
   00371    0.5100    -243.6884  0.5721 
   00372    0.4700    -228.3071  0.5615 
   00373    0.5500    -240.5962  0.6230 
   00374    0.5100    -232.3771  0.5994 
   00375    0.5400    -224.8412  0.5415 
   00376    0.4600    -218.9111  0.5294 
   00377    0.5100    -227.5671  0.5486 
   00378    0.4700    -237.4284  0.5449 
   00379    0.3600    -250.5797  0.5470 
   00380    0.5600    -240.3197  0.5983 
   00381    0.4400    -245.8227  0.5961 
   00382    0.5000    -246.8969  0.5767 
   00383    0.4200    -253.8667  0.5962 
   00384    0.4400    -223.0885  0.5121 
   00385    0.5000    -227.6749  0.4895 
   00386    0.4900    -214.3211  0.4036 
   00387    0.4200    -233.7301  0.4016 
   00388    0.4900    -230.2044  0.4400 
   00389    0.4600    -225.0960  0.4922 
   00390    0.5700    -225.4854  0.5072 
   00391    0.4700    -224.5342  0.4685 
   00392    0.5700    -215.9905  0.4785 
   00393    0.4700    -248.6510  0.5494 
   00394    0.5400    -236.2339  0.5147 
   00395    0.4300    -245.5217  0.5280 
   00396    0.5200    -241.1242  0.5388 
   00397    0.4000    -252.2365  0.5305 
   00398    0.5000    -237.6024  0.5955 
   00399    0.4800    -258.5529  0.6450 
   00400    0.4800    -227.1916  0.5902 
   00401    0.6000    -223.2080  0.5844 
   00402    0.5500    -225.1468  0.5771 
   00403    0.4800    -239.8437  0.6154 
   00404    0.4700    -228.1459  0.6381 
   00405    0.5200    -245.4095  0.6207 
   00406    0.3800    -262.8111  0.6222 
   00407    0.5200    -270.4383  0.6676 
   00408    0.3600    -275.9947  0.6736 
   00409    0.4200    -260.6735  0.6224 
   00410    0.4300    -266.6450  0.6251 
   00411    0.4700    -263.5880  0.6092 
   00412    0.3800    -261.4815  0.6110 
   00413    0.4300    -266.9630  0.6293 
   00414    0.4500    -258.1763  0.6051 
   00415    0.4200    -248.7091  0.5734 
   00416    0.4300    -235.8760  0.5481 
   00417    0.4200    -251.9078  0.5483 
   00418    0.3800    -249.9257  0.5244 
   00419    0.5000    -251.2787  0.4834 
   00420    0.4700    -263.6530  0.5174 
   00421    0.5600    -248.7517  0.5356 
   00422    0.5400    -225.3721  0.4998 
   00423    0.5300    -204.3279  0.4876 
   00424    0.5800    -221.8902  0.5160 
   00425    0.4900    -234.6994  0.5595 
   00426    0.4800    -243.5310  0.5720 
   00427    0.4500    -226.8989  0.5663 
   00428    0.5000    -210.1688  0.5101 
   00429    0.5000    -230.1542  0.5515 
   00430    0.5600    -223.4252  0.5006 
   00431    0.5300    -214.0530  0.5030 
   00432    0.5100    -208.1779  0.5217 
   00433    0.5300    -220.5029  0.5817 
   00434    0.6500    -209.6727  0.5869 
   00435    0.5400    -218.1684  0.6249 
   00436    0.5900    -252.2430  0.6252 
   00437    0.4900    -228.8492  0.5344 
   00438    0.5000    -235.3852  0.5453 
   00439    0.5700    -257.3368  0.6058 
   00440    0.4500    -251.7411  0.6010 
   00441    0.4500    -236.2453  0.5602 
   00442    0.4700    -248.7579  0.5735 
   00443    0.4200    -257.5243  0.5717 
   00444    0.5000    -270.7382  0.5913 
   00445    0.5800    -242.1044  0.5638 
   00446    0.5000    -250.3307  0.4895 
   00447    0.3800    -234.7483  0.4666 
   00448    0.5000    -219.6537  0.3916 
   00449    0.5400    -227.0632  0.3622 
   00450    0.4300    -219.4353  0.3004 
   00451    0.4500    -209.3688  0.3688 
   00452    0.5100    -200.3406  0.3986 
   00453    0.6200    -214.0582  0.4657 
   00454    0.5500    -198.1987  0.4846 
   00455    0.5800    -192.7681  0.4986 
   00456    0.5200    -190.8975  0.5147 
   00457    0.4300    -227.4025  0.5240 
   00458    0.5300    -229.0350  0.5573 
   00459    0.4000    -256.1834  0.6057 
   00460    0.4600    -258.8073  0.6263 
   00461    0.4500    -247.9164  0.6786 
   00462    0.4500    -254.1588  0.6842 
   00463    0.5100    -237.3123  0.6041 
   00464    0.5100    -218.3244  0.5765 
   00465    0.5000    -241.5765  0.5898 
   00466    0.5000    -246.9647  0.6168 
   00467    0.4700    -247.8203  0.6346 
   00468    0.4900    -247.4810  0.5923 
   00469    0.5500    -227.5131  0.5134 
   00470    0.5000    -249.8754  0.5037 
   00471    0.5000    -241.6928  0.4882 
   00472    0.5900    -216.4558  0.4480 
   00473    0.5300    -224.7429  0.4129 
   00474    0.4600    -227.6413  0.4172 
   00475    0.5500    -243.7668  0.4659 
   00476    0.4100    -244.6684  0.5014 
   00477    0.5600    -231.2783  0.4962 
   00478    0.5800    -231.6386  0.5002 
   00479    0.5000    -254.6614  0.5503 
   00480    0.5200    -236.4886  0.5618 
   00481    0.4800    -242.2473  0.6163 
   00482    0.4900    -260.6438  0.6441 
   00483    0.4800    -262.9897  0.6711 
   00484    0.4000    -274.0203  0.7094 
   00485    0.4400    -273.9981  0.7327 
   00486    0.4200    -273.1316  0.7162 
   00487    0.4800    -263.1350  0.6806 
   00488    0.3300    -265.7165  0.6726 
   00489    0.3600    -256.6190  0.6542 
   00490    0.4000    -269.8343  0.6663 
   00491    0.3800    -275.3332  0.7106 
   00492    0.3800    -265.3942  0.6707 
   00493    0.4600    -266.5842  0.6828 
   00494    0.5000    -270.6149  0.7374 
   00495    0.4800    -275.0649  0.7357 
   00496    0.4100    -284.1696  0.7585 
   00497    0.4400    -286.0243  0.7436 
   00498    0.3700    -286.0164  0.7466 
   00499    0.4900    -276.3804  0.7462 
   00500    0.4000    -266.5158  0.6833 
   00501    0.4300    -278.2673  0.7540 
   00502    0.3800    -285.3103  0.7415 
   00503    0.4300    -288.0591  0.7634 
   00504    0.4100    -278.0774  0.7351 
   00505    0.4600    -268.5656  0.7218 
   00506    0.3900    -247.8036  0.6790 
   00507    0.3900    -238.4618  0.6499 
   00508    0.5100    -242.8157  0.6848 
   00509    0.3900    -224.3672  0.6748 
   00510    0.5500    -225.2566  0.6834 
   00511    0.5000    -236.0649  0.6438 
   00512    0.3900    -248.1246  0.6359 
   00513    0.5200    -250.2432  0.6157 
   00514    0.5000    -251.5949  0.6190 
   00515    0.4500    -255.4774  0.6554 
   00516    0.5000    -242.4225  0.6488 
   00517    0.4000    -277.8706  0.6970 
   00518    0.4000    -246.5107  0.6766 
   00519    0.4500    -258.8829  0.6853 
   00520    0.4400    -258.1944  0.6621 
   00521    0.4600    -263.4099  0.6320 
   00522    0.4700    -259.3549  0.6528 
   00523    0.5100    -240.4477  0.6186 
   00524    0.4600    -226.3570  0.6158 
   00525    0.5300    -240.9029  0.6027 
   00526    0.4900    -247.6346  0.6439 
   00527    0.4100    -242.7103  0.6118 
   00528    0.5000    -243.8212  0.6086 
   00529    0.5200    -235.3891  0.5549 
   00530    0.5600    -229.8762  0.4788 
   00531    0.4400    -227.5323  0.4902 
   00532    0.5100    -237.0533  0.4981 
   00533    0.4700    -244.8114  0.5337 
   00534    0.5200    -242.8042  0.5804 
   00535    0.4000    -229.0433  0.4994 
   00536    0.4600    -239.3887  0.5688 
   00537    0.4700    -218.2035  0.5232 
   00538    0.4500    -227.1761  0.5158 
   00539    0.4100    -225.4941  0.4849 
   00540    0.5100    -236.8959  0.5338 
   00541    0.4600    -244.5767  0.5366 
   00542    0.4300    -241.7561  0.5571 
   00543    0.4600    -235.5767  0.5439 
   00544    0.3700    -224.6254  0.5181 
   00545    0.4600    -223.8255  0.5172 
   00546    0.6000    -223.1893  0.4927 
   00547    0.5200    -239.6541  0.5343 
   00548    0.5400    -235.1345  0.4929 
   00549    0.5200    -248.9020  0.5664 
   00550    0.5100    -248.1765  0.5824 
   00551    0.3800    -249.0532  0.5637 
   00552    0.4100    -241.2560  0.6281 
   00553    0.4500    -245.4802  0.6718 
   00554    0.5000    -256.8986  0.6721 
   00555    0.5300    -244.4649  0.6158 
   00556    0.5500    -247.5692  0.6134 
   00557    0.3900    -253.3698  0.6321 
   00558    0.4000    -243.5109  0.6254 
   00559    0.6200    -227.8843  0.5813 
   00560    0.4700    -231.8354  0.5351 
   00561    0.4800    -224.1403  0.5539 
   00562    0.6400    -245.5597  0.5410 
   00563    0.6000    -244.0045  0.5722 
   00564    0.5900    -241.2467  0.5115 
   00565    0.4700    -229.8779  0.5571 
   00566    0.5200    -230.1842  0.5959 
   00567    0.4800    -204.6905  0.5348 
   00568    0.5700    -227.7321  0.5424 
   00569    0.4900    -219.0832  0.5013 
   00570    0.5500    -208.7950  0.4792 
   00571    0.5400    -206.8139  0.4913 
   00572    0.5900    -224.8932  0.4575 
   00573    0.4800    -235.9202  0.4413 
   00574    0.5800    -227.4279  0.4622 
   00575    0.6600    -225.3547  0.5172 
   00576    0.5100    -224.2388  0.5300 
   00577    0.5400    -209.4156  0.5640 
   00578    0.5200    -220.5427  0.5786 
   00579    0.4900    -241.0152  0.5612 
   00580    0.4400    -234.4342  0.5310 
   00581    0.5000    -226.6022  0.5792 
   00582    0.4400    -213.5920  0.5655 
   00583    0.4900    -214.4175  0.5477 
   00584    0.5200    -233.6286  0.5412 
   00585    0.4600    -235.0204  0.5254 
   00586    0.4200    -222.7625  0.5191 
   00587    0.5000    -239.3329  0.5373 
   00588    0.4700    -250.1862  0.6003 
   00589    0.4300    -267.7220  0.6753 
   00590    0.3900    -273.5937  0.6561 
   00591    0.4100    -267.2142  0.6368 
   00592    0.5100    -241.7970  0.6453 
   00593    0.4500    -268.1728  0.6592 
   00594    0.4100    -242.0922  0.6198 
   00595    0.5500    -250.5429  0.6476 
   00596    0.3700    -254.2598  0.6006 
   00597    0.5200    -256.0892  0.5604 
   00598    0.5100    -256.3986  0.5556 
   00599    0.3600    -263.4657  0.5877 
   00600    0.4400    -259.5901  0.6305 
   00601    0.4100    -278.9353  0.6561 
   00602    0.3900    -292.2263  0.6713 
   00603    0.5000    -268.7419  0.6745 
   00604    0.5000    -261.2396  0.6953 
   00605    0.3600    -261.5729  0.6547 
   00606    0.3700    -257.1653  0.6251 
   00607    0.4800    -259.5750  0.6107 
   00608    0.5500    -247.1732  0.5556 
   00609    0.5000    -226.0333  0.4145 
   00610    0.5300    -213.7663  0.4132 
   00611    0.5600    -242.6868  0.3845 
   00612    0.5400    -231.5949  0.3766 
   00613    0.5500    -225.8218  0.4646 
   00614    0.5300    -217.0712  0.3768 
   00615    0.4600    -215.6693  0.3919 
   00616    0.4400    -225.2271  0.3422 
   00617    0.4700    -212.2033  0.3701 
   00618    0.5500    -203.7869  0.3338 
   00619    0.4900    -196.7208  0.3092 
   00620    0.5600    -206.0204  0.3157 
   00621    0.6000    -187.3663  0.3343 
   00622    0.5600    -216.5336  0.3413 
   00623    0.6000    -197.9336  0.3223 
   00624    0.5300    -204.4278  0.3378 
   00625    0.6200    -195.4642  0.3333 
   00626    0.4400    -218.4636  0.3595 
   00627    0.6100    -210.4612  0.3794 
   00628    0.5500    -232.2174  0.4673 
   00629    0.5000    -238.2638  0.4152 
   00630    0.5900    -210.6858  0.3706 
   00631    0.5300    -202.0269  0.3807 
   00632    0.5200    -198.3479  0.3058 
   00633    0.5000    -191.4844  0.3381 
   00634    0.5600    -191.1636  0.3200 
   00635    0.5500    -211.5951  0.2902 
   00636    0.5100    -203.1467  0.3584 
   00637    0.6600    -195.3836  0.2986 
   00638    0.5900    -191.0715  0.3259 
   00639    0.6400    -192.4605  0.3011 
   00640    0.6100    -194.5088  0.3420 
   00641    0.5200    -227.4493  0.4088 
   00642    0.4700    -228.6654  0.3885 
   00643    0.5100    -225.4239  0.3767 
   00644    0.4700    -237.3764  0.3754 
   00645    0.4200    -219.7563  0.4371 
   00646    0.5400    -207.2269  0.3764 
   00647    0.5500    -211.6710  0.4018 
   00648    0.5900    -226.1737  0.3782 
   00649    0.5000    -244.4206  0.4065 
   00650    0.4800    -235.2817  0.3705 
   00651    0.4500    -240.7363  0.3340 
   00652    0.3900    -225.9810  0.2921 
   00653    0.5500    -210.1191  0.3121 
   00654    0.5400    -218.3797  0.3877 
   00655    0.4800    -221.1046  0.3873 
   00656    0.5100    -235.3620  0.4102 
   00657    0.4900    -246.3712  0.4157 
   00658    0.4500    -253.3808  0.4511 
   00659    0.4200    -245.6931  0.4509 
   00660    0.4600    -239.7996  0.4488 
   00661    0.5400    -207.5812  0.4213 
   00662    0.5100    -229.3298  0.4085 
   00663    0.5100    -224.3727  0.4327 
   00664    0.5100    -237.2051  0.4243 
   00665    0.4800    -236.2209  0.4180 
   00666    0.4400    -235.0264  0.3780 
   00667    0.5100    -251.6606  0.4067 
   00668    0.4100    -233.2593  0.4201 
   00669    0.5000    -231.9157  0.4559 
   00670    0.5700    -243.2345  0.4967 
   00671    0.4800    -242.4519  0.4947 
   00672    0.4700    -228.6842  0.4092 
   00673    0.5000    -247.5256  0.3758 
   00674    0.5200    -228.4376  0.3280 
   00675    0.5700    -222.5104  0.4087 
   00676    0.5400    -221.5794  0.3820 
   00677    0.5000    -237.3309  0.3878 
   00678    0.4800    -246.3516  0.4358 
   00679    0.5900    -230.9114  0.3952 
   00680    0.4300    -227.4386  0.3843 
   00681    0.5300    -241.7624  0.3899 
   00682    0.5200    -250.0799  0.4112 
   00683    0.4700    -237.4318  0.3392 
   00684    0.4900    -245.2285  0.3087 
   00685    0.4700    -252.2851  0.3342 
   00686    0.4700    -232.7178  0.3005 
   00687    0.5800    -213.8549  0.3211 
   00688    0.5700    -213.1577  0.3413 
   00689    0.6300    -231.9933  0.4310 
   00690    0.5100    -236.8350  0.4932 
   00691    0.4400    -244.8595  0.4942 
   00692    0.5600    -241.6538  0.5368 
   00693    0.4400    -251.2904  0.4824 
   00694    0.4800    -249.4189  0.4456 
   00695    0.4500    -251.7502  0.4118 
   00696    0.5000    -255.6163  0.3940 
   00697    0.3800    -259.9061  0.4390 
   00698    0.4800    -263.4760  0.3986 
   00699    0.4200    -267.5143  0.4372 
   00700    0.4100    -265.9218  0.4380 
   00701    0.4000    -254.9438  0.4390 
   00702    0.4700    -244.8283  0.4511 
   00703    0.5300    -219.4434  0.4800 
   00704    0.5700    -222.0858  0.4441 
   00705    0.5000    -223.6828  0.3908 
   00706    0.4600    -233.8021  0.3919 
   00707    0.5900    -226.8130  0.4700 
   00708    0.5700    -236.4465  0.4713 
   00709    0.4900    -239.2566  0.5288 
   00710    0.5000    -253.0607  0.5191 
   00711    0.4100    -255.3830  0.5492 
   00712    0.4800    -237.6586  0.5331 
   00713    0.4800    -248.5351  0.5685 
   00714    0.5600    -249.9955  0.5567 
   00715    0.4700    -248.3840  0.5477 
   00716    0.4800    -241.7080  0.5248 
   00717    0.4900    -249.2461  0.5888 
   00718    0.4400    -261.7756  0.6385 
   00719    0.3600    -251.8229  0.6331 
   00720    0.3900    -262.4253  0.6676 
   00721    0.4400    -256.0046  0.6498 
   00722    0.4300    -265.5728  0.6229 
   00723    0.4000    -269.4495  0.6389 
   00724    0.4500    -290.0246  0.6882 
   00725    0.4400    -265.2031  0.6693 
   00726    0.4600    -260.5365  0.6687 
   00727    0.3700    -257.7725  0.6553 
   00728    0.3900    -263.9803  0.6796 
   00729    0.3600    -263.7228  0.7198 
   00730    0.4700    -235.1762  0.6677 
   00731    0.4300    -250.2575  0.7386 
   00732    0.4400    -256.9238  0.7305 
   00733    0.4000    -262.2980  0.7190 
   00734    0.4000    -266.5631  0.7453 
   00735    0.4700    -245.3933  0.7029 
   00736    0.5000    -257.8221  0.7425 
   00737    0.4400    -258.9177  0.7288 
   00738    0.4900    -268.6601  0.7194 
   00739    0.4900    -254.5908  0.7208 
   00740    0.4400    -266.4619  0.6967 
   00741    0.4100    -270.2300  0.6829 
   00742    0.3500    -255.0601  0.6579 
   00743    0.4300    -254.0397  0.6763 
   00744    0.4300    -251.3667  0.6497 
   00745    0.5200    -246.6593  0.6667 
   00746    0.5000    -249.2213  0.6578 
   00747    0.4000    -241.1097  0.5975 
   00748    0.4900    -226.0639  0.5963 
   00749    0.5700    -235.9810  0.5932 
   00750    0.5500    -213.9280  0.5468 
   00751    0.4700    -222.4076  0.4721 
   00752    0.4900    -224.8441  0.4137 
   00753    0.5500    -212.0946  0.3815 
   00754    0.5300    -216.5831  0.4063 
   00755    0.5600    -203.2289  0.3956 
   00756    0.5000    -216.2010  0.3877 
   00757    0.4700    -241.5548  0.4741 
   00758    0.5700    -216.9093  0.4235 
   00759    0.5600    -224.9706  0.4825 
   00760    0.4800    -231.7352  0.4909 
   00761    0.5300    -223.0377  0.4688 
   00762    0.5700    -205.4145  0.3959 
   00763    0.5300    -199.1366  0.4019 
   00764    0.6000    -205.7033  0.3901 
   00765    0.5000    -218.1639  0.3642 
   00766    0.5400    -241.5089  0.4176 
   00767    0.4100    -255.4889  0.4146 
   00768    0.4400    -240.4839  0.4685 
   00769    0.4800    -250.5228  0.4604 
   00770    0.5100    -241.3032  0.5034 
   00771    0.4900    -254.4840  0.4945 
   00772    0.4100    -244.5219  0.5102 
   00773    0.5700    -234.0836  0.4360 
   00774    0.4600    -243.9728  0.4488 
   00775    0.4900    -213.0756  0.4370 
   00776    0.5200    -216.2418  0.4164 
   00777    0.4900    -225.0761  0.4522 
   00778    0.5400    -202.4247  0.4752 
   00779    0.5300    -199.3865  0.5144 
   00780    0.5900    -202.3006  0.4855 
   00781    0.5600    -229.3358  0.5139 
   00782    0.4500    -225.5953  0.4445 
   00783    0.5900    -241.2007  0.5523 
   00784    0.3800    -246.9540  0.5151 
   00785    0.4500    -243.2369  0.4936 
   00786    0.4600    -236.4789  0.5383 
   00787    0.4800    -246.2138  0.5514 
   00788    0.5300    -247.0179  0.5716 
   00789    0.4500    -251.2878  0.6020 
   00790    0.4400    -266.2890  0.6423 
   00791    0.4100    -269.2610  0.6499 
   00792    0.5000    -255.4570  0.6380 
   00793    0.4700    -251.1700  0.6341 
   00794    0.3900    -269.4087  0.6432 
   00795    0.3900    -280.7302  0.6732 
   00796    0.4400    -273.0730  0.7074 
   00797    0.4700    -279.7710  0.7266 
   00798    0.4100    -268.1144  0.7064 
   00799    0.4000    -265.4915  0.6750 
   00800    0.4400    -275.6778  0.6757 
   00801    0.3800    -278.6929  0.6703 
   00802    0.3600    -276.1184  0.6687 
   00803    0.4600    -272.5604  0.7061 
   00804    0.5300    -264.9925  0.6770 
   00805    0.4200    -264.0668  0.7102 
   00806    0.4600    -258.5732  0.6842 
   00807    0.5300    -244.0741  0.6840 
   00808    0.5000    -256.0805  0.6882 
   00809    0.4800    -267.0636  0.7015 
   00810    0.4400    -256.4710  0.6888 
   00811    0.4500    -259.2443  0.6902 
   00812    0.4200    -241.4640  0.6401 
   00813    0.4300    -234.7645  0.6353 
   00814    0.4500    -237.1444  0.6427 
   00815    0.3800    -229.0803  0.6223 
   00816    0.4400    -248.6692  0.6460 
   00817    0.5100    -251.0695  0.6601 
   00818    0.5000    -238.1903  0.6547 
   00819    0.4600    -243.2594  0.6358 
   00820    0.4800    -255.4905  0.6595 
   00821    0.5100    -251.4580  0.6929 
   00822    0.5000    -251.1351  0.6897 
   00823    0.4900    -248.5547  0.7312 
   00824    0.4100    -239.3460  0.6934 
   00825    0.4300    -246.6247  0.7031 
   00826    0.5300    -261.0304  0.7222 
   00827    0.5200    -238.1762  0.6691 
   00828    0.5500    -255.2936  0.6678 
   00829    0.4000    -250.8969  0.6968 
   00830    0.5400    -260.5758  0.6589 
   00831    0.4000    -266.3547  0.6615 
   00832    0.3800    -264.0849  0.6635 
   00833    0.3800    -273.0194  0.6335 
   00834    0.4600    -274.4238  0.6535 
   00835    0.4300    -274.9105  0.6638 
   00836    0.4200    -280.6279  0.6778 
   00837    0.4700    -275.1461  0.6814 
   00838    0.4500    -278.3651  0.6881 
   00839    0.5000    -268.3317  0.6689 
   00840    0.4900    -254.1721  0.6650 
   00841    0.4600    -259.8179  0.6376 
   00842    0.4900    -268.1226  0.6393 
   00843    0.5300    -222.2530  0.5723 
   00844    0.4800    -227.7698  0.5920 
   00845    0.5300    -207.9141  0.4963 
   00846    0.6400    -203.0604  0.5534 
   00847    0.6000    -220.7117  0.5456 
   00848    0.5300    -218.8835  0.5259 
   00849    0.4700    -228.5487  0.5762 
   00850    0.4700    -220.5074  0.5157 
   00851    0.5000    -214.2973  0.5136 
   00852    0.5400    -236.1905  0.5851 
   00853    0.4700    -244.6938  0.5707 
   00854    0.4700    -260.8342  0.6587 
   00855    0.4000    -253.7263  0.6681 
   00856    0.4100    -238.1344  0.6431 
   00857    0.5500    -223.6430  0.5689 
   00858    0.5000    -215.7871  0.5374 
   00859    0.5300    -214.4931  0.5181 
   00860    0.5800    -225.3971  0.5551 
   00861    0.5400    -219.8898  0.5172 
   00862    0.4500    -239.7415  0.4455 
   00863    0.4900    -218.2713  0.4731 
   00864    0.5500    -226.3397  0.5223 
   00865    0.5000    -235.0514  0.5602 
   00866    0.4800    -223.7606  0.4994 
   00867    0.5600    -223.0279  0.5384 
   00868    0.5800    -229.4034  0.5504 
   00869    0.5100    -235.6748  0.5416 
   00870    0.5900    -222.4845  0.4885 
   00871    0.5100    -230.6567  0.5165 
   00872    0.4800    -217.1742  0.4689 
   00873    0.6600    -220.0240  0.5405 
   00874    0.5100    -202.0339  0.5092 
   00875    0.5300    -190.7034  0.4807 
   00876    0.5700    -192.6687  0.4905 
   00877    0.5900    -229.1415  0.5766 
   00878    0.4900    -222.7613  0.5694 
   00879    0.5100    -237.1540  0.6258 
   00880    0.5000    -231.2950  0.6375 
   00881    0.4800    -242.2716  0.6584 
   00882    0.4400    -249.5149  0.6410 
   00883    0.4600    -214.0012  0.5906 
   00884    0.4900    -232.9108  0.6284 
   00885    0.4300    -235.4811  0.6332 
   00886    0.5000    -251.8797  0.6349 
   00887    0.4300    -250.1665  0.5984 
   00888    0.5000    -228.2423  0.5741 
   00889    0.4500    -245.7152  0.5907 
   00890    0.4500    -252.4521  0.6208 
   00891    0.4400    -250.4145  0.5746 
   00892    0.4800    -254.8477  0.5379 
   00893    0.5000    -252.8151  0.5274 
   00894    0.4200    -245.1891  0.4913 
   00895    0.4900    -248.5893  0.4838 
   00896    0.5200    -234.5466  0.3968 
   00897    0.4700    -248.8333  0.4314 
   00898    0.4700    -242.4813  0.4275 
   00899    0.4200    -242.2969  0.4339 
   00900    0.5700    -223.5786  0.4995 
   00901    0.5300    -221.3458  0.4557 
   00902    0.5300    -231.3192  0.4795 
   00903    0.5500    -218.1029  0.4804 
   00904    0.4300    -223.4125  0.5211 
   00905    0.4200    -224.9768  0.5598 
   00906    0.5100    -241.4712  0.5837 
   00907    0.4800    -240.3450  0.5432 
   00908    0.5100    -245.7956  0.5335 
   00909    0.3900    -242.2219  0.4990 
   00910    0.5100    -246.0988  0.5384 
   00911    0.4200    -243.3671  0.5118 
   00912    0.5100    -251.9936  0.5316 
   00913    0.4100    -247.7769  0.5137 
   00914    0.5600    -247.7343  0.4943 
   00915    0.5500    -247.1367  0.5045 
   00916    0.5000    -250.2263  0.5308 
   00917    0.5000    -258.7560  0.5443 
   00918    0.4300    -243.9519  0.5680 
   00919    0.4100    -226.7763  0.5351 
   00920    0.4700    -229.1277  0.5157 
   00921    0.4300    -219.5457  0.4650 
   00922    0.5000    -197.9028  0.4340 
   00923    0.5900    -198.5113  0.3731 
   00924    0.4800    -201.7960  0.4298 
   00925    0.6000    -224.0791  0.4332 
   00926    0.6400    -201.5637  0.3941 
   00927    0.4800    -228.9148  0.4293 
   00928    0.4900    -224.2834  0.4281 
   00929    0.4900    -216.8611  0.4316 
   00930    0.5700    -210.0138  0.4886 
   00931    0.6000    -222.4388  0.4453 
   00932    0.5000    -231.1504  0.4643 
   00933    0.6000    -216.2288  0.4905 
   00934    0.4800    -244.2485  0.5169 
   00935    0.4300    -233.8515  0.5124 
   00936    0.4100    -235.5765  0.5395 
   00937    0.4600    -238.7196  0.4762 
   00938    0.5400    -240.5280  0.5751 
   00939    0.4900    -221.5981  0.5526 
   00940    0.4700    -228.1505  0.5537 
   00941    0.4800    -219.2912  0.5563 
   00942    0.4800    -246.1063  0.6045 
   00943    0.4600    -236.2800  0.6024 
   00944    0.5400    -233.8461  0.5992 
   00945    0.5200    -228.2408  0.6113 
   00946    0.6000    -219.3812  0.5846 
   00947    0.5600    -217.8535  0.5655 
   00948    0.5400    -223.6461  0.5698 
   00949    0.5200    -237.2758  0.5956 
   00950    0.4500    -225.5812  0.5776 
   00951    0.5600    -244.9456  0.5454 
   00952    0.4500    -249.3015  0.6111 
   00953    0.5100    -257.6034  0.6682 
   00954    0.4100    -268.4523  0.7008 
   00955    0.4300    -277.2279  0.7215 
   00956    0.5200    -264.1743  0.7121 
   00957    0.4300    -246.2223  0.6095 
   00958    0.4600    -250.4367  0.6511 
   00959    0.4400    -260.2011  0.6743 
   00960    0.4100    -256.6493  0.6655 
   00961    0.4800    -257.4714  0.6581 
   00962    0.5300    -263.2556  0.6560 
   00963    0.4400    -266.6715  0.6778 
   00964    0.4500    -261.6644  0.6855 
   00965    0.4000    -268.9676  0.7569 
   00966    0.3200    -271.4181  0.7183 
   00967    0.3800    -268.8189  0.6897 
   00968    0.4800    -265.5976  0.6930 
   00969    0.4700    -270.8306  0.7089 
   00970    0.4100    -262.1766  0.7236 
   00971    0.4500    -276.6671  0.7607 
   00972    0.3300    -280.4451  0.7626 
   00973    0.4300    -277.7300  0.7650 
   00974    0.4200    -280.7392  0.7781 
   00975    0.4800    -268.8623  0.7165 
   00976    0.4700    -249.1525  0.6643 
   00977    0.4300    -264.7434  0.7073 
   00978    0.4700    -260.2203  0.7123 
   00979    0.4400    -267.3506  0.6795 
   00980    0.3700    -267.6774  0.6754 
   00981    0.4000    -268.1917  0.6772 
   00982    0.4800    -255.7106  0.6458 
   00983    0.3900    -269.6359  0.6736 
   00984    0.4500    -260.9505  0.7098 
   00985    0.4700    -262.3686  0.6983 
   00986    0.4800    -263.0718  0.7259 
   00987    0.4600    -265.7827  0.7311 
   00988    0.4600    -272.9285  0.7318 
   00989    0.4100    -285.9188  0.7573 
   00990    0.4500    -269.7628  0.7187 
   00991    0.5100    -260.4227  0.7040 
   00992    0.4200    -256.5358  0.7217 
   00993    0.5800    -267.3967  0.7375 
   00994    0.4500    -231.4380  0.6566 
   00995    0.4600    -223.5379  0.5964 
   00996    0.5600    -232.1857  0.6347 
   00997    0.5400    -241.4950  0.6590 
   00998    0.4700    -238.0212  0.6698 
   00999    0.4900    -221.2962  0.6258 
   01000    0.5200    -238.3451  0.6561 
