#=====================================================
# File created:        Fri-08-Mar-2024-at-05-19-02PM
# Size of lattice:     10x10
# Number of MC steps:  1000
# Reduced temperature: 1.000
# Run time (s):        12.522487
#=====================================================
# MC step:  Ratio:     Energy:   Order:
#=====================================================
   00000    0.5000    -105.6450  0.3275 
   00001    0.5600    -130.0082  0.3944 
   00002    0.5800    -173.4510  0.5232 
   00003    0.5900    -192.0889  0.4522 
   00004    0.5000    -193.1213  0.4742 
   00005    0.5200    -216.4996  0.4816 
   00006    0.5800    -196.3558  0.3508 
   00007    0.5300    -196.2198  0.3985 
   00008    0.4500    -215.9905  0.3830 
   00009    0.5600    -233.5463  0.4470 
   00010    0.4000    -238.8791  0.4890 
   00011    0.4300    -230.6872  0.4181 
   00012    0.5400    -218.4948  0.4689 
   00013    0.5500    -227.9628  0.4581 
   00014    0.5700    -208.9046  0.4010 
   00015    0.5800    -211.0938  0.4000 
   00016    0.4600    -226.1986  0.4501 
   00017    0.5600    -221.0291  0.4389 
   00018    0.4500    -220.6883  0.4698 
   00019    0.5100    -205.8331  0.4527 
   00020    0.5700    -234.3328  0.4531 
   00021    0.5800    -221.7404  0.4654 
   00022    0.5200    -223.8617  0.4552 
   00023    0.5200    -223.6705  0.4271 
   00024    0.5700    -229.3939  0.5004 
   00025    0.4600    -223.2369  0.4975 
   00026    0.5600    -224.0289  0.5165 
   00027    0.5800    -221.3991  0.5408 
   00028    0.5300    -234.1074  0.5124 
   00029    0.4800    -252.1732  0.5499 
   00030    0.5000    -245.5262  0.5326 
   00031    0.4800    -249.0459  0.5773 
   00032    0.4600    -250.1460  0.6175 
   00033    0.4600    -244.4710  0.5817 
   00034    0.5200    -249.9892  0.5261 
   00035    0.4400    -245.4840  0.5566 
   00036    0.4700    -246.3586  0.5116 
   00037    0.5100    -248.1375  0.5203 
   00038    0.4500    -245.2679  0.5594 
   00039    0.5100    -234.8852  0.5453 
   00040    0.5000    -235.9707  0.5136 
   00041    0.5000    -233.7468  0.4960 
   00042    0.5300    -238.6113  0.5354 
   00043    0.5300    -234.7524  0.5687 
   00044    0.5400    -215.8677  0.5133 
   00045    0.5000    -223.0946  0.4665 
   00046    0.4800    -227.4417  0.4950 
   00047    0.5800    -211.3111  0.4457 
   00048    0.5800    -193.4241  0.4305 
   00049    0.5100    -210.3969  0.4784 
   00050    0.4400    -230.1377  0.5146 
   00051    0.4100    -239.9177  0.5378 
   00052    0.4900    -256.6817  0.5592 
   00053    0.4900    -251.3463  0.5116 
   00054    0.4800    -257.5836  0.5426 
   00055    0.3600    -238.2584  0.5134 
   00056    0.4000    -231.6762  0.4841 
   00057    0.5000    -226.6984  0.4126 
   00058    0.5300    -217.2970  0.4000 
   00059    0.4700    -220.6442  0.4056 
   00060    0.5100    -228.0320  0.3970 
   00061    0.4400    -212.0128  0.4960 
   00062    0.6500    -192.1498  0.4412 
   00063    0.6000    -185.3139  0.4009 
   00064    0.6200    -201.4810  0.3780 
   00065    0.5600    -209.9890  0.3219 
   00066    0.5200    -239.6528  0.3523 
   00067    0.5300    -234.6462  0.3920 
   00068    0.5600    -245.0440  0.4271 
   00069    0.5400    -235.0005  0.4396 
   00070    0.4800    -241.9996  0.4533 
   00071    0.4400    -239.2741  0.5030 
   00072    0.5100    -235.9674  0.4460 
   00073    0.4600    -235.3562  0.4840 
   00074    0.5400    -224.3035  0.4917 
   00075    0.5400    -241.3246  0.5634 
   00076    0.4300    -254.9123  0.5975 
   00077    0.4800    -246.3935  0.5882 
   00078    0.5400    -237.7125  0.4811 
   00079    0.4400    -239.4507  0.5119 
   00080    0.4400    -231.0905  0.4783 
   00081    0.4300    -235.5629  0.4364 
   00082    0.4600    -225.5799  0.4331 
   00083    0.6300    -216.4811  0.3773 
   00084    0.5200    -222.5910  0.3862 
   00085    0.5200    -238.4526  0.3592 
   00086    0.5400    -223.9990  0.3702 
   00087    0.4500    -229.9951  0.3876 
   00088    0.4400    -222.6715  0.4224 
   00089    0.5800    -223.8238  0.4500 
   00090    0.5600    -218.6686  0.5260 
   00091    0.5400    -224.7287  0.5029 
   00092    0.5600    -229.2773  0.5381 
   00093    0.4600    -231.5381  0.5471 
   00094    0.4800    -234.4670  0.5423 
   00095    0.5200    -225.4687  0.4973 
   00096    0.5600    -240.9795  0.5260 
   00097    0.5200    -246.2718  0.6116 
   00098    0.5000    -245.1693  0.5691 
   00099    0.5200    -246.7379  0.5929 
   00100    0.4500    -242.6290  0.5663 
   00101    0.5400    -237.1851  0.5585 
   00102    0.5600    -224.5310  0.6081 
   00103    0.5700    -225.4515  0.5564 
   00104    0.4800    -232.2232  0.5496 
   00105    0.5600    -222.8038  0.5318 
   00106    0.5700    -221.2362  0.5036 
   00107    0.5200    -237.1727  0.4533 
   00108    0.4900    -232.4210  0.3886 
   00109    0.5600    -242.6700  0.3951 
   00110    0.5600    -225.0022  0.2730 
   00111    0.4300    -241.1019  0.2991 
   00112    0.5600    -229.1591  0.3101 
   00113    0.4400    -268.1581  0.2707 
   00114    0.4400    -255.7947  0.2931 
   00115    0.4500    -251.0900  0.2792 
   00116    0.4400    -247.2290  0.2982 
   00117    0.5100    -225.6687  0.2812 
   00118    0.4700    -218.1367  0.3744 
   00119    0.5500    -208.0806  0.3246 
   00120    0.5400    -216.5157  0.3685 
   00121    0.5300    -195.9973  0.3547 
   00122    0.6000    -217.4840  0.3499 
   00123    0.5400    -222.1394  0.3487 
   00124    0.5100    -222.3316  0.3227 
   00125    0.5600    -228.7542  0.3511 
   00126    0.4100    -216.7643  0.2953 
   00127    0.4700    -239.2698  0.3516 
   00128    0.5000    -247.6703  0.3511 
   00129    0.4900    -234.7516  0.2926 
   00130    0.5000    -226.4553  0.2915 
   00131    0.4600    -210.9176  0.3326 
   00132    0.6100    -218.3737  0.2946 
   00133    0.5500    -208.6139  0.3435 
   00134    0.5300    -225.7882  0.3244 
   00135    0.4800    -228.8642  0.3027 
   00136    0.5400    -221.5855  0.2819 
   00137    0.6200    -223.0975  0.3057 
   00138    0.4600    -226.5636  0.3537 
   00139    0.4800    -205.9173  0.3721 
   00140    0.5100    -216.0240  0.4296 
   00141    0.5400    -226.2610  0.3759 
   00142    0.4300    -201.6316  0.3122 
   00143    0.4500    -215.9404  0.3114 
   00144    0.5400    -211.4707  0.2836 
   00145    0.5200    -199.8710  0.3111 
   00146    0.4900    -225.0314  0.3141 
   00147    0.5200    -221.7607  0.3017 
   00148    0.5200    -232.3001  0.3162 
   00149    0.5500    -239.5572  0.3103 
   00150    0.4700    -241.6383  0.2832 
   00151    0.5000    -253.9556  0.3321 
   00152    0.4000    -234.9279  0.3262 
   00153    0.5200    -230.4554  0.4128 
   00154    0.4400    -240.5274  0.4553 
   00155    0.5300    -253.9926  0.4325 
   00156    0.5300    -247.2460  0.4128 
   00157    0.4600    -253.8016  0.4245 
   00158    0.4400    -243.7285  0.3990 
   00159    0.5300    -224.1093  0.4055 
   00160    0.4500    -224.5501  0.3816 
   00161    0.5600    -218.9512  0.4018 
   00162    0.4500    -205.2179  0.3779 
   00163    0.6900    -209.7332  0.4064 
   00164    0.5400    -202.3539  0.4208 
   00165    0.5400    -203.1231  0.4822 
   00166    0.5100    -203.6961  0.4749 
   00167    0.5400    -228.9459  0.5299 
   00168    0.5000    -213.2749  0.5306 
   00169    0.5400    -226.7880  0.5329 
   00170    0.5400    -230.8985  0.5403 
   00171    0.4900    -244.4949  0.5612 
   00172    0.5000    -250.0076  0.5892 
   00173    0.4600    -255.8727  0.6239 
   00174    0.4700    -251.8315  0.6152 
   00175    0.4800    -263.5981  0.6279 
   00176    0.5400    -281.9080  0.6719 
   00177    0.5300    -267.0131  0.6609 
   00178    0.4300    -254.1159  0.6348 
   00179    0.4400    -251.2666  0.6466 
   00180    0.4500    -248.1956  0.5989 
   00181    0.4800    -241.2129  0.5516 
   00182    0.3700    -248.5269  0.5171 
   00183    0.4900    -266.3745  0.5733 
   00184    0.5200    -265.0006  0.6115 
   00185    0.4500    -263.1286  0.6098 
   00186    0.4500    -255.9205  0.5786 
   00187    0.5900    -245.3378  0.5434 
   00188    0.4700    -254.8264  0.5936 
   00189    0.4700    -254.0899  0.5163 
   00190    0.4500    -236.5756  0.4965 
   00191    0.5400    -233.1929  0.5061 
   00192    0.4200    -236.6171  0.5306 
   00193    0.5400    -221.3805  0.4828 
   00194    0.5000    -244.6448  0.4542 
   00195    0.4800    -235.8529  0.4680 
   00196    0.4700    -247.5791  0.4893 
   00197    0.4100    -235.0307  0.5399 
   00198    0.4100    -237.2100  0.5629 
   00199    0.5000    -221.4709  0.6124 
   00200    0.4500    -228.7493  0.5952 
   00201    0.4900    -215.8583  0.5892 
   00202    0.5400    -228.3384  0.6224 
   00203    0.4900    -246.7801  0.6224 
   00204    0.4200    -246.8486  0.6209 
   00205    0.5500    -235.7478  0.4822 
   00206    0.5000    -226.4017  0.4913 
   00207    0.4400    -240.6168  0.4667 
   00208    0.3500    -246.7659  0.5048 
   00209    0.4600    -250.0736  0.5250 
   00210    0.5000    -255.1095  0.6007 
   00211    0.5200    -235.3742  0.5817 
   00212    0.5000    -235.3727  0.6135 
   00213    0.4700    -247.7561  0.6720 
   00214    0.4500    -249.4231  0.6480 
   00215    0.4900    -231.0308  0.6098 
   00216    0.5400    -248.7415  0.6439 
   00217    0.4900    -258.3357  0.6805 
   00218    0.5000    -261.4791  0.6864 
   00219    0.4500    -262.2741  0.7128 
   00220    0.4800    -265.5741  0.6941 
   00221    0.4200    -257.6434  0.6882 
   00222    0.4900    -268.4315  0.7113 
   00223    0.3800    -277.1022  0.7063 
   00224    0.4500    -269.7501  0.7052 
   00225    0.4300    -265.4486  0.6936 
   00226    0.3900    -252.6821  0.6626 
   00227    0.5000    -240.3298  0.6050 
   00228    0.5100    -251.1007  0.6533 
   00229    0.4800    -251.4434  0.6457 
   00230    0.5200    -250.9873  0.6204 
   00231    0.4700    -242.4635  0.6019 
   00232    0.5100    -248.7269  0.6405 
   00233    0.5000    -244.5164  0.6231 
   00234    0.4800    -240.9149  0.6529 
   00235    0.4800    -234.2675  0.6237 
   00236    0.3800    -227.2154  0.5865 
   00237    0.4600    -218.9315  0.5319 
   00238    0.4800    -220.2484  0.5322 
   00239    0.4400    -227.4271  0.5574 
   00240    0.5200    -246.0560  0.5782 
   00241    0.5000    -247.8015  0.6019 
   00242    0.5000    -227.0493  0.5846 
   00243    0.5600    -231.0549  0.5839 
   00244    0.4300    -240.4270  0.5946 
   00245    0.4900    -221.0737  0.5663 
   00246    0.5400    -226.9369  0.5898 
   00247    0.4200    -216.5044  0.5407 
   00248    0.5600    -234.7064  0.4914 
   00249    0.4800    -223.7481  0.4199 
   00250    0.6000    -218.7701  0.4034 
   00251    0.4600    -199.0415  0.4023 
   00252    0.4800    -204.2517  0.4430 
   00253    0.5900    -204.4713  0.4529 
   00254    0.6600    -217.2890  0.4645 
   00255    0.4700    -234.7686  0.4538 
   00256    0.5300    -219.2539  0.5257 
   00257    0.4900    -221.5171  0.4982 
   00258    0.6100    -237.4938  0.4829 
   00259    0.5200    -230.1960  0.4860 
   00260    0.5600    -230.9247  0.4926 
   00261    0.5100    -216.9765  0.5012 
   00262    0.6500    -211.8021  0.4862 
   00263    0.5700    -220.6938  0.5619 
   00264    0.4600    -227.4868  0.5687 
   00265    0.5200    -216.3335  0.5023 
   00266    0.4700    -222.2220  0.5169 
   00267    0.5700    -224.6779  0.5380 
   00268    0.4200    -217.3435  0.5126 
   00269    0.5600    -218.3853  0.5585 
   00270    0.4800    -227.0370  0.5097 
   00271    0.5400    -224.1289  0.4761 
   00272    0.5000    -229.8362  0.4903 
   00273    0.4500    -235.3693  0.5282 
   00274    0.4900    -237.4137  0.5495 
   00275    0.4600    -218.3466  0.5648 
   00276    0.4100    -216.8451  0.5800 
   00277    0.5000    -230.1054  0.5698 
   00278    0.5400    -227.8084  0.5520 
   00279    0.4300    -247.8190  0.6194 
   00280    0.4400    -237.5448  0.5473 
   00281    0.5500    -246.9400  0.6212 
   00282    0.4300    -250.9950  0.6121 
   00283    0.4700    -251.6776  0.6614 
   00284    0.4900    -273.1905  0.6678 
   00285    0.4700    -267.0819  0.6684 
   00286    0.4600    -265.7434  0.7097 
   00287    0.5400    -253.6258  0.6428 
   00288    0.5100    -239.2155  0.6040 
   00289    0.4900    -242.3759  0.6300 
   00290    0.5500    -238.7193  0.6358 
   00291    0.5200    -250.3769  0.6313 
   00292    0.4200    -257.4699  0.6279 
   00293    0.3900    -251.4482  0.6605 
   00294    0.4800    -246.0668  0.6196 
   00295    0.4900    -256.1643  0.6272 
   00296    0.4600    -262.2485  0.6445 
   00297    0.3400    -250.5959  0.6122 
   00298    0.5400    -254.6575  0.6091 
   00299    0.4900    -240.6754  0.5866 
   00300    0.3700    -246.8151  0.5678 
   00301    0.4900    -221.9702  0.5215 
   00302    0.6000    -238.9626  0.5492 
   00303    0.4900    -231.0650  0.5574 
   00304    0.4400    -249.5258  0.5681 
   00305    0.5200    -239.2361  0.5651 
   00306    0.5200    -251.9952  0.6299 
   00307    0.4500    -266.4753  0.6424 
   00308    0.3800    -270.4451  0.6935 
   00309    0.4000    -254.9834  0.6370 
   00310    0.4200    -266.0470  0.6560 
   00311    0.4200    -258.4315  0.6554 
   00312    0.4500    -261.1430  0.6289 
   00313    0.5500    -263.3397  0.6594 
   00314    0.4200    -271.0654  0.6602 
   00315    0.5000    -266.8024  0.5998 
   00316    0.3700    -260.8301  0.5407 
   00317    0.4200    -250.4005  0.5485 
   00318    0.4300    -235.6903  0.5606 
   00319    0.5900    -228.3434  0.5451 
   00320    0.6600    -203.0804  0.4909 
   00321    0.6000    -212.9533  0.4436 
   00322    0.5600    -218.6317  0.4816 
   00323    0.5100    -229.7649  0.4957 
   00324    0.3800    -225.1911  0.4716 
   00325    0.5100    -226.0991  0.4390 
   00326    0.4500    -229.1018  0.4814 
   00327    0.5700    -216.0403  0.4600 
   00328    0.4600    -206.8720  0.4578 
   00329    0.6300    -218.7619  0.4867 
   00330    0.4900    -231.4067  0.4630 
   00331    0.5300    -245.6883  0.5276 
   00332    0.4700    -267.9013  0.5487 
   00333    0.4400    -263.9957  0.5157 
   00334    0.4800    -256.6514  0.5723 
   00335    0.4600    -254.7696  0.6085 
   00336    0.4700    -243.8535  0.5752 
   00337    0.4300    -244.6053  0.5671 
   00338    0.4800    -252.2067  0.6117 
   00339    0.4500    -255.7502  0.6409 
   00340    0.4900    -246.2736  0.6029 
   00341    0.4600    -249.7679  0.6117 
   00342    0.5600    -244.6611  0.6237 
   00343    0.4200    -249.2506  0.5820 
   00344    0.4800    -251.8925  0.6322 
   00345    0.4700    -250.8870  0.6340 
   00346    0.5500    -245.5823  0.6425 
   00347    0.5200    -254.0790  0.6617 
   00348    0.4700    -256.3871  0.6638 
   00349    0.5400    -271.4393  0.6793 
   00350    0.4600    -266.7707  0.6915 
   00351    0.4600    -289.9193  0.7386 
   00352    0.3400    -282.5701  0.7425 
   00353    0.4600    -263.7687  0.7013 
   00354    0.4300    -253.8253  0.6360 
   00355    0.4900    -252.2731  0.5815 
   00356    0.5500    -254.8515  0.5309 
   00357    0.4400    -264.4746  0.5191 
   00358    0.3800    -267.8174  0.5183 
   00359    0.5000    -258.6675  0.4780 
   00360    0.4900    -237.5390  0.4500 
   00361    0.5300    -239.0186  0.4252 
   00362    0.4700    -225.0120  0.4762 
   00363    0.5300    -222.4946  0.4906 
   00364    0.4900    -208.5405  0.4819 
   00365    0.5200    -196.8117  0.4629 
   00366    0.5900    -211.4108  0.5252 
   00367    0.4900    -208.1828  0.4438 
   00368    0.4400    -216.3102  0.5645 
   00369    0.4900    -238.5996  0.6123 
   00370    0.4800    -248.8609  0.6387 
   00371    0.4800    -258.7471  0.6650 
   00372    0.5600    -256.9708  0.6731 
   00373    0.4000    -269.1016  0.6320 
   00374    0.4400    -256.2738  0.5688 
   00375    0.5700    -251.0121  0.5040 
   00376    0.4100    -249.3033  0.4906 
   00377    0.3900    -249.1311  0.5338 
   00378    0.5500    -253.4922  0.5823 
   00379    0.3400    -258.0502  0.6187 
   00380    0.4600    -254.1306  0.6271 
   00381    0.5700    -237.3878  0.5951 
   00382    0.5700    -241.1347  0.5454 
   00383    0.5000    -251.9708  0.5053 
   00384    0.3800    -261.1616  0.5239 
   00385    0.4000    -254.6404  0.4625 
   00386    0.5000    -252.2854  0.4458 
   00387    0.4700    -250.8170  0.4884 
   00388    0.4400    -248.4737  0.4951 
   00389    0.3700    -248.6591  0.5308 
   00390    0.4800    -250.8444  0.5343 
   00391    0.5400    -220.5471  0.4841 
   00392    0.5500    -236.4468  0.5147 
   00393    0.4700    -252.9990  0.5461 
   00394    0.5100    -268.3218  0.5632 
   00395    0.4000    -253.1112  0.5312 
   00396    0.4400    -254.0260  0.5684 
   00397    0.4700    -245.9484  0.5009 
   00398    0.4300    -259.4708  0.4752 
   00399    0.4300    -261.5048  0.4683 
   00400    0.3800    -255.9506  0.4950 
   00401    0.4800    -247.1349  0.4887 
   00402    0.5600    -254.4117  0.5080 
   00403    0.3800    -230.6018  0.5102 
   00404    0.4700    -239.4714  0.5333 
   00405    0.5000    -236.9302  0.5573 
   00406    0.5000    -228.6618  0.5829 
   00407    0.5300    -201.3271  0.5005 
   00408    0.6000    -204.4262  0.4937 
   00409    0.5400    -202.5693  0.4310 
   00410    0.5200    -202.3560  0.4652 
   00411    0.5800    -225.0750  0.5425 
   00412    0.5200    -243.9442  0.5300 
   00413    0.4700    -250.9474  0.5316 
   00414    0.5500    -241.0475  0.5301 
   00415    0.5900    -224.1849  0.5526 
   00416    0.5800    -225.3737  0.5393 
   00417    0.5200    -244.3726  0.5621 
   00418    0.4700    -252.1378  0.5970 
   00419    0.5200    -242.4036  0.6219 
   00420    0.6100    -255.2206  0.6517 
   00421    0.5100    -262.9443  0.6508 
   00422    0.4300    -263.4895  0.6381 
   00423    0.4800    -256.2548  0.6340 
   00424    0.4800    -250.1839  0.6592 
   00425    0.4500    -254.5946  0.6599 
   00426    0.4600    -255.1023  0.6208 
   00427    0.4800    -246.1584  0.6154 
   00428    0.5000    -235.8300  0.5924 
   00429    0.4600    -239.6978  0.6337 
   00430    0.4900    -265.5166  0.7137 
   00431    0.4900    -266.0265  0.7292 
   00432    0.4200    -268.9763  0.6872 
   00433    0.4200    -269.5152  0.7010 
   00434    0.4400    -266.3349  0.7268 
   00435    0.4500    -279.8540  0.7905 
   00436    0.4800    -262.7526  0.7636 
   00437    0.4500    -261.6782  0.7348 
   00438    0.4000    -259.8751  0.7346 
   00439    0.4900    -262.3392  0.7023 
   00440    0.5200    -244.5823  0.6758 
   00441    0.4300    -265.0607  0.7041 
   00442    0.3600    -267.2770  0.7443 
   00443    0.4200    -276.7948  0.7561 
   00444    0.4000    -291.6858  0.7476 
   00445    0.4000    -300.9306  0.7818 
   00446    0.4200    -297.4980  0.7826 
   00447    0.5200    -296.6565  0.7866 
   00448    0.4000    -286.4367  0.7974 
   00449    0.5000    -266.8144  0.7361 
   00450    0.4200    -252.1027  0.6921 
   00451    0.5300    -245.2486  0.7017 
   00452    0.4700    -265.3196  0.7205 
   00453    0.3900    -259.3877  0.7243 
   00454    0.4900    -266.1999  0.7396 
   00455    0.4800    -269.5577  0.7493 
   00456    0.3900    -274.8891  0.7663 
   00457    0.3900    -276.9255  0.7448 
   00458    0.4600    -283.9203  0.7782 
   00459    0.4400    -276.9821  0.7538 
   00460    0.5600    -267.7905  0.7665 
   00461    0.4100    -277.3177  0.7828 
   00462    0.4800    -268.0020  0.7500 
   00463    0.4200    -252.4252  0.7159 
   00464    0.4400    -266.8683  0.7336 
   00465    0.4900    -296.1209  0.8121 
   00466    0.4400    -273.3869  0.7757 
   00467    0.5000    -286.7036  0.7873 
   00468    0.3900    -314.5073  0.8452 
   00469    0.3400    -309.9720  0.8262 
   00470    0.3500    -296.4706  0.7902 
   00471    0.4900    -285.4036  0.7853 
   00472    0.4000    -277.0698  0.7827 
   00473    0.4200    -281.7096  0.7908 
   00474    0.4500    -292.7344  0.7734 
   00475    0.4000    -299.1368  0.8027 
   00476    0.3400    -293.8733  0.8009 
   00477    0.3500    -310.9446  0.8076 
   00478    0.3000    -311.8343  0.8068 
   00479    0.4500    -296.8823  0.7686 
   00480    0.4800    -294.1372  0.7450 
   00481    0.4200    -293.8224  0.7284 
   00482    0.4700    -275.2643  0.7192 
   00483    0.3800    -276.1194  0.7399 
   00484    0.4900    -276.2034  0.7448 
   00485    0.4500    -262.4296  0.7247 
   00486    0.4700    -254.9029  0.6611 
   00487    0.5000    -258.7176  0.6859 
   00488    0.4700    -259.2312  0.7004 
   00489    0.5200    -258.2843  0.6835 
   00490    0.3900    -254.5652  0.6771 
   00491    0.4000    -248.6181  0.6800 
   00492    0.4000    -255.8979  0.7007 
   00493    0.4600    -270.6574  0.7621 
   00494    0.4500    -265.8866  0.7170 
   00495    0.4300    -257.4469  0.7002 
   00496    0.4500    -242.7878  0.6078 
   00497    0.4800    -248.5378  0.6246 
   00498    0.4300    -235.2663  0.6200 
   00499    0.4900    -245.6081  0.6507 
   00500    0.4300    -263.0587  0.6744 
   00501    0.4700    -244.2659  0.5634 
   00502    0.4700    -261.8095  0.5792 
   00503    0.4900    -251.4566  0.6173 
   00504    0.4200    -249.3998  0.6198 
   00505    0.4100    -251.2599  0.6075 
   00506    0.4500    -242.6193  0.6360 
   00507    0.4700    -227.5898  0.5962 
   00508    0.5100    -254.1504  0.6521 
   00509    0.4300    -260.4375  0.7189 
   00510    0.4500    -258.3529  0.7015 
   00511    0.5600    -245.7427  0.6924 
   00512    0.4600    -229.8647  0.6400 
   00513    0.4400    -253.0846  0.6327 
   00514    0.4500    -240.5869  0.6156 
   00515    0.4600    -228.2544  0.5768 
   00516    0.4900    -217.4403  0.5528 
   00517    0.5100    -241.3351  0.6242 
   00518    0.4300    -234.2612  0.6734 
   00519    0.5600    -231.5671  0.6190 
   00520    0.4800    -221.4058  0.5688 
   00521    0.5800    -250.9454  0.6310 
   00522    0.3800    -254.8485  0.6382 
   00523    0.4900    -242.7624  0.6240 
   00524    0.4600    -222.7151  0.6381 
   00525    0.6100    -213.6701  0.5914 
   00526    0.4900    -213.7555  0.6171 
   00527    0.4600    -217.9118  0.5820 
   00528    0.5200    -236.0469  0.6126 
   00529    0.3600    -227.9420  0.5740 
   00530    0.5000    -223.6671  0.5716 
   00531    0.4400    -223.7344  0.5515 
   00532    0.5700    -209.7424  0.5474 
   00533    0.5700    -217.2370  0.5024 
   00534    0.5700    -205.9886  0.4848 
   00535    0.5600    -228.7123  0.4944 
   00536    0.5000    -229.9909  0.4649 
   00537    0.4800    -211.6875  0.4660 
   00538    0.6100    -216.9849  0.4848 
   00539    0.5700    -234.4720  0.5072 
   00540    0.4900    -248.2629  0.5473 
   00541    0.4400    -254.5582  0.5881 
   00542    0.4400    -261.4529  0.6101 
   00543    0.5100    -270.2881  0.6236 
   00544    0.4400    -265.2351  0.6067 
   00545    0.4600    -259.3897  0.5879 
   00546    0.5000    -266.2703  0.6297 
   00547    0.4500    -257.9618  0.6219 
   00548    0.3800    -251.9780  0.6061 
   00549    0.4600    -245.8226  0.5823 
   00550    0.5300    -232.9520  0.6516 
   00551    0.5400    -241.2295  0.6247 
   00552    0.4600    -260.3860  0.6011 
   00553    0.4400    -260.7589  0.5756 
   00554    0.4700    -250.5026  0.5470 
   00555    0.4100    -246.9660  0.5685 
   00556    0.4600    -252.0654  0.6091 
   00557    0.4200    -249.7778  0.5981 
   00558    0.4900    -230.3053  0.5796 
   00559    0.4900    -223.7638  0.5611 
   00560    0.5400    -238.5237  0.6175 
   00561    0.4200    -215.8672  0.5698 
   00562    0.5300    -251.0434  0.6159 
   00563    0.4200    -271.4802  0.6685 
   00564    0.4100    -257.3025  0.6514 
   00565    0.4800    -265.9836  0.6592 
   00566    0.4100    -266.5914  0.6565 
   00567    0.5300    -266.7528  0.6624 
   00568    0.4100    -268.6416  0.7093 
   00569    0.4700    -259.7354  0.6757 
   00570    0.4800    -267.8496  0.6930 
   00571    0.4200    -234.5366  0.6137 
   00572    0.4100    -227.7109  0.6217 
   00573    0.5300    -227.8253  0.6175 
   00574    0.4400    -251.7396  0.6839 
   00575    0.4600    -233.5627  0.6373 
   00576    0.4800    -224.3450  0.6133 
   00577    0.4700    -237.6570  0.6525 
   00578    0.4600    -244.3003  0.6705 
   00579    0.4500    -255.5214  0.7152 
   00580    0.5200    -249.7631  0.6615 
   00581    0.5000    -244.1620  0.5654 
   00582    0.3900    -241.7154  0.5713 
   00583    0.5500    -221.6193  0.5512 
   00584    0.5100    -225.3604  0.5569 
   00585    0.4900    -231.4737  0.5590 
   00586    0.5700    -246.0444  0.6100 
   00587    0.4100    -228.0628  0.5831 
   00588    0.4400    -226.2020  0.5518 
   00589    0.5600    -210.5537  0.5252 
   00590    0.5800    -215.2930  0.5853 
   00591    0.5200    -213.7545  0.5432 
   00592    0.6000    -223.8331  0.5644 
   00593    0.4700    -247.1917  0.5451 
   00594    0.4400    -245.2221  0.5258 
   00595    0.4400    -239.3274  0.5793 
   00596    0.3900    -266.4752  0.6020 
   00597    0.4300    -247.0378  0.5912 
   00598    0.5100    -260.2515  0.6073 
   00599    0.4200    -258.5425  0.5779 
   00600    0.4500    -248.5714  0.5663 
   00601    0.4200    -256.5736  0.5396 
   00602    0.4200    -256.7963  0.5235 
   00603    0.3400    -256.0577  0.5535 
   00604    0.4400    -254.0466  0.5673 
   00605    0.5100    -243.3566  0.5471 
   00606    0.4500    -258.6846  0.5673 
   00607    0.5300    -239.6627  0.5239 
   00608    0.5800    -219.5471  0.5143 
   00609    0.5200    -217.0945  0.5158 
   00610    0.4600    -205.4187  0.5196 
   00611    0.5200    -218.0294  0.5178 
   00612    0.7000    -229.7331  0.5630 
   00613    0.4400    -247.4888  0.5853 
   00614    0.4600    -228.6895  0.5596 
   00615    0.5100    -216.7935  0.5342 
   00616    0.5800    -234.6088  0.5640 
   00617    0.5300    -214.4025  0.6164 
   00618    0.5900    -238.1456  0.6744 
   00619    0.4600    -264.6743  0.6287 
   00620    0.4800    -266.1884  0.6037 
   00621    0.5200    -248.4272  0.6024 
   00622    0.5300    -260.4410  0.6250 
   00623    0.4200    -267.0514  0.6547 
   00624    0.5300    -263.7761  0.6293 
   00625    0.4300    -279.8044  0.6679 
   00626    0.3700    -286.1005  0.6720 
   00627    0.4400    -277.4217  0.6471 
   00628    0.4700    -256.4401  0.6474 
   00629    0.4900    -254.4044  0.6047 
   00630    0.5000    -254.4121  0.6024 
   00631    0.4800    -242.2645  0.6151 
   00632    0.3600    -231.0400  0.6449 
   00633    0.5400    -263.6532  0.6833 
   00634    0.4500    -253.8115  0.6734 
   00635    0.4700    -241.1248  0.6227 
   00636    0.4800    -245.3425  0.6006 
   00637    0.4100    -257.7871  0.6508 
   00638    0.4200    -241.2412  0.5933 
   00639    0.4400    -246.3370  0.5711 
   00640    0.5700    -240.0089  0.4666 
   00641    0.5400    -235.3853  0.4607 
   00642    0.4900    -243.9693  0.4472 
   00643    0.5000    -234.9021  0.4115 
   00644    0.5800    -239.2153  0.4130 
   00645    0.5000    -252.3121  0.4907 
   00646    0.4500    -272.8312  0.4891 
   00647    0.5400    -267.9301  0.4751 
   00648    0.5000    -265.7202  0.5787 
   00649    0.4500    -271.8102  0.6087 
   00650    0.4700    -269.7084  0.6238 
   00651    0.4700    -262.6719  0.5808 
   00652    0.4000    -260.8546  0.6085 
   00653    0.3400    -264.4043  0.6219 
   00654    0.5000    -242.1451  0.6006 
   00655    0.4300    -236.6877  0.5761 
   00656    0.4900    -234.2062  0.5684 
   00657    0.4500    -234.6297  0.5754 
   00658    0.5500    -240.7081  0.5815 
   00659    0.4900    -264.0559  0.6721 
   00660    0.3800    -260.4727  0.6755 
   00661    0.4000    -249.3897  0.6552 
   00662    0.3900    -258.3795  0.6751 
   00663    0.4900    -255.4571  0.6675 
   00664    0.4800    -247.8312  0.6752 
   00665    0.5000    -242.3032  0.6544 
   00666    0.4500    -253.2688  0.6630 
   00667    0.4500    -249.6902  0.5920 
   00668    0.5100    -223.5341  0.5554 
   00669    0.4800    -232.9629  0.5826 
   00670    0.5100    -221.0510  0.5817 
   00671    0.5300    -202.8364  0.5098 
   00672    0.6000    -198.5826  0.5019 
   00673    0.5700    -217.7571  0.4458 
   00674    0.5100    -237.2806  0.4854 
   00675    0.6300    -224.5340  0.5044 
   00676    0.5200    -224.6781  0.4970 
   00677    0.4700    -240.9148  0.4664 
   00678    0.4800    -221.6637  0.4643 
   00679    0.5000    -238.4930  0.5065 
   00680    0.4500    -239.7619  0.4906 
   00681    0.4300    -237.7543  0.5497 
   00682    0.5100    -223.7996  0.5421 
   00683    0.5600    -225.7029  0.5477 
   00684    0.4900    -239.0935  0.5259 
   00685    0.5700    -229.0543  0.4769 
   00686    0.5000    -228.4100  0.4053 
   00687    0.4400    -231.7645  0.3524 
   00688    0.6000    -206.2759  0.3402 
   00689    0.5400    -216.4445  0.3550 
   00690    0.5600    -220.3609  0.4458 
   00691    0.5300    -210.4575  0.4850 
   00692    0.5100    -224.8505  0.4545 
   00693    0.5000    -238.3401  0.5004 
   00694    0.5100    -213.0531  0.4155 
   00695    0.5200    -228.1206  0.4169 
   00696    0.5400    -231.2027  0.4494 
   00697    0.4900    -223.9531  0.3718 
   00698    0.6000    -231.5668  0.4009 
   00699    0.4900    -215.8897  0.4372 
   00700    0.4800    -204.0049  0.4179 
   00701    0.5500    -236.0489  0.4140 
   00702    0.5200    -232.7673  0.4065 
   00703    0.4400    -238.9285  0.3871 
   00704    0.5000    -243.3566  0.4307 
   00705    0.4600    -238.5775  0.3858 
   00706    0.4500    -219.9580  0.3059 
   00707    0.5900    -218.6978  0.3678 
   00708    0.4900    -228.7417  0.4074 
   00709    0.5600    -234.0438  0.4953 
   00710    0.4800    -247.4911  0.4411 
   00711    0.5500    -227.0845  0.3863 
   00712    0.4800    -228.5238  0.4134 
   00713    0.5500    -229.4902  0.4050 
   00714    0.5000    -223.2868  0.4444 
   00715    0.5200    -235.1729  0.4154 
   00716    0.4800    -237.8421  0.4212 
   00717    0.4800    -236.1424  0.4535 
   00718    0.5000    -228.5261  0.4326 
   00719    0.4700    -224.4967  0.4510 
   00720    0.6300    -227.2626  0.4408 
   00721    0.4800    -208.8477  0.4043 
   00722    0.4800    -207.5523  0.4449 
   00723    0.5000    -199.7328  0.3798 
   00724    0.5900    -199.4967  0.4156 
   00725    0.6000    -208.4820  0.4263 
   00726    0.4800    -221.2768  0.4157 
   00727    0.4800    -228.7890  0.4498 
   00728    0.4900    -230.6204  0.4601 
   00729    0.6000    -208.4053  0.4939 
   00730    0.5500    -223.0957  0.5536 
   00731    0.5300    -228.4792  0.5660 
   00732    0.4700    -216.9450  0.5463 
   00733    0.5000    -218.2585  0.5595 
   00734    0.4700    -218.8956  0.5288 
   00735    0.4400    -233.0933  0.5731 
   00736    0.4700    -247.4575  0.5981 
   00737    0.3800    -257.4301  0.5867 
   00738    0.4200    -252.5791  0.6177 
   00739    0.4200    -250.2981  0.6727 
   00740    0.4100    -243.4648  0.6496 
   00741    0.4900    -230.9857  0.5406 
   00742    0.6200    -219.3448  0.4800 
   00743    0.6000    -226.2189  0.3979 
   00744    0.5200    -234.0933  0.4083 
   00745    0.5200    -232.7585  0.3354 
   00746    0.6200    -219.9117  0.3405 
   00747    0.5400    -224.3554  0.2864 
   00748    0.4900    -220.5565  0.3709 
   00749    0.4800    -206.4528  0.3939 
   00750    0.5500    -203.9110  0.3003 
   00751    0.6200    -203.8608  0.3158 
   00752    0.5200    -204.0844  0.3329 
   00753    0.5200    -223.0944  0.4542 
   00754    0.4800    -221.5357  0.4552 
   00755    0.4600    -231.2855  0.5142 
   00756    0.4900    -241.9203  0.5517 
   00757    0.4600    -248.4884  0.5535 
   00758    0.4700    -230.5636  0.5041 
   00759    0.4900    -235.5504  0.4873 
   00760    0.5100    -235.4467  0.4746 
   00761    0.4600    -227.4456  0.4763 
   00762    0.4800    -217.8492  0.4615 
   00763    0.4600    -239.4538  0.4974 
   00764    0.4900    -241.2592  0.4551 
   00765    0.5600    -233.5653  0.3986 
   00766    0.4700    -232.3970  0.3631 
   00767    0.4800    -232.6620  0.3730 
   00768    0.4900    -245.1538  0.3867 
   00769    0.5600    -248.5607  0.4434 
   00770    0.4200    -239.1721  0.5100 
   00771    0.4000    -228.4353  0.4424 
   00772    0.6400    -224.3851  0.4359 
   00773    0.5400    -226.2369  0.4817 
   00774    0.5400    -250.1538  0.4935 
   00775    0.5400    -227.2309  0.3586 
   00776    0.5000    -219.5960  0.3456 
   00777    0.6100    -224.4194  0.3586 
   00778    0.4800    -230.3714  0.4083 
   00779    0.5300    -226.3454  0.4039 
   00780    0.6300    -208.0712  0.3679 
   00781    0.4800    -233.1845  0.3939 
   00782    0.5300    -214.8183  0.3432 
   00783    0.5600    -220.8698  0.3661 
   00784    0.4800    -236.4187  0.3464 
   00785    0.5100    -235.0724  0.3543 
   00786    0.4900    -231.5509  0.4128 
   00787    0.5300    -222.0790  0.3568 
   00788    0.5500    -213.6682  0.3526 
   00789    0.5700    -206.8262  0.3099 
   00790    0.5700    -209.6714  0.3170 
   00791    0.5200    -215.2912  0.3403 
   00792    0.5300    -237.5997  0.3705 
   00793    0.5000    -242.0872  0.3945 
   00794    0.5100    -232.4617  0.3218 
   00795    0.5000    -228.7515  0.3450 
   00796    0.4400    -230.8396  0.3403 
   00797    0.5300    -247.0351  0.3223 
   00798    0.4600    -237.1477  0.3163 
   00799    0.4000    -208.1292  0.2856 
   00800    0.5700    -226.6446  0.2827 
   00801    0.5000    -200.4832  0.3203 
   00802    0.5200    -218.8212  0.3482 
   00803    0.5100    -223.5572  0.3737 
   00804    0.5400    -217.6185  0.3833 
   00805    0.4600    -223.4060  0.3642 
   00806    0.4400    -240.1823  0.3755 
   00807    0.5100    -253.4761  0.3767 
   00808    0.4100    -233.0193  0.3975 
   00809    0.4400    -242.2830  0.3495 
   00810    0.4400    -242.5685  0.3098 
   00811    0.4400    -244.6591  0.3256 
   00812    0.5200    -244.8081  0.3641 
   00813    0.5200    -262.1157  0.3879 
   00814    0.4700    -237.0147  0.3720 
   00815    0.5900    -216.3555  0.3255 
   00816    0.5800    -193.5356  0.3611 
   00817    0.4700    -205.7738  0.3406 
   00818    0.6200    -185.0742  0.3298 
   00819    0.6100    -184.8636  0.3381 
   00820    0.5600    -190.2594  0.3572 
   00821    0.5700    -216.2076  0.4418 
   00822    0.6000    -208.9012  0.4394 
   00823    0.4900    -209.9709  0.4863 
   00824    0.4500    -237.9586  0.5951 
   00825    0.4500    -239.3678  0.6189 
   00826    0.4500    -240.9841  0.6235 
   00827    0.3900    -252.5102  0.6805 
   00828    0.4500    -281.9183  0.7155 
   00829    0.4300    -278.1572  0.6749 
   00830    0.3800    -265.7739  0.6185 
   00831    0.4500    -276.2132  0.6307 
   00832    0.3600    -283.5806  0.6598 
   00833    0.4100    -273.4832  0.6647 
   00834    0.4300    -265.7446  0.6240 
   00835    0.4500    -260.3613  0.5670 
   00836    0.4200    -237.9522  0.5232 
   00837    0.5400    -245.5474  0.5249 
   00838    0.3800    -238.7748  0.5775 
   00839    0.5000    -220.6556  0.5824 
   00840    0.4700    -242.0258  0.6060 
   00841    0.4200    -265.4829  0.6722 
   00842    0.5000    -292.9088  0.7063 
   00843    0.4000    -285.9735  0.7031 
   00844    0.4900    -269.2821  0.6952 
   00845    0.5200    -278.8039  0.6763 
   00846    0.4400    -269.5137  0.7049 
   00847    0.5000    -257.7822  0.7021 
   00848    0.4200    -253.3957  0.6662 
   00849    0.4800    -263.8826  0.6826 
   00850    0.4500    -266.5565  0.6626 
   00851    0.3700    -272.3211  0.6856 
   00852    0.4800    -261.7268  0.6636 
   00853    0.5100    -228.7156  0.5859 
   00854    0.5400    -231.5001  0.5432 
   00855    0.5100    -229.8545  0.5377 
   00856    0.5500    -233.0294  0.5941 
   00857    0.5200    -248.4553  0.5941 
   00858    0.5700    -248.1262  0.6289 
   00859    0.5500    -228.0351  0.5702 
   00860    0.4300    -242.5059  0.5906 
   00861    0.4500    -249.8781  0.5919 
   00862    0.4900    -238.4823  0.5733 
   00863    0.4600    -226.4492  0.5901 
   00864    0.5700    -232.6112  0.5882 
   00865    0.5000    -238.7253  0.5922 
   00866    0.5000    -245.0692  0.6592 
   00867    0.4900    -246.8967  0.6724 
   00868    0.3400    -248.3142  0.7038 
   00869    0.5100    -264.5469  0.7244 
   00870    0.3500    -272.3122  0.7488 
   00871    0.4100    -256.0692  0.7263 
   00872    0.5000    -237.0907  0.6694 
   00873    0.4900    -258.7212  0.6983 
   00874    0.5500    -239.0783  0.6485 
   00875    0.4800    -248.8968  0.6843 
   00876    0.5200    -279.4729  0.7802 
   00877    0.3900    -265.2670  0.7768 
   00878    0.3600    -266.3034  0.7448 
   00879    0.5400    -264.3715  0.7178 
   00880    0.5100    -251.8669  0.6823 
   00881    0.4500    -258.8894  0.6771 
   00882    0.4800    -268.4876  0.6724 
   00883    0.3800    -255.0624  0.6946 
   00884    0.4700    -253.2015  0.6478 
   00885    0.4700    -236.5344  0.6215 
   00886    0.5300    -229.0391  0.5843 
   00887    0.5000    -236.1508  0.6195 
   00888    0.4500    -238.0925  0.5808 
   00889    0.5300    -226.6276  0.5748 
   00890    0.5000    -235.1552  0.5407 
   00891    0.5500    -239.1724  0.5194 
   00892    0.4600    -240.2400  0.4821 
   00893    0.5000    -228.2371  0.4351 
   00894    0.4800    -230.8854  0.3956 
   00895    0.5000    -220.4101  0.4586 
   00896    0.5000    -231.3296  0.3811 
   00897    0.5300    -219.5908  0.3671 
   00898    0.4700    -225.0385  0.3887 
   00899    0.5200    -229.8676  0.4348 
   00900    0.4900    -224.7300  0.4291 
   00901    0.5300    -224.0881  0.4294 
   00902    0.4700    -222.9238  0.4389 
   00903    0.4700    -249.7475  0.4281 
   00904    0.4300    -264.7199  0.4468 
   00905    0.4700    -240.0439  0.3965 
   00906    0.5700    -243.0401  0.4521 
   00907    0.4500    -242.6356  0.4781 
   00908    0.5200    -225.9861  0.4816 
   00909    0.5800    -224.3741  0.4614 
   00910    0.5400    -220.2680  0.4319 
   00911    0.5200    -213.2613  0.4074 
   00912    0.6000    -226.3429  0.3903 
   00913    0.5600    -227.2396  0.3904 
   00914    0.4400    -212.2467  0.4158 
   00915    0.5900    -228.2877  0.4988 
   00916    0.5200    -226.4552  0.4446 
   00917    0.4500    -228.0358  0.4298 
   00918    0.5500    -227.2364  0.3857 
   00919    0.5800    -219.1773  0.3374 
   00920    0.4100    -221.4085  0.3472 
   00921    0.5100    -229.3762  0.3754 
   00922    0.4900    -215.6084  0.4358 
   00923    0.6100    -215.9578  0.4506 
   00924    0.5400    -213.0071  0.4031 
   00925    0.5100    -223.2465  0.4033 
   00926    0.4500    -218.0411  0.4315 
   00927    0.5100    -235.0468  0.4136 
   00928    0.4600    -222.0968  0.3965 
   00929    0.5700    -208.2229  0.3583 
   00930    0.4600    -214.3920  0.2867 
   00931    0.5300    -210.5963  0.2889 
   00932    0.6300    -204.9542  0.2845 
   00933    0.5300    -206.4579  0.2824 
   00934    0.6000    -198.0653  0.3494 
   00935    0.5600    -216.7889  0.3152 
   00936    0.4700    -221.2374  0.3369 
   00937    0.4700    -244.1315  0.3249 
   00938    0.5000    -224.0760  0.3605 
   00939    0.5300    -218.2958  0.4121 
   00940    0.5200    -207.8787  0.3948 
   00941    0.5100    -206.7955  0.4525 
   00942    0.4800    -207.8609  0.4543 
   00943    0.4700    -207.8576  0.4412 
   00944    0.6000    -200.6825  0.4043 
   00945    0.5200    -192.4101  0.3793 
   00946    0.5500    -210.5088  0.3330 
   00947    0.5600    -208.4136  0.2701 
   00948    0.6500    -209.1729  0.2689 
   00949    0.6000    -198.7063  0.2958 
   00950    0.6000    -224.5588  0.3007 
   00951    0.5200    -239.9694  0.3692 
   00952    0.4700    -262.0939  0.4205 
   00953    0.3800    -267.7288  0.4659 
   00954    0.5200    -254.6246  0.4879 
   00955    0.4100    -259.4310  0.4549 
   00956    0.4100    -254.4721  0.4829 
   00957    0.5000    -260.7929  0.4900 
   00958    0.3800    -249.9192  0.5177 
   00959    0.5600    -237.7836  0.5647 
   00960    0.4200    -253.6479  0.5549 
   00961    0.5100    -242.6105  0.5958 
   00962    0.5700    -240.5105  0.5741 
   00963    0.4600    -244.9435  0.5851 
   00964    0.5000    -244.9680  0.5528 
   00965    0.5000    -239.2051  0.5550 
   00966    0.4500    -227.8352  0.5606 
   00967    0.5000    -235.7878  0.5191 
   00968    0.5400    -220.6489  0.4926 
   00969    0.5500    -203.8992  0.5081 
   00970    0.6100    -202.6674  0.4794 
   00971    0.5700    -201.3786  0.4798 
   00972    0.5400    -202.8209  0.4612 
   00973    0.4600    -205.0083  0.4309 
   00974    0.5500    -216.8269  0.4751 
   00975    0.5200    -227.8060  0.5794 
   00976    0.4100    -220.3527  0.4949 
   00977    0.5300    -230.8520  0.5087 
   00978    0.5500    -227.2627  0.4828 
   00979    0.5100    -222.5982  0.4926 
   00980    0.4900    -237.2130  0.5328 
   00981    0.4600    -228.5563  0.5742 
   00982    0.6000    -242.6982  0.5909 
   00983    0.4400    -241.5778  0.5750 
   00984    0.5200    -250.2432  0.5687 
   00985    0.4500    -243.7262  0.5690 
   00986    0.4800    -251.5355  0.5636 
   00987    0.4700    -222.6664  0.5833 
   00988    0.4900    -231.3018  0.5816 
   00989    0.6000    -233.5052  0.6069 
   00990    0.5100    -246.8063  0.6276 
   00991    0.4800    -256.4113  0.6785 
   00992    0.4200    -263.4923  0.6648 
   00993    0.4500    -271.5126  0.7154 
   00994    0.4800    -250.9871  0.6577 
   00995    0.4500    -262.5387  0.6058 
   00996    0.4700    -267.4344  0.6583 
   00997    0.4500    -271.6849  0.6874 
   00998    0.4200    -283.8432  0.7217 
   00999    0.4800    -282.7655  0.7111 
   01000    0.4900    -280.2740  0.7036 
