#=====================================================
# File created:        Fri-08-Mar-2024-at-05-01-16PM
# Size of lattice:     10x10
# Number of MC steps:  1000
# Reduced temperature: 1.000
# Run time (s):        13.026776
#=====================================================
# MC step:  Ratio:     Energy:   Order:
#=====================================================
   00000    0.5000    -102.3695  0.3439 
   00001    0.6200    -171.8841  0.4168 
   00002    0.6100    -176.1189  0.4234 
   00003    0.6100    -183.7842  0.4388 
   00004    0.5200    -201.7103  0.5079 
   00005    0.5800    -212.6204  0.5238 
   00006    0.5100    -189.3256  0.4577 
   00007    0.5100    -190.7247  0.4502 
   00008    0.5500    -190.1000  0.4297 
   00009    0.5700    -183.2427  0.4354 
   00010    0.7200    -190.8957  0.5013 
   00011    0.6000    -196.5638  0.4595 
   00012    0.4700    -244.4935  0.4683 
   00013    0.5300    -243.5621  0.4390 
   00014    0.4500    -229.4396  0.4377 
   00015    0.4800    -229.0855  0.4928 
   00016    0.4700    -227.6025  0.5054 
   00017    0.5200    -233.4868  0.4861 
   00018    0.5100    -228.6646  0.5286 
   00019    0.5900    -213.4353  0.4456 
   00020    0.5400    -216.2242  0.4821 
   00021    0.5400    -221.1181  0.5413 
   00022    0.4300    -207.5808  0.5621 
   00023    0.6200    -207.2115  0.5086 
   00024    0.5700    -208.2001  0.5353 
   00025    0.5900    -228.1285  0.5646 
   00026    0.4700    -223.3794  0.4745 
   00027    0.5400    -204.3383  0.4281 
   00028    0.5000    -233.8551  0.4412 
   00029    0.5800    -234.4763  0.4275 
   00030    0.5400    -223.6658  0.3698 
   00031    0.4600    -226.2318  0.3203 
   00032    0.5700    -212.6822  0.3215 
   00033    0.5800    -189.6859  0.3798 
   00034    0.5300    -210.3320  0.3708 
   00035    0.5300    -222.7395  0.3846 
   00036    0.5500    -212.5490  0.3188 
   00037    0.6000    -194.0903  0.3554 
   00038    0.6000    -213.1167  0.3586 
   00039    0.6000    -216.1780  0.3408 
   00040    0.5300    -227.1315  0.3709 
   00041    0.4600    -207.4598  0.3875 
   00042    0.5900    -189.8894  0.3946 
   00043    0.6100    -202.3536  0.4529 
   00044    0.4900    -208.1260  0.4435 
   00045    0.5800    -208.2169  0.4404 
   00046    0.4800    -218.2216  0.4079 
   00047    0.5000    -221.8017  0.4985 
   00048    0.4700    -233.2590  0.5332 
   00049    0.4200    -213.3153  0.4824 
   00050    0.6600    -201.7738  0.5187 
   00051    0.5200    -215.4227  0.5909 
   00052    0.4600    -213.7690  0.5795 
   00053    0.5300    -217.7234  0.5341 
   00054    0.5700    -248.9191  0.5362 
   00055    0.5100    -220.4520  0.4385 
   00056    0.5400    -220.7238  0.4345 
   00057    0.6600    -194.7213  0.3662 
   00058    0.6300    -197.1275  0.3852 
   00059    0.6100    -217.8317  0.3357 
   00060    0.5200    -213.6531  0.2873 
   00061    0.4900    -194.9537  0.3266 
   00062    0.6000    -201.7746  0.3275 
   00063    0.4700    -205.1584  0.3644 
   00064    0.6400    -202.0117  0.3729 
   00065    0.5300    -233.4757  0.5072 
   00066    0.5100    -214.9500  0.5149 
   00067    0.4400    -239.5271  0.5668 
   00068    0.5500    -244.2306  0.5396 
   00069    0.5400    -235.4650  0.5331 
   00070    0.5100    -233.9801  0.5164 
   00071    0.5200    -221.6710  0.5050 
   00072    0.5600    -243.9533  0.5718 
   00073    0.5200    -235.4024  0.5047 
   00074    0.4900    -238.1513  0.4788 
   00075    0.5600    -239.8328  0.4306 
   00076    0.4500    -238.1490  0.4882 
   00077    0.4400    -241.7430  0.5587 
   00078    0.5100    -248.1839  0.5869 
   00079    0.4100    -248.0002  0.5589 
   00080    0.4400    -247.8107  0.5582 
   00081    0.4800    -238.5865  0.5915 
   00082    0.5200    -235.8422  0.6048 
   00083    0.4800    -217.9070  0.5640 
   00084    0.5300    -202.0978  0.5286 
   00085    0.5600    -235.1233  0.5358 
   00086    0.4900    -233.0645  0.5163 
   00087    0.5200    -235.6691  0.5013 
   00088    0.5300    -242.6839  0.5140 
   00089    0.4700    -237.7828  0.5401 
   00090    0.5800    -225.9720  0.5243 
   00091    0.5300    -257.5423  0.5968 
   00092    0.4900    -254.9080  0.6069 
   00093    0.4300    -250.2320  0.5759 
   00094    0.4500    -259.3446  0.5917 
   00095    0.4300    -248.0917  0.5853 
   00096    0.4300    -208.6258  0.4870 
   00097    0.5800    -206.2385  0.4704 
   00098    0.5600    -204.5869  0.4869 
   00099    0.5500    -218.4499  0.4982 
   00100    0.4400    -236.7585  0.5428 
   00101    0.5400    -246.8441  0.5495 
   00102    0.4300    -232.4469  0.5006 
   00103    0.5700    -242.8952  0.5537 
   00104    0.5400    -248.9595  0.5957 
   00105    0.5000    -235.2905  0.4983 
   00106    0.5200    -229.8594  0.5505 
   00107    0.4800    -237.3161  0.5376 
   00108    0.5000    -232.6321  0.5444 
   00109    0.4800    -201.1950  0.4535 
   00110    0.5500    -216.0705  0.4759 
   00111    0.4900    -222.9005  0.4848 
   00112    0.5200    -231.6692  0.4881 
   00113    0.4500    -226.8703  0.5046 
   00114    0.5800    -224.8534  0.5238 
   00115    0.6100    -199.6270  0.4311 
   00116    0.5300    -202.4630  0.4781 
   00117    0.5000    -240.6278  0.5406 
   00118    0.4700    -270.0920  0.6114 
   00119    0.4400    -266.2971  0.6172 
   00120    0.4000    -233.0200  0.5664 
   00121    0.4700    -244.0777  0.5965 
   00122    0.4700    -247.8203  0.5282 
   00123    0.4700    -250.8028  0.5362 
   00124    0.4500    -234.3842  0.5002 
   00125    0.3800    -246.1241  0.5274 
   00126    0.4700    -221.6420  0.5110 
   00127    0.5700    -218.7036  0.4423 
   00128    0.4000    -231.0114  0.4612 
   00129    0.4500    -215.7100  0.4836 
   00130    0.4900    -245.1396  0.5003 
   00131    0.4600    -233.2619  0.4602 
   00132    0.5300    -223.3879  0.4997 
   00133    0.5400    -221.7980  0.4527 
   00134    0.4800    -211.6925  0.3972 
   00135    0.6100    -212.8390  0.4744 
   00136    0.5800    -223.8503  0.4363 
   00137    0.4600    -223.3041  0.5111 
   00138    0.4900    -203.2002  0.5225 
   00139    0.6000    -225.1241  0.5557 
   00140    0.4700    -234.7152  0.5589 
   00141    0.4900    -232.8453  0.5204 
   00142    0.5200    -236.2259  0.5441 
   00143    0.5400    -231.3800  0.5149 
   00144    0.4000    -257.4442  0.5300 
   00145    0.4000    -248.6844  0.5717 
   00146    0.5600    -253.1348  0.5378 
   00147    0.5000    -253.9019  0.5530 
   00148    0.4800    -250.8787  0.5913 
   00149    0.4800    -242.7731  0.6414 
   00150    0.4400    -245.8264  0.6600 
   00151    0.4700    -228.1214  0.6456 
   00152    0.5300    -241.2004  0.6538 
   00153    0.4500    -225.7489  0.5620 
   00154    0.4700    -242.1983  0.5541 
   00155    0.4600    -229.6302  0.5400 
   00156    0.5500    -242.2656  0.5449 
   00157    0.5000    -230.5794  0.5084 
   00158    0.4300    -245.5526  0.5750 
   00159    0.4100    -245.7097  0.5415 
   00160    0.4500    -259.7413  0.5831 
   00161    0.3700    -251.8621  0.5897 
   00162    0.4700    -233.2970  0.5863 
   00163    0.4700    -243.4645  0.6111 
   00164    0.5000    -242.0128  0.6061 
   00165    0.3800    -239.0174  0.5817 
   00166    0.4200    -252.1008  0.6168 
   00167    0.4900    -230.5469  0.5467 
   00168    0.4400    -237.8841  0.5497 
   00169    0.4000    -237.4490  0.5617 
   00170    0.4800    -218.2394  0.5837 
   00171    0.4900    -232.0236  0.5642 
   00172    0.4600    -253.1065  0.5795 
   00173    0.4800    -259.4421  0.6583 
   00174    0.3500    -265.3227  0.6611 
   00175    0.3300    -260.4981  0.6338 
   00176    0.4800    -257.4807  0.6709 
   00177    0.4800    -261.8197  0.6767 
   00178    0.4800    -262.4967  0.6839 
   00179    0.4500    -270.5665  0.7131 
   00180    0.4900    -256.6655  0.6864 
   00181    0.4200    -251.5845  0.6909 
   00182    0.5200    -270.0859  0.7350 
   00183    0.3700    -293.0571  0.7715 
   00184    0.4600    -277.0782  0.7634 
   00185    0.4500    -262.0267  0.7147 
   00186    0.3800    -272.1171  0.6924 
   00187    0.5000    -266.5768  0.7282 
   00188    0.3900    -253.9773  0.7162 
   00189    0.3600    -274.3430  0.7375 
   00190    0.3900    -268.8784  0.7225 
   00191    0.4700    -282.9892  0.7649 
   00192    0.3200    -295.3314  0.7875 
   00193    0.4200    -279.4411  0.7604 
   00194    0.4500    -272.2695  0.7648 
   00195    0.3400    -268.4840  0.7650 
   00196    0.4600    -254.1471  0.7073 
   00197    0.5000    -245.4250  0.6859 
   00198    0.5000    -257.1673  0.6580 
   00199    0.4800    -255.1615  0.6841 
   00200    0.5300    -239.5202  0.6463 
   00201    0.4500    -250.2615  0.5930 
   00202    0.5100    -258.9697  0.6356 
   00203    0.5000    -258.9881  0.6051 
   00204    0.4700    -255.2446  0.6313 
   00205    0.4500    -252.0585  0.6406 
   00206    0.4900    -252.0158  0.6434 
   00207    0.3800    -272.0368  0.6700 
   00208    0.4200    -271.4404  0.7049 
   00209    0.4100    -278.9019  0.6943 
   00210    0.4500    -261.5385  0.6535 
   00211    0.3400    -252.6178  0.6633 
   00212    0.5100    -244.2670  0.6715 
   00213    0.5100    -260.9311  0.6972 
   00214    0.4700    -241.0185  0.6555 
   00215    0.5500    -247.3870  0.6560 
   00216    0.4300    -253.6809  0.7178 
   00217    0.4600    -274.7067  0.7187 
   00218    0.4700    -261.3600  0.7033 
   00219    0.5100    -275.0195  0.7185 
   00220    0.4300    -270.3718  0.7176 
   00221    0.3600    -273.4908  0.7445 
   00222    0.4800    -256.4830  0.7427 
   00223    0.5000    -268.6503  0.7136 
   00224    0.4700    -262.7807  0.6746 
   00225    0.5600    -261.6813  0.6855 
   00226    0.4500    -253.5617  0.6289 
   00227    0.3400    -262.7734  0.6810 
   00228    0.5200    -254.3313  0.6851 
   00229    0.4200    -268.0243  0.7405 
   00230    0.4100    -265.0063  0.7058 
   00231    0.4400    -246.8117  0.6926 
   00232    0.5200    -242.2279  0.6385 
   00233    0.5200    -249.0768  0.6841 
   00234    0.4400    -266.0474  0.7248 
   00235    0.5300    -260.9507  0.6552 
   00236    0.4400    -269.5134  0.6651 
   00237    0.4200    -249.9808  0.6242 
   00238    0.4700    -243.3913  0.5755 
   00239    0.5200    -215.4597  0.4945 
   00240    0.5600    -194.7501  0.4101 
   00241    0.5800    -208.9056  0.4320 
   00242    0.5000    -197.6135  0.3971 
   00243    0.6100    -193.9099  0.4226 
   00244    0.6400    -212.3658  0.4790 
   00245    0.4000    -233.1658  0.5263 
   00246    0.4600    -227.4105  0.5628 
   00247    0.5100    -237.4028  0.5530 
   00248    0.4600    -228.3991  0.5279 
   00249    0.5000    -202.0636  0.5189 
   00250    0.6500    -219.0817  0.5253 
   00251    0.5700    -230.1376  0.5591 
   00252    0.4900    -238.5633  0.5611 
   00253    0.5300    -246.6977  0.6054 
   00254    0.4500    -246.5848  0.5808 
   00255    0.4500    -258.3191  0.5839 
   00256    0.4100    -249.8570  0.5882 
   00257    0.4500    -258.0514  0.6347 
   00258    0.5300    -254.3413  0.6159 
   00259    0.5400    -272.5269  0.6034 
   00260    0.4200    -281.9946  0.6030 
   00261    0.5200    -271.2996  0.5930 
   00262    0.5000    -258.9841  0.5699 
   00263    0.4700    -258.6753  0.5312 
   00264    0.5000    -275.8651  0.5972 
   00265    0.4100    -275.0696  0.6045 
   00266    0.4300    -282.7865  0.6470 
   00267    0.4800    -281.9468  0.6833 
   00268    0.4700    -258.8134  0.6653 
   00269    0.5900    -248.6555  0.6223 
   00270    0.4900    -249.7347  0.6092 
   00271    0.5400    -242.7985  0.5414 
   00272    0.4400    -244.8414  0.5313 
   00273    0.4600    -261.3660  0.5619 
   00274    0.4400    -252.8638  0.5665 
   00275    0.4300    -250.1424  0.6093 
   00276    0.4800    -250.1733  0.5679 
   00277    0.5400    -251.8486  0.5942 
   00278    0.4800    -253.6038  0.6041 
   00279    0.5000    -258.5996  0.6235 
   00280    0.4500    -253.1168  0.5658 
   00281    0.4500    -244.5864  0.5525 
   00282    0.5000    -246.1082  0.5930 
   00283    0.5000    -248.5001  0.6221 
   00284    0.4600    -237.0566  0.6318 
   00285    0.4900    -222.3604  0.5705 
   00286    0.5300    -219.0286  0.5286 
   00287    0.5400    -220.8431  0.5528 
   00288    0.5500    -219.5961  0.5818 
   00289    0.5400    -233.3835  0.6276 
   00290    0.4500    -241.1564  0.6447 
   00291    0.5000    -228.3601  0.6170 
   00292    0.5600    -239.4342  0.6507 
   00293    0.4100    -230.1068  0.6192 
   00294    0.5000    -215.8797  0.5602 
   00295    0.4500    -211.3288  0.5376 
   00296    0.4900    -218.2038  0.5700 
   00297    0.4400    -222.2201  0.5574 
   00298    0.5200    -247.3105  0.6208 
   00299    0.4100    -259.3991  0.6301 
   00300    0.3400    -269.1874  0.6200 
   00301    0.3300    -269.5370  0.6575 
   00302    0.4900    -251.8582  0.6365 
   00303    0.4800    -260.7883  0.6762 
   00304    0.3700    -258.3085  0.7174 
   00305    0.4600    -279.4169  0.7201 
   00306    0.3900    -268.2559  0.6813 
   00307    0.4200    -247.5196  0.6713 
   00308    0.5300    -244.5172  0.6791 
   00309    0.4200    -261.9004  0.6948 
   00310    0.3100    -254.5112  0.6803 
   00311    0.5000    -259.1044  0.6237 
   00312    0.3900    -271.4957  0.5990 
   00313    0.3500    -268.1724  0.6649 
   00314    0.4700    -254.5125  0.6144 
   00315    0.4700    -262.2004  0.6507 
   00316    0.4000    -256.6114  0.6563 
   00317    0.4800    -235.3646  0.5925 
   00318    0.4300    -217.0980  0.5631 
   00319    0.4500    -241.8392  0.6164 
   00320    0.4600    -239.3817  0.6126 
   00321    0.3600    -226.3507  0.5929 
   00322    0.4900    -235.2140  0.6123 
   00323    0.4900    -244.9745  0.6537 
   00324    0.4600    -240.8862  0.6245 
   00325    0.5000    -236.4069  0.6279 
   00326    0.5100    -229.2611  0.6037 
   00327    0.5400    -239.4521  0.6057 
   00328    0.4800    -236.6212  0.6079 
   00329    0.5100    -225.3418  0.5713 
   00330    0.4300    -251.4658  0.6388 
   00331    0.4400    -255.0104  0.6280 
   00332    0.4200    -239.0631  0.5999 
   00333    0.5000    -234.3821  0.6163 
   00334    0.5100    -253.9686  0.6490 
   00335    0.4000    -244.2649  0.6465 
   00336    0.5200    -254.1952  0.6358 
   00337    0.4200    -249.2812  0.6678 
   00338    0.4300    -246.0214  0.6629 
   00339    0.3800    -266.2726  0.6897 
   00340    0.4200    -240.9260  0.6531 
   00341    0.4700    -258.9483  0.6968 
   00342    0.3900    -263.1587  0.7036 
   00343    0.4800    -274.1728  0.7302 
   00344    0.4100    -287.4455  0.7571 
   00345    0.4100    -276.4987  0.7298 
   00346    0.4300    -276.9854  0.7050 
   00347    0.3900    -265.6876  0.6856 
   00348    0.4200    -253.6111  0.6783 
   00349    0.4900    -252.6400  0.7112 
   00350    0.4800    -245.0844  0.6944 
   00351    0.5500    -253.2713  0.6609 
   00352    0.5300    -259.0033  0.6859 
   00353    0.3300    -260.0401  0.6735 
   00354    0.4500    -232.5715  0.6039 
   00355    0.4800    -227.5436  0.5684 
   00356    0.5000    -234.9250  0.5794 
   00357    0.4300    -226.2882  0.5915 
   00358    0.5200    -251.0573  0.6156 
   00359    0.4200    -267.4676  0.6549 
   00360    0.4900    -253.0213  0.6235 
   00361    0.5000    -233.7825  0.5803 
   00362    0.5700    -240.5414  0.5940 
   00363    0.5300    -242.0613  0.6282 
   00364    0.5200    -251.0174  0.6254 
   00365    0.4700    -259.2682  0.6500 
   00366    0.4300    -265.7313  0.6200 
   00367    0.3400    -262.7648  0.6438 
   00368    0.4700    -258.4663  0.6746 
   00369    0.5000    -272.5923  0.6717 
   00370    0.4400    -257.6837  0.6124 
   00371    0.5900    -251.0443  0.5995 
   00372    0.5100    -261.5572  0.5709 
   00373    0.5300    -239.0804  0.5202 
   00374    0.5900    -231.1386  0.4481 
   00375    0.5900    -225.9847  0.5108 
   00376    0.5400    -240.6413  0.4860 
   00377    0.5400    -244.7250  0.5597 
   00378    0.3300    -245.0421  0.5405 
   00379    0.5400    -246.8048  0.5708 
   00380    0.5200    -244.9640  0.5788 
   00381    0.5100    -234.4931  0.5277 
   00382    0.4300    -244.7104  0.5428 
   00383    0.5300    -244.7682  0.5717 
   00384    0.4200    -247.5069  0.5771 
   00385    0.4900    -254.4259  0.5911 
   00386    0.5900    -240.1409  0.5682 
   00387    0.4800    -223.9347  0.5328 
   00388    0.4600    -231.5473  0.5698 
   00389    0.5500    -235.8162  0.5411 
   00390    0.3200    -243.5773  0.5949 
   00391    0.4600    -231.2989  0.5779 
   00392    0.5400    -241.3812  0.5968 
   00393    0.4500    -233.1050  0.6142 
   00394    0.4700    -240.2220  0.6214 
   00395    0.4400    -234.3680  0.5707 
   00396    0.4800    -260.9003  0.5820 
   00397    0.4300    -264.1443  0.5785 
   00398    0.4200    -277.5735  0.6117 
   00399    0.4700    -264.8439  0.6133 
   00400    0.4000    -284.8771  0.6782 
   00401    0.3900    -282.9925  0.6927 
   00402    0.4900    -264.9559  0.6722 
   00403    0.4500    -275.6110  0.7037 
   00404    0.4700    -262.4294  0.7085 
   00405    0.4400    -259.2759  0.6988 
   00406    0.5100    -244.0265  0.6869 
   00407    0.5700    -234.7712  0.6372 
   00408    0.6100    -230.0946  0.6442 
   00409    0.4700    -239.5921  0.6260 
   00410    0.5000    -238.2257  0.5806 
   00411    0.5300    -233.5905  0.5876 
   00412    0.4900    -250.7482  0.5667 
   00413    0.5700    -240.5303  0.5186 
   00414    0.5100    -245.2032  0.5418 
   00415    0.5100    -231.9946  0.5047 
   00416    0.4800    -210.3191  0.4203 
   00417    0.5100    -224.8598  0.3970 
   00418    0.4900    -225.0260  0.4128 
   00419    0.5200    -221.5625  0.4747 
   00420    0.5300    -216.4507  0.4968 
   00421    0.5700    -208.4154  0.5337 
   00422    0.5400    -229.4193  0.5069 
   00423    0.5100    -248.9255  0.5253 
   00424    0.3700    -271.8733  0.5343 
   00425    0.5400    -241.6151  0.5276 
   00426    0.5600    -236.6246  0.5716 
   00427    0.5000    -251.7441  0.5512 
   00428    0.4200    -264.0716  0.5716 
   00429    0.4300    -250.8228  0.5099 
   00430    0.4700    -241.0022  0.4968 
   00431    0.4100    -238.0378  0.4938 
   00432    0.6000    -240.8543  0.4858 
   00433    0.4400    -239.6676  0.4469 
   00434    0.4500    -232.2455  0.4251 
   00435    0.3200    -235.3784  0.4622 
   00436    0.4900    -256.1694  0.5044 
   00437    0.4700    -245.4819  0.5262 
   00438    0.4400    -235.3832  0.4680 
   00439    0.4200    -247.0546  0.5138 
   00440    0.5400    -245.7403  0.5470 
   00441    0.4000    -250.1451  0.5591 
   00442    0.5000    -233.2028  0.4734 
   00443    0.4600    -238.7633  0.4399 
   00444    0.4100    -242.0595  0.3903 
   00445    0.4900    -248.6130  0.3570 
   00446    0.4800    -247.8705  0.3835 
   00447    0.4900    -229.7329  0.3983 
   00448    0.5000    -226.7276  0.3932 
   00449    0.4100    -221.7143  0.4240 
   00450    0.4900    -227.9614  0.3654 
   00451    0.5500    -223.0291  0.3473 
   00452    0.5900    -206.9740  0.3103 
   00453    0.5300    -226.5467  0.3028 
   00454    0.5900    -217.9400  0.3145 
   00455    0.5100    -215.9402  0.3717 
   00456    0.5600    -217.4291  0.3807 
   00457    0.5400    -222.3554  0.3556 
   00458    0.5700    -223.4888  0.3863 
   00459    0.5800    -204.3666  0.4395 
   00460    0.5800    -218.4983  0.4558 
   00461    0.5900    -230.1871  0.3479 
   00462    0.4600    -214.1288  0.3247 
   00463    0.4600    -244.0266  0.2977 
   00464    0.5400    -251.7535  0.3390 
   00465    0.4200    -247.8218  0.4318 
   00466    0.4700    -245.3437  0.4629 
   00467    0.5100    -251.1697  0.5510 
   00468    0.4400    -257.3564  0.5598 
   00469    0.4400    -260.1396  0.5180 
   00470    0.4600    -234.5898  0.5178 
   00471    0.4700    -231.0221  0.5091 
   00472    0.5200    -235.0156  0.5160 
   00473    0.5300    -221.6441  0.4555 
   00474    0.5600    -230.3626  0.4404 
   00475    0.4600    -244.0801  0.5101 
   00476    0.4300    -249.6858  0.5061 
   00477    0.5400    -254.6405  0.5427 
   00478    0.4600    -251.3590  0.5266 
   00479    0.4900    -261.2361  0.5670 
   00480    0.4800    -259.4268  0.5779 
   00481    0.5200    -262.6808  0.6175 
   00482    0.4300    -271.3045  0.5753 
   00483    0.4800    -270.5790  0.5847 
   00484    0.4300    -254.6940  0.5886 
   00485    0.5400    -251.8535  0.5706 
   00486    0.4500    -263.6436  0.5812 
   00487    0.5000    -261.3608  0.6288 
   00488    0.4400    -246.4013  0.5879 
   00489    0.4200    -234.7499  0.5413 
   00490    0.5400    -230.6551  0.5283 
   00491    0.4800    -242.7071  0.5551 
   00492    0.4600    -249.1577  0.5966 
   00493    0.4800    -277.6792  0.6913 
   00494    0.4700    -266.3514  0.6714 
   00495    0.3600    -255.4371  0.6443 
   00496    0.5000    -240.8976  0.6185 
   00497    0.4500    -231.9459  0.6325 
   00498    0.4300    -226.1588  0.6035 
   00499    0.5300    -225.8485  0.6194 
   00500    0.5500    -227.6004  0.6506 
   00501    0.4800    -221.3456  0.6174 
   00502    0.4900    -233.4901  0.6248 
   00503    0.5300    -235.3243  0.6406 
   00504    0.4600    -240.8311  0.6517 
   00505    0.4500    -237.8917  0.6043 
   00506    0.5500    -234.3752  0.6265 
   00507    0.3800    -239.5403  0.6343 
   00508    0.5300    -247.7133  0.6631 
   00509    0.5100    -264.4570  0.6974 
   00510    0.3400    -288.4076  0.7402 
   00511    0.4500    -276.8120  0.7347 
   00512    0.4800    -251.9065  0.7049 
   00513    0.4000    -257.3902  0.7059 
   00514    0.5400    -266.8217  0.7089 
   00515    0.3200    -277.5307  0.7161 
   00516    0.3500    -271.5739  0.6635 
   00517    0.4300    -261.2943  0.6311 
   00518    0.5300    -293.5172  0.7228 
   00519    0.3400    -286.3862  0.7211 
   00520    0.3300    -290.8384  0.7264 
   00521    0.3200    -287.8746  0.7325 
   00522    0.3800    -277.3977  0.7261 
   00523    0.3600    -288.2837  0.7575 
   00524    0.4500    -290.4447  0.7525 
   00525    0.3800    -294.8759  0.7150 
   00526    0.4400    -287.7959  0.7397 
   00527    0.4100    -280.4058  0.7314 
   00528    0.5100    -277.2608  0.7218 
   00529    0.4600    -274.5582  0.6656 
   00530    0.4600    -262.8064  0.6740 
   00531    0.4700    -260.6696  0.6600 
   00532    0.4900    -250.5877  0.6415 
   00533    0.4700    -227.1644  0.5561 
   00534    0.5500    -217.7422  0.5626 
   00535    0.5100    -218.0712  0.6039 
   00536    0.5100    -197.6711  0.5336 
   00537    0.4900    -223.6895  0.4790 
   00538    0.4000    -235.4206  0.4755 
   00539    0.6000    -219.2983  0.5197 
   00540    0.5400    -219.8696  0.4936 
   00541    0.5400    -241.4571  0.4916 
   00542    0.5000    -226.6030  0.5318 
   00543    0.5200    -251.5383  0.5651 
   00544    0.5400    -256.4407  0.5978 
   00545    0.4800    -251.9001  0.5864 
   00546    0.5400    -255.9337  0.5917 
   00547    0.4600    -249.0617  0.5676 
   00548    0.4200    -245.5431  0.5398 
   00549    0.4900    -222.9233  0.5291 
   00550    0.5500    -205.6357  0.5040 
   00551    0.5200    -226.4702  0.5823 
   00552    0.4700    -221.5292  0.5983 
   00553    0.5400    -245.0389  0.5762 
   00554    0.4800    -253.2709  0.5591 
   00555    0.4800    -244.9713  0.5232 
   00556    0.4300    -259.6674  0.5230 
   00557    0.3400    -243.8509  0.5108 
   00558    0.4300    -243.3732  0.5152 
   00559    0.4900    -232.5708  0.5081 
   00560    0.5300    -220.0478  0.4152 
   00561    0.4600    -247.6501  0.4787 
   00562    0.4300    -231.5933  0.4846 
   00563    0.4300    -226.9959  0.5043 
   00564    0.5000    -214.3038  0.4199 
   00565    0.5600    -233.5260  0.3349 
   00566    0.5200    -235.5211  0.3115 
   00567    0.4700    -259.4715  0.3722 
   00568    0.4200    -244.3624  0.4556 
   00569    0.4900    -251.0125  0.5178 
   00570    0.4700    -250.8492  0.5020 
   00571    0.4700    -261.3968  0.4799 
   00572    0.4700    -238.9724  0.4735 
   00573    0.5600    -244.9301  0.4526 
   00574    0.5000    -251.4764  0.4875 
   00575    0.5300    -235.3824  0.5357 
   00576    0.4700    -253.4157  0.5124 
   00577    0.5100    -244.2784  0.4187 
   00578    0.3900    -249.8042  0.4468 
   00579    0.4700    -231.7480  0.4259 
   00580    0.4700    -242.2043  0.4060 
   00581    0.5800    -236.5432  0.4456 
   00582    0.5200    -237.6173  0.4220 
   00583    0.5500    -218.1879  0.3666 
   00584    0.6300    -218.6239  0.3321 
   00585    0.5800    -214.9812  0.3200 
   00586    0.5700    -220.9129  0.3545 
   00587    0.6300    -207.2990  0.4187 
   00588    0.5800    -223.7754  0.4694 
   00589    0.4600    -225.3860  0.4615 
   00590    0.5500    -233.2942  0.4552 
   00591    0.4000    -236.8278  0.4531 
   00592    0.3100    -237.7260  0.4926 
   00593    0.5400    -240.9188  0.5053 
   00594    0.4700    -241.3661  0.5322 
   00595    0.4900    -242.4967  0.5683 
   00596    0.4400    -260.9844  0.5796 
   00597    0.4400    -252.9495  0.5837 
   00598    0.4400    -243.4567  0.5382 
   00599    0.4900    -242.7937  0.5903 
   00600    0.5100    -219.6412  0.4996 
   00601    0.5200    -215.1939  0.4951 
   00602    0.6000    -182.5182  0.4309 
   00603    0.6200    -203.4176  0.4659 
   00604    0.4700    -219.9276  0.4538 
   00605    0.6000    -204.1331  0.4636 
   00606    0.6200    -197.5613  0.3471 
   00607    0.5000    -197.9533  0.3295 
   00608    0.5200    -207.9282  0.3162 
   00609    0.5300    -218.7662  0.3219 
   00610    0.4900    -215.3649  0.3423 
   00611    0.5100    -222.4080  0.4121 
   00612    0.5100    -242.4907  0.3818 
   00613    0.5700    -216.3161  0.3865 
   00614    0.5500    -228.2814  0.4269 
   00615    0.5600    -217.2117  0.4568 
   00616    0.6000    -213.7149  0.3741 
   00617    0.5800    -226.0617  0.3822 
   00618    0.4000    -238.4487  0.4002 
   00619    0.5500    -239.0231  0.3911 
   00620    0.5500    -245.2924  0.4630 
   00621    0.5300    -241.8434  0.5524 
   00622    0.4500    -229.5388  0.5215 
   00623    0.5900    -236.9572  0.5702 
   00624    0.5500    -230.2863  0.5116 
   00625    0.5500    -251.0183  0.5822 
   00626    0.4100    -253.7435  0.6102 
   00627    0.5300    -248.1918  0.5417 
   00628    0.4700    -233.5643  0.4719 
   00629    0.4900    -221.7480  0.4791 
   00630    0.4800    -225.1680  0.4668 
   00631    0.4500    -216.4064  0.4139 
   00632    0.6000    -199.3577  0.3801 
   00633    0.5400    -217.0277  0.3574 
   00634    0.5500    -204.6998  0.3348 
   00635    0.6400    -196.1225  0.2940 
   00636    0.6700    -198.3399  0.2857 
   00637    0.5200    -205.0444  0.3053 
   00638    0.5200    -225.6974  0.2676 
   00639    0.5400    -218.4861  0.3268 
   00640    0.5200    -244.8330  0.3846 
   00641    0.3700    -259.2292  0.4667 
   00642    0.4200    -253.6362  0.5034 
   00643    0.4900    -246.6076  0.5144 
   00644    0.4900    -259.1018  0.5529 
   00645    0.5000    -242.5083  0.4620 
   00646    0.4600    -242.1193  0.4559 
   00647    0.5300    -247.3568  0.4692 
   00648    0.5200    -232.7919  0.5163 
   00649    0.5600    -221.8319  0.4894 
   00650    0.5000    -245.2382  0.5635 
   00651    0.4600    -219.6425  0.5039 
   00652    0.4100    -222.6782  0.5209 
   00653    0.4900    -221.4257  0.5555 
   00654    0.4400    -223.1042  0.5270 
   00655    0.5600    -213.0076  0.5237 
   00656    0.4900    -230.6631  0.4921 
   00657    0.6000    -229.0365  0.3910 
   00658    0.5000    -229.8446  0.3824 
   00659    0.4700    -248.0560  0.3954 
   00660    0.4900    -239.1578  0.3915 
   00661    0.4400    -258.6141  0.4862 
   00662    0.5200    -256.1014  0.4905 
   00663    0.4500    -253.4038  0.5175 
   00664    0.5000    -257.2249  0.5835 
   00665    0.4400    -267.2121  0.5809 
   00666    0.4700    -264.6016  0.5394 
   00667    0.5100    -250.9961  0.5478 
   00668    0.4500    -241.0414  0.5935 
   00669    0.5200    -223.1489  0.5293 
   00670    0.5100    -236.0318  0.5027 
   00671    0.4600    -256.1753  0.5025 
   00672    0.4900    -254.5910  0.5351 
   00673    0.5200    -262.5622  0.5368 
   00674    0.4300    -261.4049  0.5657 
   00675    0.5000    -261.2904  0.5397 
   00676    0.4700    -263.6482  0.5676 
   00677    0.4100    -275.4305  0.6118 
   00678    0.3900    -248.9500  0.5659 
   00679    0.4800    -229.8659  0.4785 
   00680    0.5300    -232.2285  0.4663 
   00681    0.5400    -229.9899  0.4508 
   00682    0.4400    -235.1764  0.4122 
   00683    0.4900    -243.8584  0.4771 
   00684    0.4900    -238.7600  0.4962 
   00685    0.4700    -244.1411  0.5340 
   00686    0.4400    -238.9869  0.5649 
   00687    0.4500    -226.8908  0.5060 
   00688    0.4400    -234.7537  0.4864 
   00689    0.4600    -263.7889  0.5124 
   00690    0.5700    -235.9731  0.5064 
   00691    0.5300    -218.9350  0.5076 
   00692    0.6100    -229.6756  0.5127 
   00693    0.5800    -224.6020  0.4371 
   00694    0.5400    -215.4051  0.3591 
   00695    0.5600    -233.0125  0.3791 
   00696    0.5300    -217.7061  0.3509 
   00697    0.6400    -223.8467  0.3820 
   00698    0.6100    -222.7622  0.3520 
   00699    0.4400    -227.7650  0.3746 
   00700    0.5400    -206.8330  0.3670 
   00701    0.5200    -203.9126  0.3131 
   00702    0.5400    -201.8813  0.3843 
   00703    0.5800    -211.5873  0.3486 
   00704    0.5700    -216.9955  0.3388 
   00705    0.5500    -201.3667  0.3474 
   00706    0.5300    -213.3922  0.4102 
   00707    0.4900    -222.4643  0.4782 
   00708    0.4800    -231.4520  0.4764 
   00709    0.4100    -244.9542  0.5284 
   00710    0.5600    -237.8434  0.5216 
   00711    0.4100    -237.3439  0.5033 
   00712    0.5300    -259.1933  0.5579 
   00713    0.4700    -239.5290  0.5199 
   00714    0.5100    -247.9251  0.5452 
   00715    0.4700    -253.3204  0.5908 
   00716    0.5000    -263.2160  0.6342 
   00717    0.5500    -252.5048  0.6345 
   00718    0.4900    -269.9109  0.6437 
   00719    0.4700    -267.4615  0.6537 
   00720    0.3900    -280.6924  0.6999 
   00721    0.4300    -259.0547  0.6646 
   00722    0.4100    -261.7334  0.6790 
   00723    0.4400    -261.9951  0.6511 
   00724    0.5000    -252.4204  0.6228 
   00725    0.4800    -231.7479  0.5611 
   00726    0.4600    -234.6643  0.6034 
   00727    0.4800    -244.5782  0.6133 
   00728    0.4800    -248.2115  0.6642 
   00729    0.3900    -272.2915  0.7147 
   00730    0.4400    -263.8016  0.6835 
   00731    0.5500    -245.3568  0.6571 
   00732    0.4400    -272.7193  0.7267 
   00733    0.4800    -263.0639  0.7302 
   00734    0.4800    -290.8537  0.7698 
   00735    0.4400    -265.6241  0.7502 
   00736    0.4300    -253.6284  0.6989 
   00737    0.4000    -253.0149  0.6594 
   00738    0.5000    -241.9826  0.6384 
   00739    0.4200    -246.9052  0.6300 
   00740    0.5500    -235.4842  0.6189 
   00741    0.5200    -247.4813  0.6265 
   00742    0.5300    -249.4630  0.6651 
   00743    0.4400    -256.6743  0.5934 
   00744    0.4300    -246.7739  0.6043 
   00745    0.4500    -244.5180  0.5963 
   00746    0.5200    -240.1692  0.5910 
   00747    0.5600    -244.5550  0.5429 
   00748    0.5000    -243.7267  0.5069 
   00749    0.4800    -226.5250  0.4810 
   00750    0.5500    -231.1103  0.4508 
   00751    0.5700    -237.6585  0.4911 
   00752    0.4500    -222.1868  0.4877 
   00753    0.5500    -212.8410  0.5102 
   00754    0.5500    -214.2741  0.5618 
   00755    0.6300    -225.1551  0.5695 
   00756    0.5700    -247.6853  0.6222 
   00757    0.5000    -251.1145  0.6509 
   00758    0.4400    -261.0459  0.6551 
   00759    0.4900    -271.8674  0.6765 
   00760    0.4200    -253.4704  0.6702 
   00761    0.4600    -243.1655  0.6906 
   00762    0.5000    -258.9169  0.7083 
   00763    0.3600    -267.5348  0.7261 
   00764    0.4800    -255.7848  0.7025 
   00765    0.4500    -227.2411  0.6648 
   00766    0.5000    -239.8430  0.6915 
   00767    0.4700    -247.9631  0.7078 
   00768    0.4600    -256.0354  0.6956 
   00769    0.4300    -268.0384  0.7361 
   00770    0.5400    -273.8484  0.7562 
   00771    0.5100    -270.4938  0.7219 
   00772    0.4700    -285.2336  0.7088 
   00773    0.4600    -267.0325  0.6973 
   00774    0.3900    -248.7420  0.6963 
   00775    0.5200    -234.7191  0.6497 
   00776    0.4300    -238.1697  0.6487 
   00777    0.4600    -242.7642  0.6692 
   00778    0.4700    -251.5500  0.6685 
   00779    0.5200    -232.6658  0.6721 
   00780    0.4500    -243.8983  0.6914 
   00781    0.4900    -231.1672  0.6302 
   00782    0.4800    -235.4591  0.6256 
   00783    0.5200    -247.1664  0.6651 
   00784    0.4700    -254.8250  0.7040 
   00785    0.5100    -272.0884  0.6790 
   00786    0.3800    -272.3190  0.6576 
   00787    0.4200    -266.5858  0.6734 
   00788    0.4900    -269.5763  0.6305 
   00789    0.5000    -252.0612  0.6619 
   00790    0.3900    -258.2682  0.7103 
   00791    0.4500    -266.6348  0.7273 
   00792    0.3200    -277.5141  0.7142 
   00793    0.4300    -286.6033  0.7345 
   00794    0.3900    -284.4140  0.7380 
   00795    0.4000    -257.4383  0.6650 
   00796    0.4400    -238.1993  0.6417 
   00797    0.5200    -255.8120  0.6686 
   00798    0.5200    -258.7477  0.6326 
   00799    0.4900    -240.7252  0.6439 
   00800    0.4800    -254.6292  0.6479 
   00801    0.4300    -249.6722  0.6025 
   00802    0.5400    -246.4661  0.6393 
   00803    0.4600    -236.8943  0.6596 
   00804    0.5600    -237.1839  0.6122 
   00805    0.4800    -227.6474  0.6391 
   00806    0.5400    -232.8004  0.5684 
   00807    0.5300    -239.1810  0.6533 
   00808    0.4300    -256.2798  0.6107 
   00809    0.3900    -248.4137  0.6019 
   00810    0.5000    -251.3789  0.5677 
   00811    0.4900    -264.0042  0.6304 
   00812    0.4400    -278.5858  0.6303 
   00813    0.4100    -260.8149  0.5883 
   00814    0.4500    -260.0367  0.6402 
   00815    0.3800    -271.7359  0.6475 
   00816    0.4200    -279.8038  0.6751 
   00817    0.5000    -257.8844  0.6527 
   00818    0.5100    -238.7519  0.6650 
   00819    0.5200    -240.9213  0.6527 
   00820    0.4900    -248.0200  0.6561 
   00821    0.4800    -233.9739  0.6278 
   00822    0.5700    -232.9957  0.6669 
   00823    0.5100    -232.5317  0.6094 
   00824    0.5800    -239.4016  0.6091 
   00825    0.4900    -239.6682  0.5843 
   00826    0.3700    -236.4774  0.5506 
   00827    0.4500    -239.0759  0.5657 
   00828    0.4400    -247.2562  0.5876 
   00829    0.5200    -261.4996  0.6236 
   00830    0.4400    -254.3522  0.6363 
   00831    0.5100    -255.8739  0.6146 
   00832    0.5300    -257.8831  0.6096 
   00833    0.3700    -278.3849  0.6166 
   00834    0.5600    -257.9210  0.5883 
   00835    0.4900    -260.1072  0.5656 
   00836    0.4300    -267.8772  0.5609 
   00837    0.4500    -261.6395  0.5893 
   00838    0.4700    -244.2746  0.5864 
   00839    0.4600    -248.4224  0.6183 
   00840    0.5200    -224.4805  0.5751 
   00841    0.5600    -237.4157  0.5889 
   00842    0.5700    -254.4312  0.6285 
   00843    0.4300    -242.6624  0.6029 
   00844    0.5300    -269.8740  0.5771 
   00845    0.4300    -258.6159  0.5451 
   00846    0.4600    -262.6191  0.5828 
   00847    0.5700    -259.1816  0.6481 
   00848    0.4000    -271.9039  0.6880 
   00849    0.4400    -270.7274  0.6924 
   00850    0.4100    -243.4743  0.6580 
   00851    0.4500    -252.2385  0.6591 
   00852    0.4700    -254.3200  0.6775 
   00853    0.4900    -254.3650  0.6423 
   00854    0.4200    -269.7155  0.6548 
   00855    0.4800    -272.4335  0.6860 
   00856    0.4400    -284.6062  0.7211 
   00857    0.4400    -278.8682  0.6791 
   00858    0.5000    -266.2351  0.6418 
   00859    0.5500    -256.3422  0.5951 
   00860    0.4000    -259.0510  0.6269 
   00861    0.4600    -259.7256  0.6262 
   00862    0.4100    -262.0358  0.6330 
   00863    0.4400    -249.6344  0.5737 
   00864    0.4800    -234.1326  0.6017 
   00865    0.5400    -235.2909  0.6222 
   00866    0.4500    -241.7788  0.6490 
   00867    0.4700    -238.5441  0.6354 
   00868    0.4200    -239.3660  0.6104 
   00869    0.5000    -229.9766  0.6174 
   00870    0.4200    -243.9050  0.6323 
   00871    0.5000    -235.5580  0.6371 
   00872    0.4200    -238.8874  0.5852 
   00873    0.4500    -241.1880  0.6096 
   00874    0.4500    -254.3065  0.6386 
   00875    0.4200    -265.2310  0.6819 
   00876    0.3900    -266.9237  0.6515 
   00877    0.4000    -265.0174  0.6594 
   00878    0.4100    -274.9882  0.6990 
   00879    0.3800    -279.4403  0.6786 
   00880    0.4800    -281.3120  0.6732 
   00881    0.4700    -274.4339  0.6734 
   00882    0.4300    -237.8015  0.5652 
   00883    0.5300    -231.2712  0.6045 
   00884    0.5800    -213.5470  0.6047 
   00885    0.4300    -224.3034  0.6240 
   00886    0.4500    -216.8235  0.6426 
   00887    0.5300    -238.5635  0.7013 
   00888    0.4900    -262.9270  0.7226 
   00889    0.4800    -259.8281  0.7306 
   00890    0.4500    -237.9973  0.6605 
   00891    0.4400    -240.3719  0.6222 
   00892    0.4500    -238.3379  0.5934 
   00893    0.5000    -215.9851  0.5178 
   00894    0.5000    -236.1774  0.5277 
   00895    0.5300    -233.3398  0.5077 
   00896    0.4500    -224.6009  0.4986 
   00897    0.3800    -215.4369  0.4562 
   00898    0.5500    -216.0430  0.4173 
   00899    0.4100    -221.3254  0.4453 
   00900    0.4700    -225.5468  0.4183 
   00901    0.5400    -222.6044  0.4712 
   00902    0.4700    -232.0072  0.4860 
   00903    0.4800    -231.2980  0.4947 
   00904    0.4700    -236.1971  0.5357 
   00905    0.4000    -236.8942  0.5210 
   00906    0.5300    -230.0227  0.6033 
   00907    0.4700    -233.5960  0.5978 
   00908    0.5000    -222.2067  0.5657 
   00909    0.5500    -227.3744  0.5670 
   00910    0.4300    -242.6717  0.5654 
   00911    0.4600    -257.5000  0.6124 
   00912    0.4200    -263.1039  0.6282 
   00913    0.4000    -269.0776  0.6185 
   00914    0.4700    -274.5849  0.6092 
   00915    0.3700    -268.4029  0.6038 
   00916    0.4000    -251.5389  0.5678 
   00917    0.4300    -234.6668  0.5479 
   00918    0.5800    -238.2961  0.5874 
   00919    0.4900    -222.9160  0.5152 
   00920    0.5000    -211.9318  0.4274 
   00921    0.5000    -196.4949  0.4598 
   00922    0.5200    -213.3072  0.4333 
   00923    0.5900    -227.5875  0.4761 
   00924    0.5400    -237.2258  0.5649 
   00925    0.4600    -239.5136  0.5533 
   00926    0.5200    -242.6497  0.6126 
   00927    0.4500    -250.0183  0.5982 
   00928    0.5000    -259.2926  0.6350 
   00929    0.4700    -254.2705  0.6560 
   00930    0.4700    -232.2688  0.5683 
   00931    0.5900    -232.0707  0.4885 
   00932    0.6000    -224.5354  0.4770 
   00933    0.6000    -213.1323  0.4590 
   00934    0.5100    -201.0965  0.4851 
   00935    0.5500    -215.5850  0.4156 
   00936    0.3900    -226.5682  0.5215 
   00937    0.5200    -222.6456  0.5090 
   00938    0.5400    -219.6806  0.4533 
   00939    0.5200    -227.0653  0.4422 
   00940    0.5100    -226.4329  0.4759 
   00941    0.5200    -228.5165  0.4313 
   00942    0.5800    -222.8006  0.4667 
   00943    0.4400    -216.6243  0.4488 
   00944    0.5400    -218.5211  0.4270 
   00945    0.5000    -217.4147  0.4145 
   00946    0.5300    -222.4690  0.5229 
   00947    0.5300    -221.8583  0.4849 
   00948    0.5000    -232.3998  0.5140 
   00949    0.5200    -226.6590  0.4657 
   00950    0.5200    -228.1085  0.4317 
   00951    0.5500    -239.5987  0.4956 
   00952    0.4600    -227.4525  0.4227 
   00953    0.5800    -245.4759  0.4599 
   00954    0.5500    -236.2048  0.4725 
   00955    0.4800    -242.6681  0.4706 
   00956    0.5900    -235.0846  0.4564 
   00957    0.5300    -240.5017  0.4912 
   00958    0.5200    -233.9955  0.5047 
   00959    0.4400    -221.9446  0.4652 
   00960    0.5000    -236.0903  0.5595 
   00961    0.4900    -244.0734  0.5079 
   00962    0.5200    -222.0622  0.5693 
   00963    0.4600    -225.9186  0.5270 
   00964    0.4600    -236.3586  0.5615 
   00965    0.4900    -230.8853  0.5398 
   00966    0.4800    -233.6337  0.5928 
   00967    0.5200    -244.1368  0.6670 
   00968    0.4300    -235.9337  0.6486 
   00969    0.4200    -226.7300  0.6772 
   00970    0.4500    -263.6678  0.7468 
   00971    0.4300    -252.1309  0.7035 
   00972    0.5500    -237.7511  0.6661 
   00973    0.4900    -238.4128  0.6637 
   00974    0.4800    -226.3199  0.6227 
   00975    0.4800    -213.6715  0.6120 
   00976    0.5400    -242.7418  0.6828 
   00977    0.4900    -229.9927  0.6149 
   00978    0.5100    -233.5074  0.6617 
   00979    0.5100    -226.1544  0.6360 
   00980    0.4800    -230.8982  0.5939 
   00981    0.4600    -241.7029  0.6343 
   00982    0.4400    -246.6995  0.6613 
   00983    0.3900    -249.0506  0.6133 
   00984    0.4700    -260.6375  0.6433 
   00985    0.5300    -258.0452  0.6539 
   00986    0.4900    -254.0095  0.6671 
   00987    0.5000    -242.0239  0.6384 
   00988    0.4300    -239.9517  0.6339 
   00989    0.5600    -250.1349  0.6502 
   00990    0.4600    -242.3404  0.6449 
   00991    0.3800    -282.2149  0.7434 
   00992    0.4400    -277.6816  0.7231 
   00993    0.5000    -287.2060  0.7362 
   00994    0.3700    -254.7798  0.6841 
   00995    0.3000    -248.3037  0.6814 
   00996    0.5000    -252.0134  0.6487 
   00997    0.3900    -264.6901  0.7110 
   00998    0.4300    -260.9769  0.6970 
   00999    0.4500    -295.9301  0.7638 
   01000    0.4000    -295.3421  0.7782 
