#=====================================================
# File created:        Fri-08-Mar-2024-at-05-01-53PM
# Size of lattice:     10x10
# Number of MC steps:  1000
# Reduced temperature: 1.000
# Run time (s):        12.360507
#=====================================================
# MC step:  Ratio:     Energy:   Order:
#=====================================================
   00000    0.5000     -92.8935  0.3170 
   00001    0.7400    -151.0670  0.4563 
   00002    0.6000    -196.8872  0.4506 
   00003    0.5600    -203.8728  0.3880 
   00004    0.5200    -222.5819  0.4729 
   00005    0.4600    -215.3604  0.4910 
   00006    0.5200    -214.9025  0.4921 
   00007    0.4900    -235.0059  0.5136 
   00008    0.4800    -243.4615  0.5087 
   00009    0.4500    -242.5020  0.5117 
   00010    0.4800    -245.3151  0.4987 
   00011    0.4900    -242.7167  0.5187 
   00012    0.5400    -255.2609  0.5567 
   00013    0.4800    -236.6141  0.5384 
   00014    0.5600    -248.2319  0.5467 
   00015    0.5600    -223.6355  0.5641 
   00016    0.4600    -204.1388  0.5563 
   00017    0.5000    -213.1572  0.5245 
   00018    0.5900    -222.2105  0.5207 
   00019    0.5000    -231.5450  0.5322 
   00020    0.5500    -231.2798  0.5497 
   00021    0.4900    -225.0334  0.5974 
   00022    0.5400    -239.3718  0.5973 
   00023    0.4800    -265.3493  0.6397 
   00024    0.3900    -276.3739  0.6499 
   00025    0.4900    -274.9278  0.6410 
   00026    0.4100    -271.7301  0.5821 
   00027    0.5300    -246.5643  0.5114 
   00028    0.4900    -240.4207  0.5021 
   00029    0.4800    -227.0512  0.5252 
   00030    0.5100    -219.7249  0.4840 
   00031    0.5600    -235.0592  0.4985 
   00032    0.4600    -235.9328  0.5563 
   00033    0.4200    -227.0838  0.5648 
   00034    0.5100    -225.4384  0.5615 
   00035    0.5700    -229.5151  0.5497 
   00036    0.4700    -233.3260  0.5163 
   00037    0.4600    -233.3455  0.4029 
   00038    0.5400    -233.3929  0.4109 
   00039    0.4300    -233.5073  0.3864 
   00040    0.4600    -231.6678  0.3537 
   00041    0.5200    -245.4548  0.4372 
   00042    0.4600    -207.7080  0.4215 
   00043    0.5600    -223.0782  0.4081 
   00044    0.4600    -235.0572  0.3970 
   00045    0.5000    -248.4988  0.4101 
   00046    0.4500    -231.2940  0.4653 
   00047    0.4600    -218.3257  0.4860 
   00048    0.5900    -215.5819  0.4406 
   00049    0.3700    -231.2418  0.4538 
   00050    0.4500    -226.4571  0.4990 
   00051    0.5000    -230.5116  0.4981 
   00052    0.5100    -231.3146  0.4771 
   00053    0.6100    -208.8589  0.4102 
   00054    0.4900    -198.9929  0.3870 
   00055    0.5600    -195.4989  0.3144 
   00056    0.5400    -212.1260  0.3800 
   00057    0.4700    -205.6488  0.3632 
   00058    0.4800    -224.6037  0.3579 
   00059    0.4500    -242.2737  0.4120 
   00060    0.4900    -231.1792  0.3816 
   00061    0.4900    -247.0445  0.4366 
   00062    0.4900    -245.3586  0.4369 
   00063    0.4900    -234.6463  0.4766 
   00064    0.5500    -234.4945  0.4662 
   00065    0.5400    -233.2900  0.5126 
   00066    0.5300    -245.6301  0.5308 
   00067    0.3500    -266.4668  0.5390 
   00068    0.3900    -276.6062  0.5581 
   00069    0.4200    -263.0740  0.5604 
   00070    0.3800    -271.1038  0.5918 
   00071    0.5100    -260.5422  0.5899 
   00072    0.3800    -269.1016  0.6277 
   00073    0.4100    -269.9625  0.6243 
   00074    0.3600    -267.1283  0.5998 
   00075    0.3300    -278.6612  0.5899 
   00076    0.4500    -275.3762  0.5851 
   00077    0.4200    -251.3275  0.5494 
   00078    0.5100    -241.3429  0.5069 
   00079    0.5400    -252.5019  0.5224 
   00080    0.5300    -266.9080  0.5232 
   00081    0.4900    -260.7888  0.5365 
   00082    0.4400    -236.8248  0.5359 
   00083    0.5300    -233.2541  0.5126 
   00084    0.4200    -240.8315  0.4399 
   00085    0.5900    -221.9469  0.3979 
   00086    0.5500    -207.2828  0.3967 
   00087    0.4500    -210.0488  0.3738 
   00088    0.5500    -207.7007  0.3848 
   00089    0.6200    -202.3032  0.4806 
   00090    0.5000    -209.9909  0.3985 
   00091    0.5400    -231.1565  0.3529 
   00092    0.5500    -233.4901  0.3263 
   00093    0.5200    -239.5714  0.3434 
   00094    0.4400    -228.0434  0.4080 
   00095    0.5100    -235.3570  0.4014 
   00096    0.4900    -233.8876  0.4029 
   00097    0.4800    -242.3228  0.4465 
   00098    0.4500    -251.6692  0.4781 
   00099    0.5000    -237.6405  0.4449 
   00100    0.5400    -223.5325  0.4132 
   00101    0.4500    -236.6565  0.4524 
   00102    0.4900    -252.8593  0.4713 
   00103    0.4800    -221.4627  0.3848 
   00104    0.4800    -222.7209  0.4424 
   00105    0.4600    -223.9726  0.4406 
   00106    0.5200    -214.3823  0.4769 
   00107    0.5200    -199.7831  0.5097 
   00108    0.5900    -224.0955  0.4910 
   00109    0.5700    -237.6587  0.5456 
   00110    0.4200    -242.9889  0.4912 
   00111    0.5200    -243.7452  0.4538 
   00112    0.5100    -236.6225  0.4500 
   00113    0.5200    -235.7074  0.5072 
   00114    0.4400    -235.9497  0.5116 
   00115    0.5300    -246.3025  0.5415 
   00116    0.4500    -254.2402  0.5704 
   00117    0.4700    -231.7075  0.5273 
   00118    0.5500    -235.0489  0.5145 
   00119    0.4700    -234.0692  0.5445 
   00120    0.5700    -226.9864  0.4972 
   00121    0.5100    -220.2898  0.4171 
   00122    0.5600    -221.3483  0.4839 
   00123    0.6600    -217.6048  0.5049 
   00124    0.5400    -224.5929  0.5197 
   00125    0.4000    -223.2558  0.5472 
   00126    0.5300    -223.1992  0.5530 
   00127    0.5000    -228.8924  0.5488 
   00128    0.3900    -227.5215  0.5718 
   00129    0.5900    -228.6136  0.5595 
   00130    0.4800    -220.3054  0.5424 
   00131    0.5500    -188.5218  0.5647 
   00132    0.5200    -174.5387  0.4934 
   00133    0.5800    -205.6159  0.5607 
   00134    0.5600    -195.2353  0.4782 
   00135    0.6100    -210.5013  0.4948 
   00136    0.5800    -202.7244  0.4438 
   00137    0.5100    -220.2284  0.5087 
   00138    0.5400    -225.6414  0.5094 
   00139    0.5900    -222.9077  0.5956 
   00140    0.5600    -212.1365  0.5629 
   00141    0.5000    -230.5746  0.6081 
   00142    0.4200    -244.3689  0.6255 
   00143    0.4400    -251.4131  0.6208 
   00144    0.3800    -244.8300  0.5945 
   00145    0.4400    -249.6876  0.6007 
   00146    0.5100    -244.0692  0.6036 
   00147    0.4400    -242.2071  0.6092 
   00148    0.4700    -226.7278  0.6070 
   00149    0.5000    -222.3227  0.5220 
   00150    0.4200    -226.4691  0.5146 
   00151    0.5000    -225.9737  0.5497 
   00152    0.5500    -219.3496  0.4997 
   00153    0.4700    -230.3323  0.5610 
   00154    0.4600    -224.7790  0.5042 
   00155    0.4800    -220.8974  0.5380 
   00156    0.5000    -233.3760  0.5667 
   00157    0.5600    -228.9961  0.5322 
   00158    0.5200    -229.3906  0.5202 
   00159    0.5500    -200.4983  0.4449 
   00160    0.5600    -213.4501  0.4953 
   00161    0.6000    -211.2727  0.5153 
   00162    0.4900    -207.6043  0.5324 
   00163    0.6300    -200.8355  0.5477 
   00164    0.5100    -208.1866  0.5479 
   00165    0.5100    -219.0862  0.5679 
   00166    0.4800    -243.3729  0.6174 
   00167    0.4300    -255.4714  0.6735 
   00168    0.5200    -251.9539  0.6425 
   00169    0.5600    -238.3165  0.6352 
   00170    0.5000    -226.6181  0.6501 
   00171    0.4600    -228.0253  0.6205 
   00172    0.4800    -228.0552  0.5440 
   00173    0.5500    -236.1381  0.5591 
   00174    0.4700    -227.9020  0.5575 
   00175    0.5000    -219.6451  0.5395 
   00176    0.5300    -222.8400  0.5910 
   00177    0.5100    -230.5053  0.6002 
   00178    0.4900    -237.7699  0.5601 
   00179    0.4700    -249.7893  0.6360 
   00180    0.5100    -242.4846  0.6107 
   00181    0.4500    -245.0677  0.6010 
   00182    0.4700    -267.1859  0.6118 
   00183    0.3700    -251.3535  0.6122 
   00184    0.5000    -244.8691  0.5846 
   00185    0.6300    -256.9718  0.6172 
   00186    0.4900    -258.3134  0.6481 
   00187    0.4500    -231.4402  0.5886 
   00188    0.5100    -275.7352  0.6114 
   00189    0.3600    -247.7054  0.5752 
   00190    0.4300    -270.2584  0.6364 
   00191    0.4700    -274.2132  0.6668 
   00192    0.3900    -263.7140  0.6516 
   00193    0.4100    -271.9822  0.6615 
   00194    0.3900    -257.7689  0.6405 
   00195    0.5200    -281.8033  0.6745 
   00196    0.4000    -288.5892  0.6787 
   00197    0.4700    -267.2877  0.6527 
   00198    0.4800    -261.1524  0.6511 
   00199    0.4000    -255.5131  0.6422 
   00200    0.4800    -268.4697  0.6571 
   00201    0.3900    -259.0495  0.6339 
   00202    0.5000    -250.4424  0.6269 
   00203    0.5100    -261.1942  0.6754 
   00204    0.4200    -263.6838  0.6890 
   00205    0.5000    -246.7310  0.6734 
   00206    0.3700    -252.8120  0.6220 
   00207    0.4400    -245.3538  0.6072 
   00208    0.4000    -269.7615  0.6342 
   00209    0.4100    -259.6020  0.6071 
   00210    0.4600    -262.3751  0.6144 
   00211    0.4200    -254.9951  0.6221 
   00212    0.4300    -266.6752  0.6116 
   00213    0.4500    -276.3216  0.6262 
   00214    0.3700    -258.7926  0.5972 
   00215    0.4200    -256.5290  0.6411 
   00216    0.4400    -263.1664  0.6392 
   00217    0.5100    -247.7386  0.5831 
   00218    0.4400    -253.6040  0.6137 
   00219    0.6100    -259.4734  0.5820 
   00220    0.4600    -268.0580  0.5850 
   00221    0.4600    -256.6454  0.5467 
   00222    0.3600    -243.9659  0.5713 
   00223    0.4800    -248.2377  0.5971 
   00224    0.5000    -257.4008  0.6076 
   00225    0.4000    -252.8324  0.5928 
   00226    0.4800    -259.5152  0.6336 
   00227    0.4200    -254.3247  0.5727 
   00228    0.4400    -250.8970  0.5986 
   00229    0.4600    -240.6900  0.5920 
   00230    0.5700    -230.1123  0.5657 
   00231    0.4200    -224.5186  0.5949 
   00232    0.4200    -230.5460  0.5238 
   00233    0.5200    -206.9890  0.4777 
   00234    0.5000    -200.6352  0.4760 
   00235    0.5500    -211.5000  0.5467 
   00236    0.5300    -222.0500  0.6024 
   00237    0.5100    -217.5358  0.5880 
   00238    0.4800    -220.8194  0.5543 
   00239    0.4300    -229.8306  0.5673 
   00240    0.5300    -230.8069  0.5689 
   00241    0.4900    -228.8677  0.5529 
   00242    0.5300    -223.1098  0.5351 
   00243    0.5300    -218.4020  0.5239 
   00244    0.5000    -231.8447  0.5867 
   00245    0.5800    -234.6798  0.4998 
   00246    0.4700    -247.9769  0.5646 
   00247    0.4600    -254.0179  0.6020 
   00248    0.4100    -255.6690  0.6264 
   00249    0.4300    -250.8835  0.6492 
   00250    0.4500    -253.2735  0.6250 
   00251    0.3900    -262.8884  0.6315 
   00252    0.4500    -264.4616  0.6645 
   00253    0.4700    -247.3997  0.6455 
   00254    0.4300    -243.5012  0.6368 
   00255    0.4300    -248.2028  0.6817 
   00256    0.5400    -257.7918  0.6227 
   00257    0.4500    -252.7328  0.6198 
   00258    0.3900    -265.7765  0.6520 
   00259    0.4100    -270.1977  0.6611 
   00260    0.4900    -272.0030  0.6737 
   00261    0.4700    -257.3293  0.6360 
   00262    0.4100    -256.4391  0.6611 
   00263    0.3900    -249.9933  0.6359 
   00264    0.4900    -238.2302  0.6429 
   00265    0.5700    -235.6780  0.6008 
   00266    0.4000    -248.7036  0.6461 
   00267    0.4200    -237.9292  0.6576 
   00268    0.4300    -256.3163  0.7026 
   00269    0.5400    -261.1147  0.7194 
   00270    0.4700    -246.4775  0.6668 
   00271    0.4700    -243.6066  0.6299 
   00272    0.6000    -226.5587  0.6239 
   00273    0.5900    -243.6750  0.6616 
   00274    0.4200    -236.0413  0.5930 
   00275    0.4500    -225.2891  0.5465 
   00276    0.4800    -210.9165  0.4928 
   00277    0.6300    -213.5559  0.4081 
   00278    0.4600    -203.8208  0.4150 
   00279    0.6000    -207.0083  0.4017 
   00280    0.4900    -204.3884  0.4532 
   00281    0.5500    -212.8222  0.4809 
   00282    0.5600    -216.3556  0.4855 
   00283    0.5200    -215.6432  0.5195 
   00284    0.4300    -224.9030  0.5623 
   00285    0.5700    -221.4209  0.5875 
   00286    0.5600    -218.2321  0.5825 
   00287    0.4900    -206.7861  0.5682 
   00288    0.5100    -227.7754  0.5283 
   00289    0.5600    -256.3270  0.6230 
   00290    0.4000    -242.4062  0.6214 
   00291    0.4500    -248.2279  0.6512 
   00292    0.4700    -247.3460  0.6742 
   00293    0.4800    -263.6455  0.6786 
   00294    0.3900    -247.9739  0.6440 
   00295    0.4300    -279.9558  0.7087 
   00296    0.3700    -266.5090  0.6757 
   00297    0.5600    -261.8089  0.6868 
   00298    0.4300    -243.8535  0.6621 
   00299    0.5400    -259.1350  0.6530 
   00300    0.4400    -241.0958  0.6669 
   00301    0.5200    -239.9255  0.6547 
   00302    0.5400    -244.1106  0.6725 
   00303    0.4300    -258.5017  0.6626 
   00304    0.4500    -252.9956  0.6861 
   00305    0.4200    -274.1895  0.7568 
   00306    0.4300    -283.5405  0.7729 
   00307    0.4000    -281.7448  0.7713 
   00308    0.5500    -278.7843  0.7332 
   00309    0.3800    -284.1222  0.7132 
   00310    0.3600    -281.6255  0.7248 
   00311    0.3800    -283.6011  0.6910 
   00312    0.4200    -285.0650  0.7192 
   00313    0.3200    -288.9870  0.6999 
   00314    0.4600    -287.1140  0.7073 
   00315    0.4800    -283.2118  0.6890 
   00316    0.3900    -279.8685  0.7335 
   00317    0.4300    -284.5869  0.7318 
   00318    0.4700    -267.2487  0.6632 
   00319    0.3300    -256.4243  0.6332 
   00320    0.4500    -262.2622  0.6516 
   00321    0.4500    -252.8621  0.6384 
   00322    0.3600    -246.2057  0.6154 
   00323    0.4900    -233.3055  0.6034 
   00324    0.5300    -236.6320  0.5991 
   00325    0.4500    -261.9647  0.6270 
   00326    0.5300    -234.6414  0.5718 
   00327    0.4400    -227.7470  0.5507 
   00328    0.4800    -243.0066  0.6333 
   00329    0.4500    -250.8926  0.6077 
   00330    0.5000    -256.0992  0.6653 
   00331    0.4900    -251.7892  0.6790 
   00332    0.4300    -247.3742  0.6609 
   00333    0.4900    -257.4543  0.6385 
   00334    0.4500    -241.1225  0.6653 
   00335    0.4500    -266.0226  0.6941 
   00336    0.3900    -271.5794  0.7116 
   00337    0.4600    -269.7174  0.7388 
   00338    0.3400    -249.1161  0.6948 
   00339    0.4800    -253.9080  0.6723 
   00340    0.4500    -255.1306  0.6823 
   00341    0.4400    -277.8720  0.6942 
   00342    0.3600    -272.1696  0.6665 
   00343    0.4400    -277.6479  0.6635 
   00344    0.4600    -274.8912  0.6643 
   00345    0.5900    -292.1380  0.6826 
   00346    0.4700    -278.7560  0.6562 
   00347    0.5600    -267.0455  0.6919 
   00348    0.4500    -253.7589  0.6585 
   00349    0.4000    -255.0405  0.6539 
   00350    0.5100    -242.8101  0.6137 
   00351    0.5400    -230.7863  0.6189 
   00352    0.5700    -241.8595  0.6351 
   00353    0.4200    -234.1250  0.6302 
   00354    0.4900    -228.6532  0.6097 
   00355    0.5800    -243.4614  0.5889 
   00356    0.4800    -249.8526  0.5602 
   00357    0.4500    -232.9022  0.5551 
   00358    0.4300    -246.3326  0.5575 
   00359    0.4900    -252.4162  0.5018 
   00360    0.3300    -245.6124  0.4780 
   00361    0.5000    -223.5999  0.4817 
   00362    0.5900    -199.5687  0.4104 
   00363    0.4700    -196.3079  0.4161 
   00364    0.4800    -221.0428  0.4384 
   00365    0.5200    -236.1639  0.4216 
   00366    0.5500    -223.5992  0.4304 
   00367    0.5600    -219.6341  0.3975 
   00368    0.5400    -227.4741  0.4133 
   00369    0.5300    -193.0287  0.3781 
   00370    0.5300    -212.8366  0.4171 
   00371    0.4700    -216.9286  0.4004 
   00372    0.5400    -196.2290  0.3783 
   00373    0.4800    -200.0801  0.4444 
   00374    0.4500    -206.4431  0.4758 
   00375    0.5400    -219.5866  0.4811 
   00376    0.4500    -213.1412  0.4614 
   00377    0.5500    -194.6094  0.4025 
   00378    0.5200    -190.4519  0.3821 
   00379    0.6000    -206.2239  0.4489 
   00380    0.5800    -205.3654  0.4667 
   00381    0.5500    -215.6079  0.4265 
   00382    0.4900    -226.1514  0.4562 
   00383    0.5100    -244.7140  0.4385 
   00384    0.4400    -244.4634  0.4338 
   00385    0.4300    -240.2045  0.4587 
   00386    0.4900    -256.4292  0.4839 
   00387    0.4100    -252.0347  0.4817 
   00388    0.3900    -251.2487  0.4879 
   00389    0.5000    -237.6254  0.5010 
   00390    0.4200    -216.6857  0.5237 
   00391    0.5100    -242.2034  0.5558 
   00392    0.4300    -229.5143  0.5413 
   00393    0.4500    -230.7385  0.5519 
   00394    0.4900    -222.1804  0.5292 
   00395    0.4900    -242.9608  0.5655 
   00396    0.5200    -251.2885  0.6049 
   00397    0.4900    -249.0085  0.5921 
   00398    0.5600    -246.7093  0.6362 
   00399    0.4700    -263.2978  0.6595 
   00400    0.3800    -264.8075  0.6414 
   00401    0.4500    -284.2858  0.6942 
   00402    0.4200    -276.1890  0.6823 
   00403    0.4400    -255.5719  0.6267 
   00404    0.4500    -256.8706  0.6804 
   00405    0.3700    -270.1486  0.7229 
   00406    0.4100    -255.8152  0.6984 
   00407    0.3900    -268.3931  0.7317 
   00408    0.3500    -267.3068  0.7059 
   00409    0.3600    -249.6356  0.6523 
   00410    0.4400    -282.5689  0.6862 
   00411    0.3700    -272.2113  0.6690 
   00412    0.4500    -283.1752  0.7056 
   00413    0.3900    -250.6473  0.6873 
   00414    0.3800    -260.5348  0.6865 
   00415    0.3900    -271.0303  0.7141 
   00416    0.4500    -278.2531  0.7320 
   00417    0.3600    -288.9260  0.7703 
   00418    0.4600    -275.5773  0.7336 
   00419    0.5000    -257.1318  0.7016 
   00420    0.4200    -249.4696  0.6352 
   00421    0.4900    -257.6464  0.6295 
   00422    0.4300    -229.1593  0.5773 
   00423    0.4900    -240.5146  0.5741 
   00424    0.4700    -259.7062  0.6402 
   00425    0.4800    -249.7961  0.5630 
   00426    0.4900    -254.1524  0.5417 
   00427    0.3700    -245.9317  0.5149 
   00428    0.5100    -250.0110  0.4869 
   00429    0.4500    -237.5822  0.4605 
   00430    0.4400    -251.1859  0.3937 
   00431    0.4800    -257.7116  0.4062 
   00432    0.5700    -251.5749  0.4232 
   00433    0.5000    -242.7601  0.3896 
   00434    0.5600    -255.9911  0.3662 
   00435    0.4300    -258.3913  0.3500 
   00436    0.5000    -252.2914  0.3165 
   00437    0.5200    -251.9545  0.3118 
   00438    0.4600    -252.3804  0.2747 
   00439    0.4900    -238.1898  0.2778 
   00440    0.4700    -224.1479  0.3081 
   00441    0.5100    -225.8096  0.2932 
   00442    0.5300    -212.1805  0.2981 
   00443    0.5100    -212.1534  0.2946 
   00444    0.4900    -235.6156  0.3606 
   00445    0.5300    -227.0451  0.4141 
   00446    0.5100    -235.6122  0.4179 
   00447    0.4900    -216.3378  0.4554 
   00448    0.4200    -217.2503  0.4220 
   00449    0.5100    -194.7851  0.4044 
   00450    0.6000    -195.0775  0.4569 
   00451    0.5300    -217.5415  0.4808 
   00452    0.4000    -230.3259  0.4999 
   00453    0.4400    -238.2778  0.4570 
   00454    0.5100    -232.8751  0.4349 
   00455    0.5500    -243.2084  0.3997 
   00456    0.5700    -217.5329  0.3710 
   00457    0.5800    -222.6787  0.3535 
   00458    0.5000    -232.4544  0.3563 
   00459    0.5100    -222.0403  0.3816 
   00460    0.4400    -227.3538  0.4408 
   00461    0.4700    -210.1993  0.4876 
   00462    0.5200    -224.8125  0.4152 
   00463    0.5300    -212.8584  0.3969 
   00464    0.6100    -215.9419  0.4086 
   00465    0.5400    -199.6415  0.4124 
   00466    0.5500    -189.3314  0.4411 
   00467    0.5800    -200.6287  0.4430 
   00468    0.4600    -198.4582  0.4806 
   00469    0.5000    -226.8438  0.4670 
   00470    0.5300    -233.2433  0.5145 
   00471    0.5600    -241.6899  0.5642 
   00472    0.4800    -222.7357  0.5148 
   00473    0.5000    -236.4078  0.5312 
   00474    0.4800    -230.5713  0.5368 
   00475    0.5200    -247.7649  0.5748 
   00476    0.5700    -239.6026  0.5478 
   00477    0.5200    -242.4528  0.5770 
   00478    0.5300    -236.2526  0.6160 
   00479    0.4400    -230.7454  0.6302 
   00480    0.5300    -227.3705  0.5849 
   00481    0.4700    -219.4812  0.5686 
   00482    0.5300    -212.9855  0.5371 
   00483    0.5700    -190.4277  0.4988 
   00484    0.5500    -205.7546  0.5090 
   00485    0.5400    -223.9300  0.5502 
   00486    0.5200    -200.4082  0.5213 
   00487    0.5100    -183.1481  0.4607 
   00488    0.5700    -197.4939  0.4568 
   00489    0.4900    -199.4016  0.4681 
   00490    0.6100    -209.2835  0.4897 
   00491    0.5700    -205.4308  0.4986 
   00492    0.5200    -197.6355  0.4677 
   00493    0.5400    -215.4657  0.4432 
   00494    0.5400    -215.4607  0.4197 
   00495    0.5000    -217.7727  0.4553 
   00496    0.6200    -217.6893  0.4472 
   00497    0.5300    -233.0461  0.4332 
   00498    0.4500    -243.5009  0.4755 
   00499    0.4700    -233.0260  0.4931 
   00500    0.5300    -218.5954  0.5008 
   00501    0.5200    -243.4066  0.5184 
   00502    0.5300    -264.8336  0.5736 
   00503    0.3900    -256.2672  0.5652 
   00504    0.5400    -249.1835  0.5791 
   00505    0.5200    -235.5797  0.6265 
   00506    0.4700    -256.6394  0.6213 
   00507    0.4100    -249.3907  0.6102 
   00508    0.5300    -259.3306  0.5919 
   00509    0.4800    -253.6308  0.5650 
   00510    0.4700    -246.7375  0.5424 
   00511    0.5500    -240.8031  0.5135 
   00512    0.5100    -225.8072  0.5107 
   00513    0.5400    -263.9413  0.6264 
   00514    0.4300    -257.0508  0.6152 
   00515    0.4900    -232.4761  0.5718 
   00516    0.4000    -240.0399  0.6077 
   00517    0.5500    -226.6563  0.5486 
   00518    0.5700    -234.1190  0.5941 
   00519    0.4600    -256.3373  0.6412 
   00520    0.5000    -236.9441  0.6047 
   00521    0.5200    -227.6789  0.6254 
   00522    0.4800    -205.6683  0.5536 
   00523    0.5700    -199.7373  0.4991 
   00524    0.5200    -199.6430  0.4729 
   00525    0.4800    -210.3782  0.4589 
   00526    0.5600    -228.3052  0.3682 
   00527    0.5500    -215.2500  0.3770 
   00528    0.5400    -207.3086  0.3581 
   00529    0.5600    -208.1618  0.3985 
   00530    0.5100    -194.8510  0.3552 
   00531    0.5800    -201.7494  0.3492 
   00532    0.5500    -203.1529  0.3430 
   00533    0.6900    -181.7835  0.3642 
   00534    0.5200    -187.8878  0.3631 
   00535    0.5600    -209.2079  0.3799 
   00536    0.4900    -216.0289  0.3409 
   00537    0.4400    -214.7769  0.4069 
   00538    0.5200    -220.9786  0.4088 
   00539    0.5100    -213.6488  0.3743 
   00540    0.4500    -218.5592  0.3683 
   00541    0.5800    -210.6852  0.3558 
   00542    0.5300    -221.7573  0.3615 
   00543    0.5500    -226.8856  0.4281 
   00544    0.5300    -222.3993  0.4284 
   00545    0.5900    -213.7396  0.4170 
   00546    0.5000    -218.4092  0.4594 
   00547    0.5600    -204.0877  0.4495 
   00548    0.5600    -216.3165  0.4514 
   00549    0.4900    -233.3662  0.4307 
   00550    0.6000    -235.0678  0.4558 
   00551    0.4700    -232.0347  0.4400 
   00552    0.4600    -220.9305  0.4311 
   00553    0.4700    -213.0930  0.3764 
   00554    0.4900    -208.1186  0.4313 
   00555    0.5700    -199.1508  0.4196 
   00556    0.5500    -216.3728  0.4586 
   00557    0.5900    -205.1013  0.4021 
   00558    0.5500    -198.1633  0.3863 
   00559    0.5400    -206.0917  0.3955 
   00560    0.5300    -221.1527  0.4116 
   00561    0.5500    -208.5628  0.3443 
   00562    0.5900    -197.1275  0.3168 
   00563    0.5300    -202.2983  0.3052 
   00564    0.5400    -198.7657  0.3637 
   00565    0.5600    -219.5853  0.4279 
   00566    0.5900    -208.6587  0.4157 
   00567    0.5500    -207.5492  0.4266 
   00568    0.4700    -201.0070  0.3556 
   00569    0.6100    -210.2333  0.4149 
   00570    0.4800    -205.7074  0.3872 
   00571    0.5200    -210.8009  0.4432 
   00572    0.5700    -212.4301  0.4645 
   00573    0.5300    -221.3142  0.5180 
   00574    0.4200    -227.7064  0.5022 
   00575    0.5500    -222.3715  0.4417 
   00576    0.5000    -237.7669  0.4647 
   00577    0.4500    -231.1718  0.5279 
   00578    0.5200    -254.5889  0.5425 
   00579    0.5000    -253.2865  0.5663 
   00580    0.5300    -232.1049  0.6069 
   00581    0.4800    -243.2402  0.6310 
   00582    0.4700    -226.1212  0.5833 
   00583    0.4400    -227.1644  0.5518 
   00584    0.4800    -231.9655  0.5691 
   00585    0.5700    -220.1264  0.5538 
   00586    0.4900    -204.4863  0.5710 
   00587    0.5700    -224.3540  0.5039 
   00588    0.4800    -210.2668  0.4813 
   00589    0.5300    -207.7175  0.5074 
   00590    0.4800    -213.2787  0.5344 
   00591    0.5700    -222.0392  0.5565 
   00592    0.5400    -246.4086  0.6516 
   00593    0.5000    -253.7313  0.6277 
   00594    0.4600    -243.9220  0.6647 
   00595    0.4500    -252.0403  0.6824 
   00596    0.4000    -281.7666  0.7126 
   00597    0.5900    -260.4873  0.6761 
   00598    0.4500    -255.6178  0.7051 
   00599    0.5100    -268.6122  0.7409 
   00600    0.3700    -256.8152  0.6942 
   00601    0.3900    -252.5107  0.6670 
   00602    0.4300    -246.9217  0.6687 
   00603    0.4400    -259.3380  0.6563 
   00604    0.4400    -252.2749  0.6306 
   00605    0.3800    -245.8548  0.5952 
   00606    0.4200    -241.8829  0.5860 
   00607    0.5400    -242.3288  0.6295 
   00608    0.5700    -229.7078  0.5846 
   00609    0.5200    -242.8360  0.5466 
   00610    0.4300    -234.8126  0.5398 
   00611    0.5100    -230.1304  0.5408 
   00612    0.5500    -213.0475  0.5246 
   00613    0.5200    -193.5560  0.5280 
   00614    0.6000    -189.6389  0.5131 
   00615    0.5200    -211.0163  0.5328 
   00616    0.5500    -228.8586  0.5847 
   00617    0.5200    -243.0836  0.6177 
   00618    0.4400    -266.0228  0.6703 
   00619    0.3800    -274.4714  0.6925 
   00620    0.4300    -288.0696  0.7338 
   00621    0.3900    -287.3993  0.7660 
   00622    0.4500    -271.7699  0.7614 
   00623    0.4200    -259.4126  0.7092 
   00624    0.4500    -266.8846  0.7429 
   00625    0.4300    -291.6889  0.7974 
   00626    0.3600    -284.1424  0.7767 
   00627    0.3200    -294.9518  0.7927 
   00628    0.3000    -282.1362  0.7636 
   00629    0.5000    -272.9544  0.7390 
   00630    0.4400    -278.2114  0.7551 
   00631    0.4500    -273.3854  0.7011 
   00632    0.4500    -252.0884  0.6786 
   00633    0.3500    -257.6735  0.7058 
   00634    0.4000    -260.4693  0.7213 
   00635    0.4700    -233.9110  0.6657 
   00636    0.4700    -241.3559  0.6896 
   00637    0.4800    -226.7368  0.6504 
   00638    0.4800    -239.5091  0.6760 
   00639    0.4900    -233.8483  0.6429 
   00640    0.5700    -211.2488  0.5728 
   00641    0.5200    -222.2532  0.6005 
   00642    0.5100    -250.5471  0.6252 
   00643    0.4900    -252.7649  0.6554 
   00644    0.4200    -257.6981  0.6457 
   00645    0.4700    -258.9593  0.6409 
   00646    0.4500    -247.1982  0.5961 
   00647    0.5100    -239.2649  0.5395 
   00648    0.5200    -243.2120  0.5575 
   00649    0.5800    -241.2347  0.5110 
   00650    0.4800    -238.2931  0.5519 
   00651    0.4700    -237.0363  0.5875 
   00652    0.4700    -234.0772  0.5491 
   00653    0.5000    -247.4593  0.6316 
   00654    0.4700    -246.8159  0.5908 
   00655    0.5100    -254.4694  0.6001 
   00656    0.5600    -255.9922  0.6204 
   00657    0.4900    -261.6536  0.6798 
   00658    0.5300    -248.2138  0.6839 
   00659    0.4700    -247.7795  0.6482 
   00660    0.4100    -276.5261  0.6943 
   00661    0.5400    -273.4021  0.6857 
   00662    0.4600    -255.2286  0.6916 
   00663    0.3500    -255.3269  0.6649 
   00664    0.3400    -252.6066  0.6708 
   00665    0.4600    -250.4994  0.6861 
   00666    0.4500    -234.3939  0.6430 
   00667    0.4800    -250.4871  0.7047 
   00668    0.4300    -270.0970  0.7214 
   00669    0.3900    -279.6210  0.7318 
   00670    0.5000    -278.7047  0.7352 
   00671    0.4900    -260.5683  0.6730 
   00672    0.5100    -255.5013  0.6865 
   00673    0.4500    -264.1933  0.7143 
   00674    0.5300    -236.7827  0.7095 
   00675    0.5300    -230.6624  0.6899 
   00676    0.5600    -230.5291  0.6606 
   00677    0.4800    -227.6334  0.6340 
   00678    0.4200    -252.4735  0.6795 
   00679    0.5200    -249.3779  0.6586 
   00680    0.4800    -247.6504  0.6770 
   00681    0.4300    -253.9472  0.6598 
   00682    0.5100    -267.3893  0.6605 
   00683    0.4200    -271.5065  0.7310 
   00684    0.3600    -287.3546  0.7875 
   00685    0.4600    -286.7492  0.8095 
   00686    0.4000    -288.0650  0.7903 
   00687    0.4000    -289.4868  0.8114 
   00688    0.3900    -283.2893  0.7969 
   00689    0.4100    -274.0957  0.7645 
   00690    0.4100    -287.1571  0.7891 
   00691    0.4100    -293.0178  0.7856 
   00692    0.3900    -282.4684  0.7447 
   00693    0.3700    -278.8580  0.7628 
   00694    0.4400    -270.6296  0.7549 
   00695    0.4000    -262.1188  0.7315 
   00696    0.4800    -259.2150  0.7293 
   00697    0.4800    -244.6490  0.7233 
   00698    0.3500    -270.3448  0.7600 
   00699    0.4800    -292.9079  0.8102 
   00700    0.3500    -296.4374  0.8301 
   00701    0.4100    -284.8898  0.7812 
   00702    0.3300    -258.6311  0.6865 
   00703    0.5200    -257.8631  0.6882 
   00704    0.4300    -274.2705  0.7087 
   00705    0.4400    -266.3252  0.6455 
   00706    0.4200    -264.2661  0.6052 
   00707    0.4400    -276.1983  0.6230 
   00708    0.3500    -270.3721  0.6385 
   00709    0.4600    -248.0685  0.6082 
   00710    0.5200    -259.6427  0.6694 
   00711    0.4600    -269.1212  0.7178 
   00712    0.4400    -261.4699  0.6959 
   00713    0.5300    -265.7044  0.6559 
   00714    0.3900    -247.2325  0.6275 
   00715    0.4900    -240.3896  0.5943 
   00716    0.5100    -227.3503  0.5026 
   00717    0.5600    -245.3237  0.4857 
   00718    0.4500    -249.5082  0.4631 
   00719    0.4100    -252.7829  0.4279 
   00720    0.4900    -238.0084  0.3995 
   00721    0.5700    -220.2373  0.3310 
   00722    0.5800    -229.1995  0.3304 
   00723    0.5300    -234.3638  0.3319 
   00724    0.4900    -225.6698  0.3084 
   00725    0.5100    -227.5549  0.2708 
   00726    0.6700    -231.6998  0.3025 
   00727    0.5300    -230.6548  0.3696 
   00728    0.5600    -220.2241  0.2951 
   00729    0.5400    -197.3567  0.3037 
   00730    0.6100    -214.4710  0.2959 
   00731    0.4900    -201.3980  0.3019 
   00732    0.5500    -205.6441  0.2721 
   00733    0.5100    -213.6410  0.3232 
   00734    0.5600    -228.9921  0.2640 
   00735    0.4900    -233.3081  0.2847 
   00736    0.4800    -246.9811  0.3593 
   00737    0.5100    -216.6132  0.3078 
   00738    0.4500    -227.5214  0.3409 
   00739    0.5600    -228.4117  0.3305 
   00740    0.5000    -209.0454  0.2720 
   00741    0.5500    -236.9899  0.3100 
   00742    0.5700    -236.9680  0.3041 
   00743    0.5300    -254.7172  0.3024 
   00744    0.5100    -239.2230  0.3011 
   00745    0.4300    -233.8053  0.3466 
   00746    0.4700    -228.9516  0.2907 
   00747    0.4900    -232.0571  0.2775 
   00748    0.4500    -220.9191  0.3449 
   00749    0.4700    -236.0620  0.3722 
   00750    0.4800    -242.7111  0.3552 
   00751    0.4800    -236.8877  0.4352 
   00752    0.4800    -235.6445  0.4013 
   00753    0.4600    -224.3098  0.4051 
   00754    0.6300    -191.9560  0.3407 
   00755    0.5300    -176.6646  0.3843 
   00756    0.5900    -187.9854  0.4186 
   00757    0.5300    -188.8121  0.4305 
   00758    0.6400    -205.5288  0.4496 
   00759    0.5400    -220.2741  0.4865 
   00760    0.5400    -228.7830  0.5195 
   00761    0.5200    -222.6795  0.4985 
   00762    0.4800    -217.2695  0.4709 
   00763    0.5600    -206.3227  0.4935 
   00764    0.5900    -211.5428  0.4746 
   00765    0.4400    -246.1532  0.5224 
   00766    0.4900    -232.3409  0.5312 
   00767    0.5400    -222.8249  0.4746 
   00768    0.5000    -236.9288  0.4895 
   00769    0.4800    -240.8370  0.5308 
   00770    0.4600    -236.7461  0.4871 
   00771    0.4200    -231.3577  0.4906 
   00772    0.5200    -228.8628  0.4667 
   00773    0.5500    -222.5155  0.4041 
   00774    0.5300    -230.4960  0.3227 
   00775    0.5800    -215.3082  0.3497 
   00776    0.4700    -212.6516  0.3948 
   00777    0.5600    -238.0727  0.4561 
   00778    0.4900    -224.7959  0.4042 
   00779    0.4900    -223.9806  0.3762 
   00780    0.5400    -210.1259  0.3130 
   00781    0.5000    -214.6074  0.3262 
   00782    0.5600    -225.9376  0.3273 
   00783    0.5000    -222.6824  0.3510 
   00784    0.4500    -220.1987  0.3830 
   00785    0.5500    -227.8000  0.4120 
   00786    0.4700    -217.8758  0.4888 
   00787    0.5100    -203.4217  0.5582 
   00788    0.5200    -224.5168  0.5930 
   00789    0.4600    -208.3703  0.5845 
   00790    0.5800    -238.1245  0.6311 
   00791    0.5100    -236.9661  0.5990 
   00792    0.4400    -248.9502  0.6642 
   00793    0.5500    -246.9252  0.6295 
   00794    0.4800    -251.3484  0.6346 
   00795    0.3700    -243.2815  0.6098 
   00796    0.4300    -238.3441  0.6461 
   00797    0.4800    -242.2480  0.6730 
   00798    0.5500    -227.1341  0.6050 
   00799    0.5100    -234.0133  0.6260 
   00800    0.5800    -235.7672  0.6374 
   00801    0.5200    -230.2324  0.5841 
   00802    0.5300    -243.1348  0.5943 
   00803    0.4200    -241.7523  0.5767 
   00804    0.6200    -235.8291  0.5968 
   00805    0.5000    -225.0989  0.6246 
   00806    0.6100    -263.2254  0.6523 
   00807    0.4400    -238.2567  0.6141 
   00808    0.5400    -229.2016  0.6426 
   00809    0.5100    -231.0093  0.5963 
   00810    0.5600    -212.4906  0.5214 
   00811    0.5700    -202.5653  0.5342 
   00812    0.6300    -198.2332  0.5139 
   00813    0.5700    -215.7541  0.4746 
   00814    0.6100    -208.3201  0.4716 
   00815    0.5200    -206.6970  0.4497 
   00816    0.6000    -209.0421  0.4226 
   00817    0.5500    -197.9878  0.3581 
   00818    0.5500    -215.2033  0.3250 
   00819    0.5500    -208.6785  0.3247 
   00820    0.5200    -231.1370  0.3519 
   00821    0.5200    -227.2866  0.3716 
   00822    0.4900    -225.7522  0.3711 
   00823    0.5400    -221.5296  0.4322 
   00824    0.4300    -216.5882  0.4221 
   00825    0.4300    -226.3050  0.4239 
   00826    0.4400    -229.3923  0.4740 
   00827    0.5400    -190.0199  0.4173 
   00828    0.6000    -205.6691  0.4241 
   00829    0.4700    -216.2537  0.4977 
   00830    0.5700    -216.7385  0.4868 
   00831    0.4800    -236.1331  0.4643 
   00832    0.5600    -221.4734  0.5186 
   00833    0.5300    -229.8185  0.5310 
   00834    0.5000    -249.5853  0.5323 
   00835    0.3600    -257.9177  0.5584 
   00836    0.5000    -246.7592  0.5244 
   00837    0.5000    -276.6467  0.5730 
   00838    0.4200    -254.9965  0.5401 
   00839    0.4700    -251.4004  0.5136 
   00840    0.5200    -236.4270  0.4789 
   00841    0.5200    -243.3920  0.4213 
   00842    0.4600    -229.9066  0.4286 
   00843    0.4500    -245.8425  0.4820 
   00844    0.5100    -244.1059  0.4423 
   00845    0.5100    -238.6584  0.4673 
   00846    0.5000    -245.7295  0.4145 
   00847    0.4700    -251.1117  0.4005 
   00848    0.5200    -239.7257  0.3636 
   00849    0.5200    -245.9824  0.3502 
   00850    0.5300    -248.2984  0.3252 
   00851    0.5200    -252.3893  0.2978 
   00852    0.4400    -249.2649  0.2861 
   00853    0.5500    -249.1533  0.3124 
   00854    0.5000    -232.1732  0.4094 
   00855    0.5900    -220.6823  0.4640 
   00856    0.5600    -221.3593  0.4244 
   00857    0.4900    -239.1413  0.3535 
   00858    0.4600    -238.3416  0.2863 
   00859    0.4600    -235.6395  0.3030 
   00860    0.5800    -223.7341  0.3143 
   00861    0.4600    -231.9663  0.3514 
   00862    0.4300    -230.8754  0.4142 
   00863    0.5200    -242.8066  0.3972 
   00864    0.5000    -231.3700  0.3651 
   00865    0.5000    -246.9508  0.3496 
   00866    0.5000    -244.2260  0.3521 
   00867    0.5800    -230.8497  0.3216 
   00868    0.4800    -214.9263  0.3543 
   00869    0.5600    -211.6446  0.3747 
   00870    0.5400    -213.0908  0.3842 
   00871    0.5200    -219.0661  0.4285 
   00872    0.5100    -200.0683  0.3497 
   00873    0.6100    -212.8507  0.3045 
   00874    0.5600    -214.8552  0.3154 
   00875    0.5300    -205.6540  0.3506 
   00876    0.4900    -220.3885  0.3328 
   00877    0.4800    -227.7558  0.3177 
   00878    0.5500    -220.9906  0.3291 
   00879    0.5100    -226.5592  0.3666 
   00880    0.5000    -210.5277  0.4445 
   00881    0.5900    -235.2165  0.4894 
   00882    0.5500    -236.2080  0.4970 
   00883    0.5500    -229.6253  0.4817 
   00884    0.5300    -249.6303  0.4895 
   00885    0.4700    -242.2328  0.4407 
   00886    0.4800    -252.5291  0.4272 
   00887    0.5400    -214.9056  0.3453 
   00888    0.5500    -212.8824  0.3253 
   00889    0.5200    -216.1277  0.3141 
   00890    0.6300    -220.6961  0.3787 
   00891    0.5600    -242.6014  0.4397 
   00892    0.3900    -247.0480  0.5020 
   00893    0.4000    -250.9581  0.5540 
   00894    0.4800    -263.7773  0.5783 
   00895    0.4500    -263.7356  0.5398 
   00896    0.4800    -239.8437  0.5388 
   00897    0.5400    -236.4279  0.5261 
   00898    0.6300    -218.4667  0.4701 
   00899    0.5200    -234.4307  0.5065 
   00900    0.5000    -265.3027  0.5528 
   00901    0.4800    -246.5903  0.5982 
   00902    0.4600    -245.6526  0.6206 
   00903    0.4400    -243.2721  0.5789 
   00904    0.4800    -245.6960  0.5355 
   00905    0.4500    -264.8996  0.5888 
   00906    0.4100    -260.0831  0.5769 
   00907    0.3700    -251.3903  0.5792 
   00908    0.4400    -260.5776  0.5266 
   00909    0.3500    -271.3814  0.5382 
   00910    0.4700    -253.9325  0.5697 
   00911    0.3800    -245.7903  0.5361 
   00912    0.4800    -251.6776  0.4994 
   00913    0.4800    -252.7399  0.5248 
   00914    0.4600    -243.8812  0.5211 
   00915    0.4900    -236.6809  0.5385 
   00916    0.4500    -239.2521  0.5034 
   00917    0.4400    -227.7767  0.4865 
   00918    0.5600    -204.9489  0.4723 
   00919    0.5400    -219.0014  0.4597 
   00920    0.5800    -217.9558  0.4134 
   00921    0.5800    -240.0735  0.4683 
   00922    0.5200    -238.9977  0.4858 
   00923    0.4300    -246.0318  0.4714 
   00924    0.4200    -245.0886  0.5131 
   00925    0.3500    -244.8958  0.5433 
   00926    0.4600    -252.6003  0.5359 
   00927    0.4500    -236.0710  0.5425 
   00928    0.4900    -234.0792  0.5203 
   00929    0.5100    -231.5088  0.5781 
   00930    0.4500    -238.1742  0.5863 
   00931    0.4700    -249.9534  0.6042 
   00932    0.3700    -250.7900  0.6245 
   00933    0.5400    -251.3164  0.6426 
   00934    0.3700    -248.0005  0.6624 
   00935    0.4400    -251.1201  0.6083 
   00936    0.4900    -262.5579  0.6341 
   00937    0.4500    -263.9368  0.6233 
   00938    0.4200    -248.0160  0.6311 
   00939    0.4800    -243.1569  0.6538 
   00940    0.4200    -252.5385  0.6805 
   00941    0.5000    -268.4301  0.6887 
   00942    0.4600    -263.4269  0.6469 
   00943    0.5300    -267.4230  0.6837 
   00944    0.4900    -236.1836  0.6647 
   00945    0.4500    -245.3520  0.6989 
   00946    0.5400    -255.9312  0.7064 
   00947    0.4600    -232.5690  0.6517 
   00948    0.4400    -225.8655  0.6360 
   00949    0.5100    -221.5507  0.6453 
   00950    0.5300    -225.6572  0.6402 
   00951    0.5100    -232.5461  0.6315 
   00952    0.4500    -249.2775  0.6492 
   00953    0.4700    -247.3082  0.6496 
   00954    0.4900    -257.6004  0.6379 
   00955    0.4800    -249.2057  0.6093 
   00956    0.4300    -251.2447  0.6502 
   00957    0.4900    -262.5753  0.6421 
   00958    0.4500    -250.3754  0.6481 
   00959    0.4300    -245.6485  0.6333 
   00960    0.4700    -246.0460  0.6699 
   00961    0.5600    -250.7101  0.6530 
   00962    0.4400    -252.0117  0.6443 
   00963    0.3100    -254.3755  0.6104 
   00964    0.4700    -253.8459  0.6261 
   00965    0.4700    -227.0445  0.5638 
   00966    0.5100    -250.6318  0.5823 
   00967    0.5200    -246.9528  0.5783 
   00968    0.4600    -238.7852  0.6017 
   00969    0.4400    -243.0682  0.6319 
   00970    0.4400    -241.9966  0.6425 
   00971    0.4500    -238.8617  0.6572 
   00972    0.5500    -253.7616  0.6680 
   00973    0.4100    -275.2583  0.6725 
   00974    0.4200    -258.7247  0.6555 
   00975    0.4600    -253.0259  0.6471 
   00976    0.4500    -256.1091  0.6298 
   00977    0.4300    -233.7311  0.5841 
   00978    0.4800    -241.2742  0.5424 
   00979    0.4500    -246.1573  0.5577 
   00980    0.4600    -239.6060  0.5078 
   00981    0.4800    -224.4102  0.5121 
   00982    0.4300    -240.1002  0.5232 
   00983    0.5500    -240.7816  0.5775 
   00984    0.5200    -235.6617  0.5958 
   00985    0.4900    -227.2870  0.5747 
   00986    0.4900    -259.2834  0.6682 
   00987    0.4200    -244.0518  0.6477 
   00988    0.4500    -271.7069  0.6953 
   00989    0.4700    -258.0515  0.6791 
   00990    0.4300    -249.2596  0.5937 
   00991    0.4500    -238.1774  0.5839 
   00992    0.4600    -249.3651  0.5448 
   00993    0.5500    -249.0226  0.6168 
   00994    0.4400    -252.1444  0.5673 
   00995    0.4100    -243.9434  0.5744 
   00996    0.4900    -223.2132  0.5079 
   00997    0.5200    -220.3964  0.4433 
   00998    0.5200    -232.7543  0.4577 
   00999    0.5100    -248.9049  0.4711 
   01000    0.4200    -264.4794  0.5489 
