#=====================================================
# File created:        Fri-08-Mar-2024-at-05-19-53PM
# Size of lattice:     10x10
# Number of MC steps:  1000
# Reduced temperature: 1.000
# Run time (s):        12.331852
#=====================================================
# MC step:  Ratio:     Energy:   Order:
#=====================================================
   00000    0.5000    -107.0494  0.2933 
   00001    0.7700    -146.1701  0.3350 
   00002    0.6000    -185.3606  0.3221 
   00003    0.6600    -185.6407  0.4171 
   00004    0.5400    -206.5613  0.4100 
   00005    0.5900    -190.1432  0.3738 
   00006    0.5800    -189.2634  0.3962 
   00007    0.5300    -198.8935  0.4168 
   00008    0.5600    -206.7143  0.3534 
   00009    0.5700    -220.1243  0.4034 
   00010    0.4100    -204.3824  0.4455 
   00011    0.5900    -196.7973  0.4677 
   00012    0.5900    -227.3926  0.4588 
   00013    0.5200    -211.0848  0.4438 
   00014    0.5700    -214.8059  0.4852 
   00015    0.6500    -229.6559  0.5894 
   00016    0.4500    -231.4942  0.6428 
   00017    0.4800    -230.0370  0.6604 
   00018    0.4900    -233.5502  0.6333 
   00019    0.4100    -251.2592  0.6716 
   00020    0.5400    -239.9422  0.7201 
   00021    0.4500    -246.8336  0.7024 
   00022    0.4500    -248.2474  0.7078 
   00023    0.5500    -224.7496  0.6499 
   00024    0.4700    -221.6935  0.6596 
   00025    0.5500    -204.0612  0.6444 
   00026    0.5100    -235.8559  0.6637 
   00027    0.4300    -241.6071  0.6027 
   00028    0.4600    -248.2405  0.5733 
   00029    0.4600    -238.8954  0.5446 
   00030    0.5100    -250.4391  0.5352 
   00031    0.5100    -257.8044  0.5795 
   00032    0.4300    -262.9104  0.5994 
   00033    0.4500    -255.8515  0.5251 
   00034    0.4200    -244.1444  0.4987 
   00035    0.4200    -247.3088  0.4912 
   00036    0.4500    -232.2164  0.4656 
   00037    0.4300    -215.7607  0.5316 
   00038    0.5400    -226.6465  0.5271 
   00039    0.4800    -254.6306  0.5936 
   00040    0.5900    -252.3563  0.6232 
   00041    0.4100    -272.8738  0.6343 
   00042    0.4300    -264.3281  0.6046 
   00043    0.3400    -277.8736  0.6135 
   00044    0.3000    -272.8974  0.5954 
   00045    0.3500    -260.8085  0.5718 
   00046    0.4300    -267.1195  0.5236 
   00047    0.5400    -268.6542  0.5245 
   00048    0.4100    -264.3391  0.5307 
   00049    0.4000    -264.9355  0.5302 
   00050    0.4100    -279.9714  0.5729 
   00051    0.4800    -248.8985  0.6104 
   00052    0.4200    -268.4292  0.6146 
   00053    0.4000    -273.4679  0.6566 
   00054    0.4600    -251.8091  0.6502 
   00055    0.4500    -263.3011  0.6129 
   00056    0.5100    -254.7768  0.5656 
   00057    0.4100    -242.6082  0.5894 
   00058    0.4700    -254.8912  0.5846 
   00059    0.5000    -261.3930  0.5922 
   00060    0.5100    -256.7785  0.6075 
   00061    0.4400    -245.3741  0.6162 
   00062    0.6300    -250.5297  0.6278 
   00063    0.6400    -247.0627  0.5885 
   00064    0.4400    -225.4846  0.5142 
   00065    0.5200    -222.5345  0.5451 
   00066    0.4900    -231.7366  0.5291 
   00067    0.4600    -241.9037  0.5335 
   00068    0.4400    -232.9862  0.4493 
   00069    0.4600    -236.7810  0.3788 
   00070    0.4000    -239.1166  0.4404 
   00071    0.5300    -224.8712  0.4572 
   00072    0.5300    -218.9158  0.4092 
   00073    0.5400    -219.3861  0.4198 
   00074    0.3800    -224.0618  0.3880 
   00075    0.5100    -216.9999  0.3780 
   00076    0.5000    -207.4676  0.3896 
   00077    0.5400    -191.0014  0.3589 
   00078    0.4800    -197.7081  0.2876 
   00079    0.5100    -202.3322  0.3011 
   00080    0.6300    -200.9671  0.3456 
   00081    0.5500    -209.7758  0.4202 
   00082    0.5200    -213.3804  0.4926 
   00083    0.6100    -177.1176  0.4186 
   00084    0.6700    -190.4282  0.4371 
   00085    0.6200    -175.2611  0.4473 
   00086    0.5900    -191.3716  0.4106 
   00087    0.5100    -203.3176  0.4418 
   00088    0.5200    -239.8905  0.4689 
   00089    0.5100    -244.5987  0.5202 
   00090    0.4600    -230.7848  0.5130 
   00091    0.5000    -230.4525  0.5793 
   00092    0.3900    -250.7584  0.6066 
   00093    0.4100    -242.0861  0.6014 
   00094    0.5200    -230.4726  0.6024 
   00095    0.4600    -237.1898  0.6163 
   00096    0.4600    -260.7431  0.6374 
   00097    0.5000    -242.3016  0.6167 
   00098    0.4700    -252.4837  0.6492 
   00099    0.4800    -266.5344  0.6564 
   00100    0.4300    -254.8965  0.6591 
   00101    0.4700    -250.8453  0.6491 
   00102    0.5200    -236.7720  0.6514 
   00103    0.4300    -272.8895  0.6887 
   00104    0.4300    -279.2465  0.7039 
   00105    0.4600    -255.9379  0.6651 
   00106    0.5100    -246.8737  0.5914 
   00107    0.4600    -240.4805  0.5954 
   00108    0.4000    -265.5336  0.6512 
   00109    0.4200    -266.0995  0.6449 
   00110    0.5300    -268.3577  0.7154 
   00111    0.4800    -274.5488  0.7300 
   00112    0.3900    -288.6799  0.7307 
   00113    0.4400    -285.5234  0.7294 
   00114    0.4900    -279.4115  0.6984 
   00115    0.3600    -272.9255  0.6676 
   00116    0.4000    -266.8280  0.7033 
   00117    0.3200    -261.5982  0.6795 
   00118    0.4100    -256.4000  0.6898 
   00119    0.4300    -271.6223  0.6909 
   00120    0.4100    -254.2004  0.6223 
   00121    0.3200    -264.5455  0.6403 
   00122    0.4600    -271.8063  0.6514 
   00123    0.4900    -261.2222  0.6394 
   00124    0.4000    -254.7811  0.6041 
   00125    0.5400    -243.0173  0.5472 
   00126    0.4500    -246.5723  0.5754 
   00127    0.4300    -246.8088  0.5326 
   00128    0.5000    -240.6577  0.5138 
   00129    0.5100    -269.2547  0.5058 
   00130    0.4800    -261.2043  0.5580 
   00131    0.4100    -246.5887  0.5667 
   00132    0.5300    -237.1865  0.6169 
   00133    0.5100    -239.2018  0.5898 
   00134    0.4500    -229.3485  0.5724 
   00135    0.5600    -224.6520  0.5275 
   00136    0.4800    -233.2396  0.5368 
   00137    0.5700    -251.2115  0.6134 
   00138    0.4900    -242.9172  0.6281 
   00139    0.4000    -239.0138  0.5800 
   00140    0.4600    -245.0662  0.6177 
   00141    0.4000    -246.2751  0.6218 
   00142    0.4900    -237.6213  0.6265 
   00143    0.5100    -242.9114  0.6294 
   00144    0.4800    -249.2611  0.6552 
   00145    0.4600    -255.2655  0.6569 
   00146    0.4500    -245.9676  0.6124 
   00147    0.5000    -265.8475  0.6265 
   00148    0.5600    -254.8401  0.6151 
   00149    0.4700    -239.6239  0.5977 
   00150    0.4500    -226.0487  0.5741 
   00151    0.4800    -235.1196  0.6058 
   00152    0.5400    -221.8749  0.5896 
   00153    0.5100    -211.8599  0.5631 
   00154    0.4600    -219.7028  0.5496 
   00155    0.5400    -231.9371  0.5864 
   00156    0.4500    -239.0896  0.6025 
   00157    0.5000    -227.6465  0.5506 
   00158    0.4700    -220.6975  0.5409 
   00159    0.5500    -241.0271  0.5360 
   00160    0.5100    -235.2801  0.5357 
   00161    0.5200    -251.0517  0.5996 
   00162    0.5000    -250.8872  0.6075 
   00163    0.4600    -251.4267  0.6082 
   00164    0.5100    -253.4561  0.6518 
   00165    0.4200    -259.1653  0.6731 
   00166    0.3800    -267.3403  0.6549 
   00167    0.4000    -283.7298  0.7021 
   00168    0.3900    -268.4383  0.6952 
   00169    0.4300    -248.4581  0.6793 
   00170    0.5200    -249.3883  0.6531 
   00171    0.5100    -258.8852  0.6977 
   00172    0.4600    -254.1073  0.6946 
   00173    0.4300    -258.6633  0.6935 
   00174    0.4600    -263.5631  0.6729 
   00175    0.5100    -259.3701  0.6700 
   00176    0.4600    -258.5888  0.6717 
   00177    0.4300    -271.3655  0.7029 
   00178    0.4200    -275.4133  0.6953 
   00179    0.3200    -280.5809  0.6803 
   00180    0.3200    -288.0366  0.7115 
   00181    0.5800    -265.4553  0.6779 
   00182    0.4300    -261.7616  0.6576 
   00183    0.4700    -251.0180  0.6281 
   00184    0.4900    -232.5762  0.6003 
   00185    0.5400    -245.9882  0.5804 
   00186    0.5000    -231.9381  0.6354 
   00187    0.4400    -224.4667  0.6131 
   00188    0.4800    -242.9268  0.5883 
   00189    0.5200    -253.9673  0.6309 
   00190    0.4400    -253.4408  0.6366 
   00191    0.4500    -267.5092  0.6728 
   00192    0.4600    -272.2170  0.6380 
   00193    0.4600    -261.6053  0.6230 
   00194    0.3500    -254.0764  0.6237 
   00195    0.5100    -252.0079  0.6203 
   00196    0.5200    -243.7259  0.6413 
   00197    0.4800    -220.8877  0.6147 
   00198    0.5500    -248.1942  0.6221 
   00199    0.4500    -242.5524  0.5982 
   00200    0.5300    -232.7499  0.5528 
   00201    0.4500    -263.3032  0.5674 
   00202    0.4800    -270.1888  0.5866 
   00203    0.4100    -260.3041  0.5530 
   00204    0.5400    -241.0013  0.5401 
   00205    0.4700    -234.0836  0.5581 
   00206    0.4700    -224.7967  0.5595 
   00207    0.4100    -206.6317  0.5198 
   00208    0.5100    -218.2725  0.5104 
   00209    0.5600    -222.3947  0.5219 
   00210    0.5800    -219.2679  0.5473 
   00211    0.4400    -209.7124  0.5512 
   00212    0.5000    -213.5303  0.5609 
   00213    0.5700    -220.7961  0.6071 
   00214    0.4600    -235.7960  0.6065 
   00215    0.5300    -232.2248  0.5943 
   00216    0.5600    -224.7300  0.6339 
   00217    0.6200    -235.6010  0.6181 
   00218    0.4400    -251.7953  0.6415 
   00219    0.3900    -240.2682  0.6093 
   00220    0.4700    -243.0666  0.6337 
   00221    0.4400    -253.7804  0.6711 
   00222    0.4900    -252.2444  0.7166 
   00223    0.5000    -272.6798  0.7753 
   00224    0.4900    -254.6297  0.7339 
   00225    0.4600    -251.7369  0.7037 
   00226    0.4700    -264.5401  0.7128 
   00227    0.4400    -258.9474  0.7102 
   00228    0.4100    -255.9053  0.7311 
   00229    0.4100    -259.9884  0.7045 
   00230    0.4200    -253.9088  0.7013 
   00231    0.4900    -234.9117  0.6653 
   00232    0.5200    -263.3314  0.7042 
   00233    0.4800    -254.9342  0.7074 
   00234    0.3800    -266.2702  0.6981 
   00235    0.4400    -241.7481  0.6852 
   00236    0.5700    -237.3451  0.6466 
   00237    0.5500    -238.0045  0.6327 
   00238    0.5000    -259.5270  0.6457 
   00239    0.4500    -249.9633  0.6010 
   00240    0.5300    -232.6784  0.5445 
   00241    0.5200    -244.7765  0.5602 
   00242    0.4500    -254.7488  0.5679 
   00243    0.4700    -260.5077  0.6083 
   00244    0.4600    -232.7018  0.6108 
   00245    0.4900    -227.0788  0.5672 
   00246    0.5000    -234.7045  0.6244 
   00247    0.4900    -233.7483  0.5923 
   00248    0.5000    -230.5581  0.5816 
   00249    0.5200    -219.8487  0.5568 
   00250    0.4500    -232.2799  0.5762 
   00251    0.5200    -249.4101  0.6425 
   00252    0.5000    -253.1234  0.6598 
   00253    0.4800    -261.4695  0.6554 
   00254    0.4200    -253.0743  0.6616 
   00255    0.4600    -260.6382  0.6087 
   00256    0.4400    -269.6431  0.6564 
   00257    0.4100    -275.0739  0.6496 
   00258    0.5000    -259.2903  0.6833 
   00259    0.4300    -268.7507  0.6783 
   00260    0.4200    -282.0557  0.6994 
   00261    0.3700    -283.9921  0.7570 
   00262    0.4900    -257.1506  0.7045 
   00263    0.5100    -260.5176  0.7221 
   00264    0.3900    -253.5567  0.7056 
   00265    0.5100    -237.2169  0.6526 
   00266    0.5400    -238.6968  0.6831 
   00267    0.5000    -242.7797  0.6243 
   00268    0.5800    -253.0079  0.6343 
   00269    0.3900    -257.3991  0.6359 
   00270    0.4100    -245.8114  0.6064 
   00271    0.5000    -251.4741  0.6209 
   00272    0.5300    -256.0789  0.6508 
   00273    0.5100    -243.0896  0.6235 
   00274    0.4900    -252.8656  0.6718 
   00275    0.5100    -248.4798  0.6641 
   00276    0.5000    -263.0517  0.6793 
   00277    0.4600    -262.9754  0.6889 
   00278    0.5000    -272.6376  0.7041 
   00279    0.4000    -265.6843  0.7183 
   00280    0.5000    -250.4448  0.6426 
   00281    0.5000    -255.7189  0.6089 
   00282    0.4300    -253.7984  0.5476 
   00283    0.5200    -238.1503  0.4806 
   00284    0.6100    -253.7033  0.4886 
   00285    0.4900    -217.7811  0.4036 
   00286    0.5600    -234.3109  0.3848 
   00287    0.5200    -227.8203  0.4253 
   00288    0.4100    -235.9285  0.4167 
   00289    0.4500    -224.6184  0.3539 
   00290    0.5200    -230.8233  0.3374 
   00291    0.5500    -227.2422  0.2804 
   00292    0.4400    -237.7128  0.3231 
   00293    0.4600    -241.6696  0.2916 
   00294    0.4700    -233.6922  0.3494 
   00295    0.4400    -241.6676  0.3756 
   00296    0.5200    -250.1389  0.3769 
   00297    0.4200    -250.1492  0.3473 
   00298    0.5300    -240.1359  0.4106 
   00299    0.4000    -252.3171  0.4318 
   00300    0.4800    -245.4929  0.4726 
   00301    0.4200    -244.2526  0.4616 
   00302    0.4700    -252.4735  0.4912 
   00303    0.4200    -250.2893  0.4975 
   00304    0.4600    -255.6336  0.5149 
   00305    0.4700    -262.4275  0.5323 
   00306    0.5000    -262.2422  0.4581 
   00307    0.4900    -267.9133  0.4366 
   00308    0.4100    -265.8215  0.4807 
   00309    0.5200    -273.8712  0.5249 
   00310    0.4800    -283.9651  0.5729 
   00311    0.4200    -261.3472  0.5769 
   00312    0.4100    -260.5062  0.5348 
   00313    0.4400    -264.8099  0.5594 
   00314    0.5600    -261.0392  0.5620 
   00315    0.5000    -258.1799  0.5761 
   00316    0.4500    -260.3385  0.5865 
   00317    0.5200    -261.8223  0.6143 
   00318    0.4000    -257.6872  0.6156 
   00319    0.5000    -249.1223  0.6414 
   00320    0.5400    -252.3942  0.6340 
   00321    0.4500    -250.3385  0.6583 
   00322    0.4700    -259.0099  0.6748 
   00323    0.4300    -244.0653  0.6726 
   00324    0.4700    -243.6326  0.6584 
   00325    0.3900    -249.0544  0.6601 
   00326    0.4900    -259.8059  0.6437 
   00327    0.4000    -248.2045  0.6434 
   00328    0.4200    -251.3333  0.6321 
   00329    0.4600    -252.2300  0.6656 
   00330    0.4200    -231.1940  0.5837 
   00331    0.4600    -233.4461  0.6096 
   00332    0.5400    -229.8702  0.5873 
   00333    0.4300    -231.7378  0.6523 
   00334    0.4600    -254.4549  0.6437 
   00335    0.4500    -276.5931  0.6599 
   00336    0.4700    -268.6406  0.6343 
   00337    0.3400    -270.2557  0.6710 
   00338    0.3700    -266.2809  0.6705 
   00339    0.5200    -246.0611  0.6275 
   00340    0.5100    -247.8633  0.6157 
   00341    0.4300    -241.2293  0.5372 
   00342    0.4800    -240.2818  0.5045 
   00343    0.4800    -240.3035  0.5132 
   00344    0.4500    -211.2802  0.3688 
   00345    0.5300    -216.0249  0.3618 
   00346    0.5400    -222.2904  0.2905 
   00347    0.4600    -230.9064  0.2711 
   00348    0.4400    -213.4634  0.2611 
   00349    0.5500    -220.9231  0.2642 
   00350    0.5800    -209.8676  0.3480 
   00351    0.3900    -222.7874  0.3318 
   00352    0.5500    -236.4066  0.3666 
   00353    0.4400    -212.8600  0.3144 
   00354    0.5300    -200.2650  0.4126 
   00355    0.5400    -189.9310  0.4103 
   00356    0.6200    -203.1592  0.3524 
   00357    0.5800    -202.4605  0.3215 
   00358    0.5000    -216.3382  0.3677 
   00359    0.6400    -216.2771  0.3264 
   00360    0.5100    -222.4166  0.3867 
   00361    0.5000    -228.7652  0.3802 
   00362    0.5300    -213.2198  0.3669 
   00363    0.6000    -221.8101  0.3482 
   00364    0.5500    -206.7666  0.3262 
   00365    0.5400    -194.2471  0.3966 
   00366    0.4500    -206.7767  0.4886 
   00367    0.5400    -207.3377  0.4390 
   00368    0.5300    -227.5364  0.4619 
   00369    0.5800    -221.1490  0.4632 
   00370    0.5100    -223.1993  0.4300 
   00371    0.5100    -220.0348  0.4488 
   00372    0.5200    -228.0681  0.4772 
   00373    0.5200    -230.2008  0.5730 
   00374    0.5300    -231.7689  0.5950 
   00375    0.4200    -250.6645  0.6357 
   00376    0.5700    -234.7094  0.6115 
   00377    0.5800    -231.8052  0.5091 
   00378    0.4700    -235.5829  0.5232 
   00379    0.4100    -241.3691  0.4798 
   00380    0.5000    -246.4131  0.5299 
   00381    0.5400    -219.5541  0.5051 
   00382    0.6400    -210.7297  0.6022 
   00383    0.5600    -243.0966  0.6346 
   00384    0.5700    -228.7468  0.5542 
   00385    0.5500    -242.3759  0.5693 
   00386    0.5000    -226.8016  0.5567 
   00387    0.4700    -240.7831  0.6154 
   00388    0.5200    -237.2261  0.5919 
   00389    0.4800    -246.1313  0.6237 
   00390    0.4500    -243.4504  0.6024 
   00391    0.5100    -248.2542  0.6274 
   00392    0.4800    -235.9126  0.6191 
   00393    0.4600    -217.8197  0.6057 
   00394    0.5100    -223.5875  0.6186 
   00395    0.5400    -227.5721  0.6186 
   00396    0.4900    -235.4529  0.6318 
   00397    0.5000    -238.7826  0.6036 
   00398    0.4900    -240.6430  0.5942 
   00399    0.4800    -234.9879  0.6473 
   00400    0.5000    -241.4651  0.7131 
   00401    0.4700    -252.5658  0.7204 
   00402    0.4900    -250.7680  0.7274 
   00403    0.4700    -258.5041  0.7302 
   00404    0.4800    -261.9786  0.7166 
   00405    0.4600    -272.0748  0.7099 
   00406    0.4900    -253.0610  0.6786 
   00407    0.4500    -259.4403  0.7067 
   00408    0.5000    -250.8852  0.6444 
   00409    0.4400    -238.4960  0.6077 
   00410    0.5100    -237.1807  0.6118 
   00411    0.3800    -238.7837  0.6239 
   00412    0.5200    -228.8628  0.5863 
   00413    0.5200    -229.9095  0.5775 
   00414    0.4500    -233.8908  0.6012 
   00415    0.4700    -240.9680  0.6612 
   00416    0.4100    -260.3440  0.6958 
   00417    0.4400    -253.1925  0.6854 
   00418    0.5800    -271.9720  0.7086 
   00419    0.4900    -266.7412  0.6662 
   00420    0.5100    -255.9590  0.6881 
   00421    0.5700    -270.0873  0.6619 
   00422    0.3400    -283.4367  0.6455 
   00423    0.4300    -268.5003  0.6110 
   00424    0.5200    -244.0815  0.5956 
   00425    0.5600    -221.8224  0.5199 
   00426    0.5300    -222.4002  0.5284 
   00427    0.5300    -224.3350  0.5811 
   00428    0.5100    -225.5374  0.6007 
   00429    0.5000    -223.1266  0.5898 
   00430    0.5300    -230.3830  0.6430 
   00431    0.4700    -251.8589  0.6468 
   00432    0.5500    -249.8440  0.6195 
   00433    0.5100    -235.0207  0.6060 
   00434    0.4700    -248.7630  0.5950 
   00435    0.4500    -233.2719  0.5164 
   00436    0.4500    -230.5767  0.5409 
   00437    0.4400    -234.3870  0.5305 
   00438    0.4300    -240.0172  0.5450 
   00439    0.5600    -229.8234  0.4888 
   00440    0.4900    -211.1517  0.4304 
   00441    0.5300    -220.2362  0.3779 
   00442    0.5600    -223.1882  0.3978 
   00443    0.4800    -218.5336  0.3443 
   00444    0.4300    -205.1920  0.3775 
   00445    0.5900    -231.1987  0.3781 
   00446    0.5000    -211.8719  0.2974 
   00447    0.5200    -226.5531  0.3343 
   00448    0.5300    -219.2307  0.3374 
   00449    0.5900    -224.7429  0.3529 
   00450    0.6100    -213.9816  0.3003 
   00451    0.5200    -213.9524  0.3317 
   00452    0.5600    -208.6221  0.3496 
   00453    0.5400    -202.8100  0.3816 
   00454    0.6100    -219.5962  0.4363 
   00455    0.5300    -217.5940  0.4462 
   00456    0.5100    -215.7220  0.4507 
   00457    0.5700    -211.8121  0.5195 
   00458    0.4900    -208.1032  0.4964 
   00459    0.5400    -189.3703  0.4743 
   00460    0.5800    -206.0649  0.4447 
   00461    0.5400    -215.6033  0.5167 
   00462    0.5000    -206.5048  0.5047 
   00463    0.5300    -211.3137  0.5534 
   00464    0.5700    -207.5434  0.5001 
   00465    0.5200    -222.6440  0.5670 
   00466    0.5400    -235.2922  0.6138 
   00467    0.5300    -230.0175  0.5708 
   00468    0.5200    -262.6885  0.6459 
   00469    0.4600    -259.3030  0.6516 
   00470    0.3400    -265.8165  0.6836 
   00471    0.4700    -272.7495  0.6643 
   00472    0.4300    -275.6447  0.6883 
   00473    0.5200    -270.8750  0.6896 
   00474    0.4800    -247.8080  0.6144 
   00475    0.4200    -239.9052  0.6502 
   00476    0.4800    -246.4466  0.6825 
   00477    0.4800    -254.0819  0.7097 
   00478    0.4800    -255.7651  0.6957 
   00479    0.3800    -251.0851  0.6948 
   00480    0.4800    -239.6159  0.6880 
   00481    0.4400    -233.1817  0.6537 
   00482    0.5500    -245.0844  0.6767 
   00483    0.4700    -251.2660  0.6935 
   00484    0.4000    -258.8915  0.6697 
   00485    0.4200    -251.2370  0.6561 
   00486    0.3600    -279.5886  0.7293 
   00487    0.3700    -277.3669  0.7115 
   00488    0.4500    -265.2222  0.7011 
   00489    0.4000    -269.6049  0.7327 
   00490    0.4600    -274.6505  0.7184 
   00491    0.4000    -280.8222  0.6844 
   00492    0.5100    -276.1407  0.6604 
   00493    0.4800    -271.4665  0.6779 
   00494    0.3600    -263.0870  0.6542 
   00495    0.5200    -255.5819  0.6639 
   00496    0.4400    -254.6117  0.6591 
   00497    0.4400    -258.8328  0.6885 
   00498    0.4400    -268.5997  0.7106 
   00499    0.4900    -275.9627  0.7425 
   00500    0.4100    -246.0459  0.6285 
   00501    0.4400    -249.6326  0.6074 
   00502    0.4200    -252.2607  0.6025 
   00503    0.5500    -254.6717  0.6573 
   00504    0.3800    -238.9343  0.5955 
   00505    0.5100    -241.1012  0.5850 
   00506    0.4700    -245.6940  0.6572 
   00507    0.5200    -231.6557  0.6182 
   00508    0.5600    -237.9902  0.6129 
   00509    0.4800    -229.6793  0.5899 
   00510    0.6100    -230.4454  0.5744 
   00511    0.4700    -230.6621  0.5727 
   00512    0.5500    -229.9511  0.5984 
   00513    0.4200    -231.9182  0.6385 
   00514    0.5300    -238.3067  0.6253 
   00515    0.5400    -238.2966  0.6020 
   00516    0.4300    -250.0614  0.6340 
   00517    0.4800    -231.4774  0.6026 
   00518    0.4300    -244.6776  0.6703 
   00519    0.4200    -246.9922  0.6634 
   00520    0.4700    -227.2806  0.6010 
   00521    0.4800    -245.8812  0.6231 
   00522    0.5600    -250.7343  0.5968 
   00523    0.4800    -243.8036  0.5930 
   00524    0.5000    -251.7125  0.5717 
   00525    0.4400    -248.8072  0.5931 
   00526    0.4900    -233.0855  0.5470 
   00527    0.4300    -222.5947  0.5152 
   00528    0.4600    -231.3354  0.5898 
   00529    0.5700    -236.2221  0.5694 
   00530    0.4800    -227.7626  0.5080 
   00531    0.4300    -216.8407  0.4436 
   00532    0.5100    -232.5599  0.3788 
   00533    0.4800    -238.1537  0.4508 
   00534    0.5300    -259.9348  0.4572 
   00535    0.3600    -256.3070  0.4334 
   00536    0.4800    -244.0465  0.4637 
   00537    0.5600    -242.4985  0.4532 
   00538    0.5100    -231.2629  0.4744 
   00539    0.4200    -233.2752  0.4347 
   00540    0.5000    -229.3262  0.4554 
   00541    0.5500    -215.0106  0.4561 
   00542    0.4400    -207.1636  0.5140 
   00543    0.5800    -227.2261  0.5389 
   00544    0.4300    -238.9329  0.5380 
   00545    0.4900    -242.8942  0.5474 
   00546    0.5800    -255.2881  0.5878 
   00547    0.4500    -251.2192  0.5256 
   00548    0.4200    -251.6416  0.5337 
   00549    0.5000    -252.3247  0.5032 
   00550    0.4600    -249.3398  0.5077 
   00551    0.5300    -243.1883  0.5227 
   00552    0.5100    -229.3331  0.5024 
   00553    0.4700    -228.2831  0.4385 
   00554    0.4800    -261.7603  0.4945 
   00555    0.4300    -268.2662  0.5061 
   00556    0.3900    -265.3559  0.4906 
   00557    0.4600    -262.3407  0.5109 
   00558    0.4400    -241.6210  0.4924 
   00559    0.5700    -222.9820  0.4691 
   00560    0.5500    -243.0834  0.5128 
   00561    0.5400    -244.5040  0.4997 
   00562    0.5000    -254.5578  0.5090 
   00563    0.3800    -253.8004  0.4685 
   00564    0.4300    -256.5405  0.4175 
   00565    0.4100    -255.7922  0.4490 
   00566    0.4600    -255.6781  0.4459 
   00567    0.4600    -256.8564  0.4519 
   00568    0.4100    -254.8921  0.4508 
   00569    0.4100    -247.0577  0.4516 
   00570    0.4700    -260.0255  0.5107 
   00571    0.3800    -245.5825  0.5513 
   00572    0.4300    -231.2298  0.5187 
   00573    0.4600    -229.9016  0.4786 
   00574    0.4700    -237.7387  0.4560 
   00575    0.5000    -255.3369  0.4783 
   00576    0.4500    -243.7887  0.5037 
   00577    0.5600    -245.8631  0.4753 
   00578    0.5400    -240.6184  0.4665 
   00579    0.4900    -226.2653  0.4860 
   00580    0.4700    -217.3045  0.4547 
   00581    0.4400    -241.2574  0.4992 
   00582    0.5300    -235.1886  0.5192 
   00583    0.4600    -244.3322  0.4931 
   00584    0.5500    -247.9309  0.4888 
   00585    0.3900    -269.2052  0.5380 
   00586    0.5400    -251.2930  0.5930 
   00587    0.6000    -249.3230  0.6037 
   00588    0.4300    -251.1829  0.6255 
   00589    0.3800    -241.9399  0.5784 
   00590    0.4400    -240.6507  0.5392 
   00591    0.4600    -246.4818  0.5652 
   00592    0.4700    -241.3007  0.5590 
   00593    0.4300    -238.9088  0.5268 
   00594    0.4800    -227.2701  0.4986 
   00595    0.5500    -222.8705  0.5249 
   00596    0.5000    -224.6995  0.4880 
   00597    0.4600    -217.9148  0.5167 
   00598    0.5700    -215.6854  0.5295 
   00599    0.4900    -206.2178  0.4994 
   00600    0.5200    -210.8734  0.4500 
   00601    0.5400    -217.5122  0.4415 
   00602    0.5100    -211.2045  0.4662 
   00603    0.5700    -188.9561  0.3840 
   00604    0.5000    -207.5940  0.4309 
   00605    0.5800    -199.7832  0.3863 
   00606    0.5600    -209.6165  0.3396 
   00607    0.5800    -183.0796  0.4410 
   00608    0.6200    -168.7498  0.3918 
   00609    0.6200    -182.2165  0.3721 
   00610    0.6100    -172.7966  0.3727 
   00611    0.6300    -188.9257  0.4400 
   00612    0.6400    -181.8609  0.4099 
   00613    0.4600    -179.1276  0.3989 
   00614    0.6700    -181.8151  0.4925 
   00615    0.5500    -178.2902  0.5155 
   00616    0.5700    -201.6300  0.5946 
   00617    0.6200    -244.9727  0.6314 
   00618    0.4100    -249.0043  0.6151 
   00619    0.4400    -238.6383  0.5868 
   00620    0.5700    -201.8453  0.5545 
   00621    0.5800    -195.8880  0.5316 
   00622    0.5600    -215.3593  0.5426 
   00623    0.4800    -235.2629  0.6306 
   00624    0.3800    -266.1702  0.6465 
   00625    0.4200    -272.2193  0.6480 
   00626    0.3700    -278.7083  0.6571 
   00627    0.4100    -282.7470  0.6787 
   00628    0.4400    -257.9451  0.6795 
   00629    0.4300    -267.1678  0.6592 
   00630    0.3700    -257.0023  0.6577 
   00631    0.4400    -257.2403  0.6662 
   00632    0.4400    -263.5955  0.6805 
   00633    0.4100    -267.0991  0.6961 
   00634    0.4000    -282.9455  0.7130 
   00635    0.4700    -273.8855  0.6793 
   00636    0.3700    -278.9907  0.6759 
   00637    0.5100    -262.4950  0.7034 
   00638    0.4400    -268.1342  0.7161 
   00639    0.4300    -285.2109  0.7714 
   00640    0.4300    -263.0381  0.7105 
   00641    0.4100    -263.0688  0.6950 
   00642    0.4600    -267.9302  0.6909 
   00643    0.4500    -259.7132  0.6651 
   00644    0.4500    -261.3024  0.6626 
   00645    0.5200    -243.8536  0.6571 
   00646    0.5000    -245.9704  0.6742 
   00647    0.4600    -252.6006  0.6592 
   00648    0.5200    -224.2404  0.6447 
   00649    0.5200    -213.6810  0.5880 
   00650    0.5900    -226.8386  0.6386 
   00651    0.4900    -229.7896  0.6334 
   00652    0.4300    -229.9192  0.6144 
   00653    0.4500    -255.5156  0.6193 
   00654    0.4600    -270.3734  0.6269 
   00655    0.4600    -263.6290  0.6228 
   00656    0.4300    -258.7369  0.5923 
   00657    0.4400    -242.7998  0.5590 
   00658    0.5100    -220.8448  0.5202 
   00659    0.5400    -220.5507  0.4951 
   00660    0.5600    -222.5860  0.4698 
   00661    0.5900    -219.9384  0.5024 
   00662    0.5000    -221.3206  0.4275 
   00663    0.5700    -205.2724  0.5068 
   00664    0.5200    -230.3386  0.5577 
   00665    0.5100    -231.4577  0.5646 
   00666    0.5100    -237.2594  0.5551 
   00667    0.5600    -218.3957  0.5966 
   00668    0.5100    -200.9039  0.6027 
   00669    0.5000    -226.9564  0.5619 
   00670    0.4600    -224.3789  0.5697 
   00671    0.5300    -235.3738  0.5565 
   00672    0.4600    -247.9653  0.5624 
   00673    0.4900    -232.1040  0.4829 
   00674    0.4000    -235.2668  0.4869 
   00675    0.3500    -225.5507  0.4448 
   00676    0.4400    -243.3223  0.5000 
   00677    0.4400    -260.2639  0.5285 
   00678    0.4200    -256.9090  0.4933 
   00679    0.5400    -250.3633  0.5189 
   00680    0.4700    -232.7384  0.5419 
   00681    0.4900    -223.1660  0.5120 
   00682    0.4700    -247.8036  0.5605 
   00683    0.4700    -240.6108  0.5235 
   00684    0.4400    -264.8145  0.5784 
   00685    0.5200    -274.2026  0.6341 
   00686    0.4100    -268.4653  0.6406 
   00687    0.4000    -264.3844  0.6626 
   00688    0.4600    -270.6605  0.6587 
   00689    0.4600    -262.9131  0.6381 
   00690    0.5600    -235.6483  0.5982 
   00691    0.5000    -235.6734  0.5579 
   00692    0.5200    -240.2181  0.5417 
   00693    0.4800    -247.3404  0.5465 
   00694    0.4600    -233.5517  0.5202 
   00695    0.5200    -227.5088  0.5229 
   00696    0.4700    -241.2546  0.4879 
   00697    0.4800    -224.0598  0.5119 
   00698    0.5000    -229.7702  0.4772 
   00699    0.4700    -242.3512  0.4780 
   00700    0.5200    -249.6049  0.4470 
   00701    0.4600    -234.4685  0.4186 
   00702    0.4800    -230.1035  0.3768 
   00703    0.4800    -222.7809  0.3421 
   00704    0.5500    -210.4400  0.3727 
   00705    0.5900    -211.4344  0.3627 
   00706    0.5300    -217.2880  0.4389 
   00707    0.5700    -216.4960  0.4642 
   00708    0.5500    -220.9839  0.4513 
   00709    0.5100    -225.0068  0.4550 
   00710    0.4800    -212.9052  0.4617 
   00711    0.5700    -224.3657  0.5157 
   00712    0.5500    -232.6858  0.5108 
   00713    0.5600    -230.3467  0.5762 
   00714    0.5800    -224.0756  0.5194 
   00715    0.4600    -234.6775  0.5682 
   00716    0.5500    -225.3001  0.5477 
   00717    0.4600    -241.3008  0.5150 
   00718    0.4700    -245.7217  0.4946 
   00719    0.4100    -232.5936  0.4861 
   00720    0.4500    -209.4304  0.4524 
   00721    0.6300    -225.7286  0.4570 
   00722    0.5800    -215.2476  0.3885 
   00723    0.5100    -223.4505  0.3469 
   00724    0.5100    -224.6692  0.3644 
   00725    0.5700    -216.6698  0.3569 
   00726    0.5300    -232.9548  0.3975 
   00727    0.5100    -238.2772  0.4035 
   00728    0.5900    -232.5264  0.3801 
   00729    0.5300    -244.4713  0.3739 
   00730    0.4000    -243.4203  0.3470 
   00731    0.4600    -237.4525  0.3364 
   00732    0.4300    -246.5276  0.3701 
   00733    0.5400    -226.9769  0.2936 
   00734    0.5200    -228.7611  0.3091 
   00735    0.4700    -235.6369  0.3697 
   00736    0.4300    -234.0980  0.3212 
   00737    0.5500    -233.4426  0.3142 
   00738    0.5200    -228.4319  0.3333 
   00739    0.5000    -225.1218  0.3003 
   00740    0.4900    -210.5961  0.3378 
   00741    0.5900    -220.3268  0.4200 
   00742    0.4900    -221.5881  0.4582 
   00743    0.4600    -232.8813  0.4576 
   00744    0.5300    -243.2409  0.4289 
   00745    0.5400    -220.2132  0.4163 
   00746    0.5100    -229.6196  0.4741 
   00747    0.4800    -226.5830  0.4834 
   00748    0.4900    -238.3275  0.4775 
   00749    0.4500    -231.9587  0.4716 
   00750    0.4600    -230.7447  0.4919 
   00751    0.4800    -246.6733  0.4390 
   00752    0.4400    -249.3398  0.4797 
   00753    0.4700    -230.6121  0.4489 
   00754    0.4900    -222.8813  0.4786 
   00755    0.5200    -206.4714  0.4334 
   00756    0.5100    -230.4880  0.4678 
   00757    0.4200    -244.2996  0.4967 
   00758    0.4600    -245.0460  0.4219 
   00759    0.4600    -224.9276  0.3979 
   00760    0.4900    -229.0922  0.4361 
   00761    0.4500    -241.9666  0.4737 
   00762    0.4900    -227.5948  0.4751 
   00763    0.4800    -220.2276  0.4657 
   00764    0.5300    -232.3042  0.5516 
   00765    0.5400    -247.3050  0.5657 
   00766    0.4500    -237.2913  0.5683 
   00767    0.3800    -264.8037  0.5954 
   00768    0.4100    -239.1271  0.5920 
   00769    0.4900    -213.7312  0.5557 
   00770    0.4900    -217.1946  0.5637 
   00771    0.4500    -221.4459  0.5798 
   00772    0.5900    -223.9269  0.5724 
   00773    0.4900    -224.4449  0.5585 
   00774    0.5400    -215.9330  0.5071 
   00775    0.5800    -234.0345  0.5239 
   00776    0.4900    -228.3192  0.5378 
   00777    0.4400    -227.8428  0.5682 
   00778    0.5700    -226.1067  0.5697 
   00779    0.4800    -234.3278  0.6384 
   00780    0.5200    -259.0028  0.6648 
   00781    0.4400    -240.3959  0.6341 
   00782    0.4400    -254.1966  0.6704 
   00783    0.4000    -240.0298  0.6760 
   00784    0.4400    -241.2094  0.7092 
   00785    0.4000    -251.7569  0.7264 
   00786    0.4300    -263.7604  0.7476 
   00787    0.4800    -243.3208  0.7113 
   00788    0.4900    -229.0953  0.6388 
   00789    0.6000    -225.6374  0.6078 
   00790    0.5400    -236.4892  0.6403 
   00791    0.5200    -229.8285  0.6279 
   00792    0.5400    -247.9198  0.7080 
   00793    0.4500    -247.7972  0.6909 
   00794    0.4600    -248.0157  0.7002 
   00795    0.3400    -263.0150  0.7280 
   00796    0.4500    -267.3887  0.7445 
   00797    0.4400    -252.1483  0.7402 
   00798    0.4900    -245.4511  0.6733 
   00799    0.5400    -256.1637  0.6067 
   00800    0.4500    -257.9197  0.6241 
   00801    0.4700    -250.4091  0.6157 
   00802    0.5000    -245.1464  0.6237 
   00803    0.5100    -232.6963  0.6002 
   00804    0.4100    -260.0701  0.6581 
   00805    0.4300    -257.5759  0.6564 
   00806    0.4200    -270.2413  0.6625 
   00807    0.5600    -254.3648  0.6447 
   00808    0.5600    -253.9358  0.6336 
   00809    0.4000    -257.2570  0.6284 
   00810    0.5000    -255.3035  0.6546 
   00811    0.4200    -270.6588  0.7182 
   00812    0.4100    -267.4048  0.7514 
   00813    0.4000    -263.1761  0.7188 
   00814    0.4000    -266.3660  0.7327 
   00815    0.4300    -271.0052  0.7387 
   00816    0.4400    -254.9831  0.7037 
   00817    0.4700    -248.2142  0.6491 
   00818    0.5100    -251.1748  0.6607 
   00819    0.3900    -263.0395  0.6785 
   00820    0.4000    -276.3165  0.7359 
   00821    0.3400    -263.5470  0.7126 
   00822    0.5200    -254.8595  0.7090 
   00823    0.4300    -255.7852  0.7157 
   00824    0.5200    -277.9764  0.7251 
   00825    0.4300    -270.0773  0.7338 
   00826    0.4200    -264.6284  0.7218 
   00827    0.5100    -247.1645  0.7034 
   00828    0.5300    -240.4638  0.6773 
   00829    0.5100    -231.9793  0.6372 
   00830    0.4300    -253.4946  0.6627 
   00831    0.5000    -256.8256  0.6803 
   00832    0.4500    -246.2304  0.6479 
   00833    0.4700    -245.0196  0.6344 
   00834    0.5400    -229.0349  0.6120 
   00835    0.4300    -233.8406  0.5741 
   00836    0.5000    -220.9077  0.5694 
   00837    0.5800    -209.0136  0.4968 
   00838    0.5000    -210.5528  0.5308 
   00839    0.6000    -191.5972  0.4927 
   00840    0.5500    -206.0041  0.5123 
   00841    0.4800    -204.3802  0.5554 
   00842    0.4800    -204.7821  0.5661 
   00843    0.5500    -216.4695  0.6128 
   00844    0.5200    -227.6414  0.6480 
   00845    0.4400    -227.7828  0.6132 
   00846    0.5100    -227.0643  0.5433 
   00847    0.4600    -236.0202  0.5132 
   00848    0.5200    -230.0707  0.4771 
   00849    0.5400    -225.2414  0.5531 
   00850    0.4900    -226.9400  0.5860 
   00851    0.5800    -227.1640  0.6334 
   00852    0.4800    -224.0638  0.6301 
   00853    0.5200    -235.2390  0.6215 
   00854    0.5100    -225.4631  0.5742 
   00855    0.5500    -232.3881  0.5773 
   00856    0.5600    -215.3017  0.5504 
   00857    0.5300    -211.8743  0.5178 
   00858    0.5300    -219.3020  0.5532 
   00859    0.4900    -223.0949  0.5946 
   00860    0.5100    -218.8164  0.6086 
   00861    0.6300    -233.9914  0.5495 
   00862    0.3900    -234.7149  0.5555 
   00863    0.5300    -250.5392  0.5520 
   00864    0.5600    -254.1934  0.5442 
   00865    0.4400    -249.3142  0.5333 
   00866    0.3300    -257.5902  0.5545 
   00867    0.4900    -241.9434  0.4993 
   00868    0.4300    -231.4142  0.4624 
   00869    0.5200    -232.9524  0.4382 
   00870    0.4200    -247.8095  0.5177 
   00871    0.5100    -222.0139  0.4661 
   00872    0.5000    -226.3688  0.4811 
   00873    0.5700    -236.2375  0.5425 
   00874    0.6300    -216.0865  0.5387 
   00875    0.4700    -196.3341  0.4769 
   00876    0.5000    -198.1954  0.4603 
   00877    0.5500    -185.0368  0.4301 
   00878    0.4900    -182.1996  0.4794 
   00879    0.5500    -213.2654  0.5223 
   00880    0.5600    -232.0301  0.5028 
   00881    0.4200    -230.4517  0.4632 
   00882    0.5700    -209.6496  0.4347 
   00883    0.6400    -213.2508  0.4206 
   00884    0.5000    -227.9205  0.4188 
   00885    0.5200    -227.9959  0.4329 
   00886    0.4600    -237.8189  0.4638 
   00887    0.4800    -245.1167  0.5243 
   00888    0.4300    -246.4764  0.5248 
   00889    0.4200    -243.0283  0.5900 
   00890    0.5000    -231.2937  0.5356 
   00891    0.4900    -240.1983  0.5565 
   00892    0.4500    -247.3217  0.5579 
   00893    0.4300    -247.6937  0.5394 
   00894    0.5200    -231.1510  0.5796 
   00895    0.4700    -232.0364  0.6429 
   00896    0.4400    -231.2562  0.6473 
   00897    0.4800    -243.0159  0.6087 
   00898    0.4700    -266.3309  0.6721 
   00899    0.4500    -265.3111  0.6826 
   00900    0.4600    -255.9084  0.6545 
   00901    0.4500    -257.6488  0.6932 
   00902    0.4700    -245.4154  0.6336 
   00903    0.4800    -242.8411  0.6416 
   00904    0.4900    -232.3709  0.5651 
   00905    0.4200    -246.6220  0.5646 
   00906    0.4100    -256.3070  0.5868 
   00907    0.4300    -236.9801  0.6133 
   00908    0.5000    -248.4731  0.5880 
   00909    0.4100    -261.1729  0.6120 
   00910    0.3800    -262.7446  0.5862 
   00911    0.4900    -243.7635  0.5326 
   00912    0.5600    -246.6595  0.5418 
   00913    0.4400    -229.3781  0.5292 
   00914    0.4500    -242.2824  0.5752 
   00915    0.5800    -240.8502  0.5011 
   00916    0.5300    -238.3653  0.5611 
   00917    0.4700    -234.1583  0.5550 
   00918    0.4700    -235.8023  0.5504 
   00919    0.4800    -220.3909  0.5340 
   00920    0.5100    -243.1734  0.6032 
   00921    0.4600    -239.9310  0.5701 
   00922    0.4100    -232.2439  0.5622 
   00923    0.5800    -240.9030  0.5431 
   00924    0.4900    -216.0633  0.4664 
   00925    0.5900    -208.5028  0.4914 
   00926    0.4900    -226.2156  0.4998 
   00927    0.5900    -187.5508  0.4053 
   00928    0.6200    -186.7848  0.4132 
   00929    0.6100    -207.8455  0.5014 
   00930    0.5800    -226.3224  0.5322 
   00931    0.5600    -230.1955  0.5697 
   00932    0.5300    -227.4913  0.5320 
   00933    0.6300    -216.6675  0.4491 
   00934    0.4600    -221.9182  0.4884 
   00935    0.5800    -215.6283  0.4585 
   00936    0.5100    -219.5407  0.4018 
   00937    0.5000    -237.9573  0.3391 
   00938    0.5200    -233.7322  0.4184 
   00939    0.4400    -225.2017  0.4000 
   00940    0.4500    -214.7821  0.3960 
   00941    0.5700    -206.6439  0.3740 
   00942    0.5600    -222.3955  0.2972 
   00943    0.5700    -228.5597  0.3766 
   00944    0.4300    -217.3626  0.3421 
   00945    0.4600    -211.7688  0.3632 
   00946    0.6100    -216.0734  0.3590 
   00947    0.5600    -206.4579  0.3543 
   00948    0.5500    -180.3333  0.3500 
   00949    0.5600    -200.0036  0.3550 
   00950    0.4700    -208.0627  0.3610 
   00951    0.5000    -221.7010  0.3508 
   00952    0.5500    -196.7459  0.3401 
   00953    0.5800    -210.4057  0.3184 
   00954    0.5600    -214.2849  0.2886 
   00955    0.6100    -230.4928  0.2936 
   00956    0.5500    -225.9427  0.2600 
   00957    0.4300    -220.3218  0.3028 
   00958    0.6200    -193.1570  0.2851 
   00959    0.4700    -213.7827  0.2793 
   00960    0.4800    -195.0762  0.2947 
   00961    0.6600    -182.9444  0.3542 
   00962    0.5700    -204.5863  0.3730 
   00963    0.5700    -217.4160  0.4071 
   00964    0.4700    -219.4434  0.3936 
   00965    0.4900    -220.6985  0.3578 
   00966    0.4900    -225.4584  0.3231 
   00967    0.5500    -221.6212  0.3802 
   00968    0.5200    -225.9513  0.3907 
   00969    0.4300    -236.7061  0.3239 
   00970    0.5400    -247.1800  0.3569 
   00971    0.4300    -239.5743  0.4007 
   00972    0.5300    -230.6435  0.4322 
   00973    0.5200    -213.8286  0.3918 
   00974    0.4200    -231.7818  0.3864 
   00975    0.4400    -234.0109  0.4062 
   00976    0.5200    -251.5910  0.3939 
   00977    0.4900    -245.3568  0.3955 
   00978    0.5400    -241.6778  0.3633 
   00979    0.5000    -241.7639  0.3301 
   00980    0.4600    -241.5299  0.3039 
   00981    0.3800    -238.1090  0.2909 
   00982    0.5000    -252.0563  0.2615 
   00983    0.5000    -243.2750  0.2630 
   00984    0.5400    -238.6791  0.3582 
   00985    0.4500    -230.7691  0.3403 
   00986    0.4300    -239.4715  0.3365 
   00987    0.5000    -241.9150  0.3738 
   00988    0.5100    -243.4474  0.3913 
   00989    0.4700    -232.3657  0.3349 
   00990    0.4700    -241.3585  0.3462 
   00991    0.4800    -212.5007  0.2903 
   00992    0.4700    -217.4078  0.3060 
   00993    0.6100    -208.1332  0.2819 
   00994    0.5900    -221.8969  0.3448 
   00995    0.5500    -218.2921  0.3222 
   00996    0.5100    -215.9216  0.3587 
   00997    0.5300    -213.1669  0.3937 
   00998    0.4600    -212.6841  0.4124 
   00999    0.6100    -216.6430  0.3844 
   01000    0.5500    -208.0881  0.3968 
