#=====================================================
# File created:        Fri-08-Mar-2024-at-05-20-06PM
# Size of lattice:     10x10
# Number of MC steps:  1000
# Reduced temperature: 1.000
# Run time (s):        12.437864
#=====================================================
# MC step:  Ratio:     Energy:   Order:
#=====================================================
   00000    0.5000     -96.5415  0.3125 
   00001    0.6200    -168.4259  0.3313 
   00002    0.6300    -195.3392  0.2758 
   00003    0.5100    -197.6123  0.2696 
   00004    0.6400    -195.8304  0.3118 
   00005    0.5600    -197.5498  0.3172 
   00006    0.5200    -204.7528  0.4417 
   00007    0.5000    -229.1532  0.4653 
   00008    0.4300    -225.0537  0.3982 
   00009    0.4900    -218.0763  0.3991 
   00010    0.5000    -218.4560  0.4386 
   00011    0.5200    -192.9393  0.3700 
   00012    0.5100    -218.8670  0.4188 
   00013    0.4400    -235.0414  0.3958 
   00014    0.5000    -237.8457  0.3412 
   00015    0.5800    -232.2726  0.2989 
   00016    0.4900    -230.0455  0.2812 
   00017    0.5300    -208.1330  0.2947 
   00018    0.4900    -205.8809  0.2920 
   00019    0.5600    -234.9809  0.2913 
   00020    0.4900    -214.1272  0.3648 
   00021    0.4900    -214.2191  0.3886 
   00022    0.4900    -216.9280  0.3753 
   00023    0.5300    -213.8000  0.3407 
   00024    0.5100    -210.7211  0.3682 
   00025    0.4400    -219.6896  0.3145 
   00026    0.5100    -215.5741  0.3408 
   00027    0.5300    -225.5056  0.3357 
   00028    0.4700    -220.2030  0.2882 
   00029    0.5300    -205.4153  0.3045 
   00030    0.5000    -229.7310  0.3453 
   00031    0.4600    -217.8144  0.3197 
   00032    0.5400    -226.9333  0.3456 
   00033    0.4900    -221.8746  0.3488 
   00034    0.4900    -206.6268  0.4027 
   00035    0.5100    -232.3544  0.4256 
   00036    0.5100    -252.4530  0.4691 
   00037    0.5000    -231.4659  0.4879 
   00038    0.5600    -233.8293  0.5147 
   00039    0.4600    -240.1461  0.5504 
   00040    0.4800    -236.6004  0.5621 
   00041    0.4400    -248.4229  0.5727 
   00042    0.4900    -253.5668  0.5421 
   00043    0.5200    -244.3627  0.5383 
   00044    0.5900    -232.4232  0.5250 
   00045    0.5600    -232.5410  0.5706 
   00046    0.5000    -228.4833  0.6038 
   00047    0.5300    -237.1558  0.5710 
   00048    0.5300    -244.1431  0.6038 
   00049    0.4400    -258.3191  0.6879 
   00050    0.4300    -253.7931  0.6933 
   00051    0.5100    -242.5669  0.6720 
   00052    0.5000    -266.0588  0.7137 
   00053    0.4700    -269.2776  0.6925 
   00054    0.4700    -265.0938  0.6319 
   00055    0.4200    -253.2990  0.6531 
   00056    0.4300    -250.1625  0.6627 
   00057    0.5000    -268.0335  0.7148 
   00058    0.4100    -270.7711  0.7205 
   00059    0.5000    -258.8144  0.7084 
   00060    0.4900    -246.8264  0.6731 
   00061    0.4500    -252.5916  0.6624 
   00062    0.4700    -221.5538  0.5537 
   00063    0.5400    -235.7239  0.6534 
   00064    0.5000    -227.2551  0.6144 
   00065    0.4500    -241.3815  0.5841 
   00066    0.5300    -231.9251  0.5894 
   00067    0.5700    -243.8926  0.6542 
   00068    0.5000    -257.0349  0.6609 
   00069    0.4900    -258.0633  0.6868 
   00070    0.4800    -266.7529  0.6260 
   00071    0.4100    -245.6883  0.6213 
   00072    0.5900    -232.6000  0.6025 
   00073    0.5200    -253.2967  0.6492 
   00074    0.4900    -259.2937  0.6537 
   00075    0.3500    -266.7186  0.6881 
   00076    0.4100    -261.1399  0.6508 
   00077    0.5300    -249.8996  0.6041 
   00078    0.5100    -244.8893  0.5810 
   00079    0.4600    -259.4462  0.6369 
   00080    0.4900    -266.4069  0.6768 
   00081    0.5800    -272.2749  0.7298 
   00082    0.3700    -280.5357  0.7482 
   00083    0.4300    -276.3668  0.7482 
   00084    0.5300    -276.0512  0.7432 
   00085    0.4200    -266.0958  0.6836 
   00086    0.4300    -265.4027  0.6572 
   00087    0.4200    -252.7080  0.6426 
   00088    0.4300    -263.9356  0.6632 
   00089    0.4600    -239.0527  0.6190 
   00090    0.4000    -261.4137  0.6803 
   00091    0.4000    -271.5812  0.6637 
   00092    0.4200    -271.0266  0.6760 
   00093    0.4100    -270.3034  0.6732 
   00094    0.4600    -259.9156  0.6683 
   00095    0.4100    -251.8976  0.6949 
   00096    0.4600    -250.1377  0.7158 
   00097    0.4400    -260.5028  0.7064 
   00098    0.4500    -263.2310  0.6746 
   00099    0.4900    -260.0537  0.6973 
   00100    0.4100    -263.0802  0.6836 
   00101    0.4500    -243.0837  0.6450 
   00102    0.4500    -222.9427  0.6121 
   00103    0.5100    -212.5958  0.5267 
   00104    0.5500    -231.4861  0.5448 
   00105    0.4800    -232.8839  0.5198 
   00106    0.4800    -226.8325  0.4818 
   00107    0.5400    -223.1608  0.4684 
   00108    0.4600    -237.3937  0.5337 
   00109    0.5100    -213.9640  0.5336 
   00110    0.4900    -224.2262  0.5481 
   00111    0.5100    -221.9260  0.5221 
   00112    0.5300    -227.8433  0.5460 
   00113    0.3800    -233.7164  0.5451 
   00114    0.6000    -233.9782  0.5223 
   00115    0.5200    -227.8184  0.4731 
   00116    0.4800    -217.5350  0.5003 
   00117    0.4500    -246.9890  0.5653 
   00118    0.5400    -227.0178  0.5257 
   00119    0.5300    -239.1894  0.5467 
   00120    0.4600    -225.7401  0.5361 
   00121    0.3600    -230.0818  0.5410 
   00122    0.5300    -245.1884  0.5182 
   00123    0.5500    -242.1009  0.5489 
   00124    0.4300    -255.4421  0.5551 
   00125    0.4800    -247.9712  0.5936 
   00126    0.4400    -260.0051  0.6542 
   00127    0.5400    -249.2471  0.6040 
   00128    0.5600    -245.2820  0.5803 
   00129    0.5100    -240.4697  0.5456 
   00130    0.4500    -234.2677  0.4923 
   00131    0.4800    -229.4706  0.4997 
   00132    0.5200    -200.2065  0.4826 
   00133    0.5700    -224.8765  0.5282 
   00134    0.5500    -241.1440  0.5946 
   00135    0.5100    -248.8348  0.6304 
   00136    0.5600    -229.5091  0.6115 
   00137    0.4000    -236.9947  0.6337 
   00138    0.5000    -248.0243  0.6128 
   00139    0.4900    -253.4126  0.6100 
   00140    0.3500    -258.6131  0.6218 
   00141    0.4300    -248.5521  0.6358 
   00142    0.4800    -254.1797  0.6905 
   00143    0.4200    -257.4130  0.6768 
   00144    0.5200    -239.0726  0.6122 
   00145    0.4600    -232.6068  0.5657 
   00146    0.5300    -231.0220  0.5558 
   00147    0.6200    -206.5144  0.5581 
   00148    0.4300    -234.9391  0.5682 
   00149    0.4900    -236.1350  0.5550 
   00150    0.4900    -228.7238  0.5451 
   00151    0.4600    -233.1290  0.5571 
   00152    0.4700    -236.7677  0.5809 
   00153    0.3800    -230.7209  0.6043 
   00154    0.5200    -217.6094  0.6206 
   00155    0.4900    -222.7584  0.6152 
   00156    0.5800    -221.5104  0.6169 
   00157    0.5100    -209.8494  0.5517 
   00158    0.5000    -230.3463  0.6346 
   00159    0.5500    -222.1874  0.6164 
   00160    0.5200    -243.3332  0.6302 
   00161    0.5300    -217.8889  0.6378 
   00162    0.5400    -226.1355  0.6607 
   00163    0.5900    -226.9018  0.6214 
   00164    0.4700    -221.0449  0.5761 
   00165    0.6100    -218.4591  0.5464 
   00166    0.6000    -206.1927  0.4806 
   00167    0.4700    -216.8096  0.4925 
   00168    0.4700    -211.2087  0.5178 
   00169    0.5400    -218.1439  0.5275 
   00170    0.4700    -216.7416  0.5784 
   00171    0.5000    -230.2268  0.6044 
   00172    0.4500    -235.0628  0.6536 
   00173    0.4400    -247.3863  0.6932 
   00174    0.3700    -239.9052  0.6311 
   00175    0.4300    -225.8291  0.5881 
   00176    0.5200    -251.9966  0.6073 
   00177    0.4600    -221.6945  0.5722 
   00178    0.4500    -251.2273  0.5914 
   00179    0.5100    -234.4470  0.5667 
   00180    0.4900    -235.6049  0.5528 
   00181    0.5100    -207.7640  0.4947 
   00182    0.4900    -223.8842  0.4989 
   00183    0.4300    -222.6510  0.4635 
   00184    0.4800    -224.6230  0.4625 
   00185    0.5400    -221.4914  0.4388 
   00186    0.5300    -208.8096  0.3906 
   00187    0.5100    -232.8188  0.4247 
   00188    0.4800    -227.0931  0.4128 
   00189    0.4300    -232.0379  0.4208 
   00190    0.4400    -236.2526  0.4174 
   00191    0.6000    -246.8734  0.3597 
   00192    0.5000    -253.3392  0.3834 
   00193    0.4500    -254.6627  0.4156 
   00194    0.4700    -249.9508  0.3707 
   00195    0.5000    -227.6667  0.3922 
   00196    0.5000    -224.0826  0.3723 
   00197    0.4700    -231.5253  0.3537 
   00198    0.4900    -212.8620  0.3534 
   00199    0.5300    -217.4134  0.3859 
   00200    0.5700    -222.0483  0.4536 
   00201    0.5000    -237.4820  0.5316 
   00202    0.4200    -257.9536  0.5754 
   00203    0.3700    -260.4840  0.6105 
   00204    0.3900    -272.7547  0.6318 
   00205    0.4400    -261.9442  0.6219 
   00206    0.4900    -263.3413  0.6722 
   00207    0.4700    -265.4002  0.6226 
   00208    0.5000    -249.4455  0.6528 
   00209    0.5200    -256.2085  0.6685 
   00210    0.4300    -228.8223  0.6080 
   00211    0.4600    -237.9532  0.5744 
   00212    0.4400    -250.3076  0.5819 
   00213    0.4200    -270.8425  0.5935 
   00214    0.4400    -272.0159  0.5979 
   00215    0.5300    -255.3785  0.5939 
   00216    0.4300    -275.0078  0.5911 
   00217    0.4800    -262.4995  0.5920 
   00218    0.4500    -245.3890  0.5638 
   00219    0.5000    -215.3351  0.4368 
   00220    0.4900    -219.2557  0.4870 
   00221    0.4800    -220.7069  0.4438 
   00222    0.5100    -200.4586  0.4498 
   00223    0.4700    -214.6628  0.4588 
   00224    0.5100    -213.2446  0.4124 
   00225    0.5200    -227.6879  0.4245 
   00226    0.5300    -232.7079  0.4861 
   00227    0.4400    -252.2826  0.5062 
   00228    0.4900    -248.2427  0.5451 
   00229    0.4300    -260.9818  0.5624 
   00230    0.4300    -243.3635  0.5242 
   00231    0.5700    -239.8070  0.4543 
   00232    0.5400    -222.0221  0.4244 
   00233    0.5700    -220.3614  0.3584 
   00234    0.5800    -225.7979  0.3982 
   00235    0.4600    -209.4660  0.4069 
   00236    0.5400    -208.0221  0.4053 
   00237    0.4100    -213.1829  0.4348 
   00238    0.3900    -213.7320  0.4353 
   00239    0.5700    -206.3424  0.3879 
   00240    0.5200    -202.4991  0.4065 
   00241    0.4600    -217.3049  0.3817 
   00242    0.5300    -225.5086  0.4413 
   00243    0.4800    -232.1351  0.4863 
   00244    0.4700    -225.8721  0.4623 
   00245    0.5700    -206.2696  0.4771 
   00246    0.4700    -209.7570  0.4651 
   00247    0.5600    -223.6370  0.5226 
   00248    0.5200    -229.1506  0.5717 
   00249    0.4800    -264.0744  0.6492 
   00250    0.4400    -262.2132  0.6215 
   00251    0.4500    -263.0764  0.6119 
   00252    0.5100    -241.9968  0.6196 
   00253    0.5400    -235.8544  0.5998 
   00254    0.5400    -242.2739  0.5328 
   00255    0.4500    -256.6532  0.5768 
   00256    0.4300    -246.7795  0.5532 
   00257    0.4700    -252.0608  0.5275 
   00258    0.5100    -236.4039  0.4913 
   00259    0.4100    -241.9284  0.5497 
   00260    0.4600    -233.0374  0.5348 
   00261    0.4600    -237.6224  0.5423 
   00262    0.5200    -224.0618  0.5304 
   00263    0.4100    -220.8574  0.5699 
   00264    0.4400    -207.8978  0.5208 
   00265    0.4700    -229.0344  0.4804 
   00266    0.4400    -226.7119  0.4919 
   00267    0.5300    -227.6918  0.3683 
   00268    0.6400    -238.3055  0.3058 
   00269    0.5300    -223.8390  0.2562 
   00270    0.4700    -245.8588  0.3525 
   00271    0.5300    -239.7136  0.3234 
   00272    0.4000    -239.6895  0.3202 
   00273    0.4500    -235.1364  0.2708 
   00274    0.5500    -226.6340  0.3048 
   00275    0.4800    -222.6875  0.2863 
   00276    0.5700    -220.6048  0.2963 
   00277    0.5100    -234.0135  0.3430 
   00278    0.4800    -236.0022  0.3785 
   00279    0.4700    -264.2418  0.4294 
   00280    0.4400    -259.9670  0.4866 
   00281    0.5000    -251.3037  0.5471 
   00282    0.5000    -245.1125  0.5307 
   00283    0.5200    -261.3137  0.5592 
   00284    0.4400    -256.2871  0.5675 
   00285    0.4400    -263.5427  0.5074 
   00286    0.4400    -256.2749  0.5757 
   00287    0.4000    -247.3497  0.5792 
   00288    0.4700    -245.7694  0.6396 
   00289    0.4900    -242.8933  0.6469 
   00290    0.4600    -239.5756  0.6378 
   00291    0.5600    -263.8269  0.6439 
   00292    0.5300    -263.8834  0.6842 
   00293    0.4800    -270.5380  0.7362 
   00294    0.3600    -276.5873  0.7835 
   00295    0.3800    -275.8222  0.7837 
   00296    0.4100    -263.8758  0.7401 
   00297    0.4800    -287.2839  0.7792 
   00298    0.3300    -285.9090  0.7816 
   00299    0.3700    -291.7073  0.7741 
   00300    0.4200    -277.2171  0.7645 
   00301    0.4300    -282.7433  0.7840 
   00302    0.4700    -271.3833  0.7367 
   00303    0.4900    -282.8637  0.7092 
   00304    0.3500    -277.3730  0.7116 
   00305    0.4300    -264.0515  0.6448 
   00306    0.4200    -264.0879  0.6307 
   00307    0.4300    -234.3898  0.5855 
   00308    0.5300    -244.1224  0.5667 
   00309    0.4200    -231.0746  0.5664 
   00310    0.5300    -236.1622  0.5754 
   00311    0.4900    -226.9390  0.5571 
   00312    0.5000    -232.9749  0.5925 
   00313    0.4500    -239.4551  0.5549 
   00314    0.5100    -230.3085  0.5520 
   00315    0.4500    -224.4712  0.5182 
   00316    0.5000    -220.5977  0.5235 
   00317    0.4900    -222.7175  0.5457 
   00318    0.4900    -195.3338  0.4458 
   00319    0.4100    -209.7084  0.4093 
   00320    0.6100    -207.7180  0.4120 
   00321    0.5400    -219.3540  0.3807 
   00322    0.5300    -223.0739  0.3917 
   00323    0.5400    -213.1817  0.3810 
   00324    0.5700    -190.4307  0.3737 
   00325    0.6100    -197.3782  0.4204 
   00326    0.4800    -235.4392  0.4762 
   00327    0.4400    -231.5587  0.4861 
   00328    0.4700    -236.1254  0.5113 
   00329    0.5400    -239.1160  0.4950 
   00330    0.4600    -234.5625  0.5323 
   00331    0.5800    -251.9433  0.5939 
   00332    0.4800    -255.4546  0.5654 
   00333    0.4700    -247.1169  0.5434 
   00334    0.5200    -240.0234  0.5994 
   00335    0.4800    -246.7564  0.5973 
   00336    0.4600    -259.5141  0.5977 
   00337    0.5000    -231.9038  0.5435 
   00338    0.4200    -236.9459  0.5298 
   00339    0.4500    -226.8342  0.5058 
   00340    0.5000    -217.1209  0.4874 
   00341    0.5200    -197.7911  0.4466 
   00342    0.5300    -210.2058  0.4592 
   00343    0.5300    -203.4975  0.4602 
   00344    0.4700    -201.4636  0.4811 
   00345    0.5700    -222.2428  0.4853 
   00346    0.6000    -212.3864  0.4977 
   00347    0.5100    -219.0564  0.5209 
   00348    0.4400    -204.0446  0.5320 
   00349    0.5300    -206.8058  0.4724 
   00350    0.5800    -206.6021  0.4663 
   00351    0.5400    -219.4807  0.4322 
   00352    0.4800    -206.4603  0.4681 
   00353    0.6200    -197.2940  0.4809 
   00354    0.5400    -203.8910  0.5024 
   00355    0.5600    -210.2171  0.5569 
   00356    0.4500    -227.9919  0.5655 
   00357    0.5600    -227.5163  0.4793 
   00358    0.5100    -234.6468  0.4827 
   00359    0.5800    -212.3488  0.4730 
   00360    0.5400    -233.8794  0.5316 
   00361    0.5300    -216.1512  0.5066 
   00362    0.5500    -210.7511  0.5334 
   00363    0.5800    -214.3126  0.4605 
   00364    0.5700    -223.8152  0.4128 
   00365    0.5500    -233.1477  0.4418 
   00366    0.5300    -225.4044  0.4783 
   00367    0.3500    -240.9185  0.4489 
   00368    0.4700    -240.5260  0.4133 
   00369    0.5100    -231.9761  0.4211 
   00370    0.4800    -222.9451  0.3982 
   00371    0.5100    -211.3673  0.4154 
   00372    0.4300    -234.4454  0.4603 
   00373    0.4700    -234.9246  0.4198 
   00374    0.5000    -234.7247  0.4143 
   00375    0.5300    -230.9180  0.3176 
   00376    0.5000    -226.0956  0.3166 
   00377    0.4100    -229.6878  0.2998 
   00378    0.5600    -227.0304  0.3117 
   00379    0.4500    -215.3339  0.3650 
   00380    0.4700    -211.7989  0.4146 
   00381    0.5300    -222.5121  0.4360 
   00382    0.4900    -222.2340  0.4557 
   00383    0.4700    -217.9056  0.4745 
   00384    0.4600    -214.3768  0.4656 
   00385    0.5500    -213.6368  0.4122 
   00386    0.5500    -212.0809  0.3480 
   00387    0.5200    -219.1949  0.3152 
   00388    0.5000    -223.7872  0.3361 
   00389    0.5500    -216.3869  0.3792 
   00390    0.5300    -238.8719  0.4768 
   00391    0.4300    -242.4932  0.4139 
   00392    0.5100    -232.6496  0.3800 
   00393    0.4900    -232.1173  0.3681 
   00394    0.5300    -209.1560  0.3393 
   00395    0.5400    -210.1142  0.3363 
   00396    0.4500    -224.3046  0.3386 
   00397    0.4900    -246.7309  0.4009 
   00398    0.4900    -233.8514  0.3904 
   00399    0.4700    -231.0549  0.4313 
   00400    0.5300    -255.2570  0.4954 
   00401    0.4100    -235.4959  0.5057 
   00402    0.5400    -224.8412  0.5009 
   00403    0.4700    -213.9072  0.4353 
   00404    0.5400    -212.7517  0.4839 
   00405    0.5400    -217.3468  0.5505 
   00406    0.5800    -202.9510  0.5048 
   00407    0.6200    -230.7706  0.5043 
   00408    0.5500    -241.5184  0.4814 
   00409    0.4300    -261.9375  0.5372 
   00410    0.4200    -249.9247  0.5756 
   00411    0.4500    -261.0099  0.5927 
   00412    0.4700    -267.7158  0.5737 
   00413    0.4300    -262.1832  0.5772 
   00414    0.4100    -241.0055  0.5408 
   00415    0.4500    -274.1303  0.5781 
   00416    0.4200    -266.5964  0.5070 
   00417    0.4400    -257.0512  0.5215 
   00418    0.5000    -254.5458  0.5365 
   00419    0.3200    -253.4845  0.5213 
   00420    0.5500    -239.9356  0.5037 
   00421    0.4800    -235.4737  0.4551 
   00422    0.5100    -235.8456  0.4538 
   00423    0.5400    -238.5243  0.5081 
   00424    0.4500    -221.3615  0.4565 
   00425    0.5500    -218.9147  0.4492 
   00426    0.5500    -227.4090  0.4849 
   00427    0.5000    -216.7418  0.4960 
   00428    0.4300    -232.8905  0.5245 
   00429    0.5400    -207.5323  0.4878 
   00430    0.4900    -209.0284  0.5192 
   00431    0.5600    -226.3483  0.5524 
   00432    0.4200    -229.2355  0.5509 
   00433    0.4400    -227.8090  0.5447 
   00434    0.3900    -231.3022  0.5477 
   00435    0.4900    -242.6815  0.5740 
   00436    0.4300    -226.5336  0.5562 
   00437    0.5700    -225.7654  0.5782 
   00438    0.5000    -232.9795  0.5951 
   00439    0.4600    -232.0011  0.5463 
   00440    0.4700    -228.1818  0.4966 
   00441    0.5100    -226.1323  0.4425 
   00442    0.5800    -205.6640  0.4222 
   00443    0.4800    -230.4471  0.4771 
   00444    0.5300    -227.1065  0.4867 
   00445    0.5400    -232.1021  0.4515 
   00446    0.4400    -236.3297  0.4482 
   00447    0.5300    -237.8505  0.4606 
   00448    0.4500    -255.1889  0.4760 
   00449    0.5100    -238.0326  0.4184 
   00450    0.4600    -238.2682  0.3943 
   00451    0.5900    -235.0966  0.4292 
   00452    0.4000    -237.8496  0.4326 
   00453    0.5100    -250.4279  0.4273 
   00454    0.4100    -256.0432  0.4369 
   00455    0.4600    -249.9487  0.4299 
   00456    0.4800    -239.5465  0.4724 
   00457    0.4500    -228.1635  0.4336 
   00458    0.6200    -211.6820  0.4412 
   00459    0.6100    -199.9964  0.3927 
   00460    0.5100    -199.5141  0.4340 
   00461    0.5600    -201.4709  0.4395 
   00462    0.5400    -217.8537  0.4117 
   00463    0.5300    -208.6839  0.4012 
   00464    0.5700    -207.3492  0.3429 
   00465    0.4600    -212.0121  0.3891 
   00466    0.5100    -233.6893  0.4204 
   00467    0.5000    -208.5547  0.4324 
   00468    0.5500    -218.6351  0.4818 
   00469    0.5000    -224.2982  0.4132 
   00470    0.5000    -222.0763  0.4472 
   00471    0.5500    -223.3145  0.4308 
   00472    0.5100    -234.3412  0.4783 
   00473    0.5100    -242.9631  0.4454 
   00474    0.4600    -239.0276  0.4947 
   00475    0.4200    -252.3126  0.5175 
   00476    0.4600    -268.4028  0.6019 
   00477    0.4600    -267.8270  0.5867 
   00478    0.4600    -259.7272  0.5597 
   00479    0.4600    -245.0793  0.4900 
   00480    0.4400    -252.2122  0.5198 
   00481    0.4700    -245.9843  0.5521 
   00482    0.4600    -248.9186  0.5226 
   00483    0.3800    -246.6904  0.4887 
   00484    0.4500    -250.1883  0.4995 
   00485    0.4500    -254.6610  0.5002 
   00486    0.5100    -246.6708  0.5282 
   00487    0.4600    -250.3753  0.5269 
   00488    0.5000    -245.0256  0.5223 
   00489    0.4400    -259.8344  0.5575 
   00490    0.4700    -247.3710  0.6120 
   00491    0.4500    -243.7577  0.6078 
   00492    0.4800    -214.1031  0.5868 
   00493    0.5100    -204.6584  0.5779 
   00494    0.5800    -230.9324  0.5752 
   00495    0.4700    -232.4979  0.6206 
   00496    0.4100    -240.5176  0.6544 
   00497    0.5100    -225.9806  0.6048 
   00498    0.5000    -245.4233  0.5827 
   00499    0.4200    -248.6103  0.6370 
   00500    0.5500    -242.4514  0.6472 
   00501    0.3800    -266.4363  0.6753 
   00502    0.5400    -249.5672  0.6775 
   00503    0.4900    -241.0289  0.6657 
   00504    0.5400    -230.5864  0.5903 
   00505    0.5600    -237.5937  0.5853 
   00506    0.4700    -235.3968  0.6140 
   00507    0.5400    -207.1128  0.5891 
   00508    0.4900    -214.3661  0.5583 
   00509    0.4100    -218.0607  0.5972 
   00510    0.5600    -241.6433  0.5598 
   00511    0.5000    -267.9138  0.6007 
   00512    0.4500    -247.7677  0.6136 
   00513    0.4200    -255.4948  0.6042 
   00514    0.4100    -260.7075  0.6324 
   00515    0.4800    -248.4303  0.6316 
   00516    0.4300    -250.1365  0.6141 
   00517    0.3600    -264.2232  0.6568 
   00518    0.4300    -261.0554  0.6334 
   00519    0.4900    -277.2463  0.6458 
   00520    0.4900    -286.9467  0.6602 
   00521    0.4200    -274.3089  0.6537 
   00522    0.3800    -252.0305  0.5599 
   00523    0.4900    -233.7466  0.4901 
   00524    0.5300    -231.0776  0.5286 
   00525    0.4300    -213.1540  0.5047 
   00526    0.5200    -219.0733  0.5208 
   00527    0.4400    -227.9760  0.5010 
   00528    0.5400    -230.4843  0.4979 
   00529    0.5000    -223.4563  0.4844 
   00530    0.5800    -209.0866  0.3829 
   00531    0.4600    -218.1414  0.3255 
   00532    0.5600    -222.5380  0.3900 
   00533    0.5000    -226.6472  0.3419 
   00534    0.5000    -217.0727  0.2887 
   00535    0.4600    -219.6765  0.2979 
   00536    0.5400    -200.6357  0.2665 
   00537    0.5400    -202.8808  0.3249 
   00538    0.5200    -200.5772  0.4394 
   00539    0.6000    -206.2922  0.4637 
   00540    0.4900    -211.1522  0.4587 
   00541    0.6100    -228.4699  0.4970 
   00542    0.5600    -231.3226  0.5346 
   00543    0.4700    -240.6651  0.5434 
   00544    0.4300    -232.5337  0.4895 
   00545    0.4600    -221.7907  0.5383 
   00546    0.5100    -224.8589  0.5286 
   00547    0.6500    -221.4156  0.5179 
   00548    0.5500    -231.9980  0.5069 
   00549    0.6100    -211.1839  0.4924 
   00550    0.4900    -220.0046  0.5253 
   00551    0.5100    -232.8263  0.5260 
   00552    0.4700    -226.5761  0.5187 
   00553    0.5400    -248.6294  0.5676 
   00554    0.5300    -239.9867  0.5331 
   00555    0.5200    -238.1335  0.5289 
   00556    0.5600    -231.1171  0.4777 
   00557    0.4600    -247.8925  0.4567 
   00558    0.5000    -249.9738  0.4548 
   00559    0.4800    -267.0993  0.4721 
   00560    0.3700    -244.8808  0.4518 
   00561    0.4800    -230.9252  0.4411 
   00562    0.5200    -220.6240  0.4361 
   00563    0.4900    -207.3036  0.3966 
   00564    0.6000    -223.1801  0.4127 
   00565    0.5000    -233.4828  0.3942 
   00566    0.5100    -238.9382  0.4248 
   00567    0.5100    -239.3725  0.3821 
   00568    0.5500    -231.0422  0.3844 
   00569    0.4600    -241.9687  0.3671 
   00570    0.4800    -230.9592  0.3116 
   00571    0.4600    -234.1186  0.3384 
   00572    0.5000    -221.0064  0.3231 
   00573    0.5200    -219.2117  0.3536 
   00574    0.5300    -222.1857  0.3808 
   00575    0.5400    -219.8169  0.3096 
   00576    0.4500    -210.0023  0.3812 
   00577    0.6500    -229.3100  0.4561 
   00578    0.4400    -219.3841  0.4183 
   00579    0.5100    -216.5953  0.3523 
   00580    0.6000    -181.8131  0.3100 
   00581    0.5400    -217.3024  0.3026 
   00582    0.5600    -203.4023  0.2612 
   00583    0.4800    -209.9106  0.3158 
   00584    0.4500    -212.4690  0.3033 
   00585    0.5400    -212.3605  0.2878 
   00586    0.4700    -194.2718  0.3360 
   00587    0.6000    -191.1809  0.2676 
   00588    0.5400    -196.6716  0.2921 
   00589    0.5900    -184.7438  0.3210 
   00590    0.5000    -176.6210  0.2912 
   00591    0.5300    -191.4092  0.3561 
   00592    0.5600    -206.7105  0.4078 
   00593    0.5300    -209.4623  0.5309 
   00594    0.5300    -215.5574  0.5215 
   00595    0.4900    -220.9149  0.5172 
   00596    0.5500    -222.9796  0.4770 
   00597    0.5400    -225.3812  0.4926 
   00598    0.4900    -215.2265  0.4736 
   00599    0.5500    -217.2937  0.4576 
   00600    0.5300    -227.6602  0.5553 
   00601    0.5900    -229.0030  0.5708 
   00602    0.5300    -220.4161  0.5768 
   00603    0.4500    -218.7209  0.6074 
   00604    0.5500    -232.5318  0.5997 
   00605    0.5700    -244.0490  0.6697 
   00606    0.4000    -252.7416  0.7017 
   00607    0.4500    -256.4822  0.6465 
   00608    0.5200    -239.6007  0.6189 
   00609    0.4600    -245.6431  0.6443 
   00610    0.4200    -218.1250  0.5779 
   00611    0.5900    -210.6850  0.5511 
   00612    0.5000    -225.5721  0.6100 
   00613    0.4500    -254.7302  0.6679 
   00614    0.4700    -253.5311  0.7131 
   00615    0.5100    -253.6999  0.7265 
   00616    0.4000    -248.1495  0.7175 
   00617    0.3300    -255.5292  0.7020 
   00618    0.5100    -249.7994  0.7166 
   00619    0.4700    -225.1674  0.6602 
   00620    0.4200    -261.9787  0.7273 
   00621    0.4700    -265.2156  0.7273 
   00622    0.4600    -261.7682  0.7165 
   00623    0.4400    -271.9908  0.7593 
   00624    0.3900    -278.7698  0.7769 
   00625    0.4500    -269.8385  0.7603 
   00626    0.3900    -285.7733  0.7742 
   00627    0.4100    -278.6663  0.7472 
   00628    0.3700    -267.2980  0.7226 
   00629    0.4000    -277.5984  0.7153 
   00630    0.5100    -263.3669  0.6780 
   00631    0.4900    -246.6214  0.6389 
   00632    0.5100    -238.1278  0.6263 
   00633    0.4600    -245.4498  0.6084 
   00634    0.5000    -240.2522  0.5100 
   00635    0.6000    -229.4853  0.4922 
   00636    0.4900    -229.3529  0.5300 
   00637    0.4900    -223.9360  0.5203 
   00638    0.4300    -211.9515  0.4440 
   00639    0.6200    -200.3177  0.3694 
   00640    0.5400    -197.3358  0.4016 
   00641    0.6300    -191.7352  0.3613 
   00642    0.5300    -202.8467  0.3734 
   00643    0.4700    -217.6768  0.4352 
   00644    0.4400    -222.2366  0.4516 
   00645    0.5300    -205.2748  0.4595 
   00646    0.5200    -209.9699  0.4223 
   00647    0.5600    -225.3556  0.4254 
   00648    0.4800    -223.2965  0.4057 
   00649    0.5700    -234.3353  0.4743 
   00650    0.5000    -226.6136  0.4621 
   00651    0.4900    -221.9940  0.4860 
   00652    0.5800    -218.7355  0.4552 
   00653    0.4100    -241.3366  0.5063 
   00654    0.4300    -247.9151  0.4802 
   00655    0.5200    -238.1736  0.4339 
   00656    0.4600    -249.6848  0.4080 
   00657    0.5200    -235.1260  0.3886 
   00658    0.4800    -232.2471  0.3484 
   00659    0.3900    -248.9290  0.4322 
   00660    0.4500    -259.5814  0.3909 
   00661    0.4900    -257.1626  0.3215 
   00662    0.5000    -248.8907  0.3282 
   00663    0.5200    -261.0333  0.3262 
   00664    0.4600    -259.3426  0.2855 
   00665    0.5000    -251.4866  0.2867 
   00666    0.4900    -262.7694  0.2944 
   00667    0.4800    -272.1125  0.3773 
   00668    0.4600    -253.0673  0.4011 
   00669    0.4600    -241.7044  0.3728 
   00670    0.5000    -226.9231  0.3908 
   00671    0.5700    -225.1268  0.3993 
   00672    0.4900    -224.2960  0.3832 
   00673    0.5800    -229.0701  0.4363 
   00674    0.4600    -215.7314  0.4671 
   00675    0.3500    -218.1111  0.4909 
   00676    0.5100    -234.0421  0.4354 
   00677    0.5300    -224.7377  0.3490 
   00678    0.5400    -227.7068  0.3445 
   00679    0.4500    -224.6003  0.3764 
   00680    0.5500    -209.4073  0.3240 
   00681    0.6100    -207.8039  0.3993 
   00682    0.5800    -218.8288  0.4230 
   00683    0.5600    -217.9478  0.3860 
   00684    0.5200    -217.2280  0.4186 
   00685    0.4900    -224.6539  0.4652 
   00686    0.5200    -208.7744  0.4830 
   00687    0.5600    -206.3203  0.4834 
   00688    0.5500    -225.7996  0.5270 
   00689    0.5000    -224.4952  0.4803 
   00690    0.5100    -226.9428  0.5503 
   00691    0.4500    -227.5053  0.5797 
   00692    0.5900    -228.8304  0.5180 
   00693    0.5500    -245.6734  0.4948 
   00694    0.5000    -272.0820  0.5187 
   00695    0.3700    -266.7005  0.5422 
   00696    0.4800    -257.3414  0.5829 
   00697    0.4700    -249.0217  0.5963 
   00698    0.4900    -236.0612  0.5559 
   00699    0.4600    -239.7432  0.5533 
   00700    0.4400    -218.3802  0.5485 
   00701    0.5400    -223.6190  0.5377 
   00702    0.5100    -220.0008  0.5055 
   00703    0.5300    -229.5843  0.5318 
   00704    0.4600    -242.6543  0.5588 
   00705    0.3800    -234.0787  0.5920 
   00706    0.4700    -227.5660  0.5875 
   00707    0.4900    -243.2606  0.5248 
   00708    0.4800    -237.9522  0.4732 
   00709    0.5600    -237.8238  0.4522 
   00710    0.5500    -226.9334  0.4488 
   00711    0.4700    -231.4511  0.4986 
   00712    0.5900    -224.1262  0.5236 
   00713    0.5300    -233.9804  0.5404 
   00714    0.5000    -226.1984  0.5127 
   00715    0.3800    -263.1862  0.5509 
   00716    0.5100    -234.1400  0.5457 
   00717    0.3900    -232.7498  0.5649 
   00718    0.6400    -228.7793  0.5529 
   00719    0.5800    -231.6381  0.5815 
   00720    0.5600    -243.3775  0.6057 
   00721    0.5000    -251.8839  0.6189 
   00722    0.4400    -272.4288  0.6851 
   00723    0.3700    -273.8032  0.6974 
   00724    0.4200    -266.1531  0.7182 
   00725    0.4800    -289.9366  0.7312 
   00726    0.3300    -301.1217  0.7453 
   00727    0.3500    -288.0779  0.7387 
   00728    0.3600    -267.0825  0.7039 
   00729    0.5500    -240.9544  0.7007 
   00730    0.4200    -255.9069  0.7291 
   00731    0.5100    -238.7579  0.6297 
   00732    0.5100    -254.6947  0.6046 
   00733    0.4900    -264.8986  0.5999 
   00734    0.4000    -266.5279  0.5725 
   00735    0.5000    -265.0871  0.5912 
   00736    0.4500    -249.6957  0.5678 
   00737    0.4600    -266.5201  0.6491 
   00738    0.4100    -257.8974  0.6191 
   00739    0.5500    -260.3286  0.6006 
   00740    0.4300    -252.5810  0.6388 
   00741    0.4600    -259.8495  0.6219 
   00742    0.4100    -256.1772  0.6404 
   00743    0.5000    -232.9451  0.6019 
   00744    0.5200    -250.5446  0.5802 
   00745    0.4900    -263.8542  0.5557 
   00746    0.5100    -264.1037  0.5418 
   00747    0.4700    -256.8906  0.5876 
   00748    0.4900    -266.2851  0.6089 
   00749    0.5000    -236.5589  0.5717 
   00750    0.4000    -266.1842  0.6357 
   00751    0.4400    -257.5972  0.5771 
   00752    0.5200    -262.9095  0.5501 
   00753    0.3700    -254.6392  0.5332 
   00754    0.4100    -271.5933  0.5871 
   00755    0.3800    -239.2524  0.5352 
   00756    0.4300    -274.4618  0.5696 
   00757    0.5100    -251.1240  0.5373 
   00758    0.4800    -225.5314  0.5331 
   00759    0.5600    -237.9000  0.5165 
   00760    0.5200    -243.2461  0.5221 
   00761    0.5300    -252.6649  0.5438 
   00762    0.5300    -259.0283  0.6104 
   00763    0.4900    -256.1793  0.6230 
   00764    0.5200    -242.3902  0.6455 
   00765    0.4700    -221.8720  0.5828 
   00766    0.4900    -231.7744  0.6208 
   00767    0.5700    -227.3599  0.4993 
   00768    0.5200    -235.8745  0.4880 
   00769    0.4000    -252.3946  0.4572 
   00770    0.5100    -227.0826  0.4277 
   00771    0.5700    -225.5179  0.4866 
   00772    0.5200    -235.3933  0.5326 
   00773    0.5100    -262.5077  0.6414 
   00774    0.3700    -267.0506  0.6482 
   00775    0.4300    -267.8266  0.6622 
   00776    0.4400    -259.2050  0.6422 
   00777    0.5000    -251.1626  0.6311 
   00778    0.4600    -261.9080  0.6051 
   00779    0.3400    -259.0827  0.5986 
   00780    0.3900    -245.9675  0.5496 
   00781    0.4800    -228.3236  0.5740 
   00782    0.5300    -241.0732  0.5867 
   00783    0.3900    -238.1364  0.5557 
   00784    0.4700    -238.6865  0.4980 
   00785    0.5300    -228.1984  0.5016 
   00786    0.5100    -212.7831  0.5046 
   00787    0.5400    -214.4857  0.4969 
   00788    0.5500    -230.3571  0.5373 
   00789    0.5400    -234.8246  0.5454 
   00790    0.5500    -242.8659  0.5529 
   00791    0.5500    -250.2260  0.5504 
   00792    0.4400    -256.4830  0.4983 
   00793    0.3900    -254.7546  0.5005 
   00794    0.4200    -241.7790  0.4579 
   00795    0.4400    -229.0224  0.4799 
   00796    0.4800    -240.5809  0.4764 
   00797    0.4900    -241.3663  0.4553 
   00798    0.5000    -228.9817  0.4700 
   00799    0.4400    -230.5003  0.4521 
   00800    0.5000    -231.0273  0.4282 
   00801    0.5200    -221.4528  0.4472 
   00802    0.5300    -224.5622  0.4350 
   00803    0.5100    -208.6994  0.4080 
   00804    0.5000    -224.5521  0.4160 
   00805    0.4500    -220.6942  0.4019 
   00806    0.5800    -212.0942  0.4256 
   00807    0.4700    -222.8752  0.4320 
   00808    0.4700    -249.3711  0.4508 
   00809    0.4800    -238.1787  0.4409 
   00810    0.5100    -235.0223  0.4523 
   00811    0.5400    -222.3828  0.4384 
   00812    0.4600    -257.2163  0.4813 
   00813    0.3600    -253.1043  0.4677 
   00814    0.5200    -251.7357  0.4559 
   00815    0.4500    -232.6843  0.4200 
   00816    0.5200    -232.4741  0.4702 
   00817    0.5600    -217.8674  0.4243 
   00818    0.5200    -228.1680  0.3709 
   00819    0.5000    -245.7144  0.3441 
   00820    0.4600    -233.9457  0.3589 
   00821    0.5400    -230.6546  0.3380 
   00822    0.4500    -234.7860  0.3655 
   00823    0.4200    -243.3691  0.3635 
   00824    0.5300    -231.5502  0.3104 
   00825    0.4500    -236.3082  0.3848 
   00826    0.4600    -217.0966  0.3593 
   00827    0.5800    -198.5554  0.3182 
   00828    0.5000    -206.5466  0.3202 
   00829    0.4700    -210.4969  0.3567 
   00830    0.5700    -216.5873  0.3632 
   00831    0.5600    -227.9575  0.3466 
   00832    0.4800    -214.5776  0.3252 
   00833    0.3900    -219.9282  0.3353 
   00834    0.5900    -201.5353  0.3512 
   00835    0.5500    -204.9425  0.3763 
   00836    0.6100    -221.2986  0.3528 
   00837    0.5200    -219.8970  0.3183 
   00838    0.5000    -217.4926  0.3439 
   00839    0.4300    -239.5621  0.3646 
   00840    0.5300    -240.3190  0.3382 
   00841    0.4800    -231.9496  0.2958 
   00842    0.4600    -221.0380  0.3556 
   00843    0.4900    -235.1650  0.3934 
   00844    0.5400    -233.3364  0.4002 
   00845    0.5000    -231.4246  0.4035 
   00846    0.5300    -211.5832  0.3639 
   00847    0.4900    -199.5466  0.2925 
   00848    0.5100    -193.6707  0.3134 
   00849    0.5300    -216.7527  0.3231 
   00850    0.6500    -209.0782  0.3344 
   00851    0.5500    -206.4563  0.3800 
   00852    0.5200    -222.9836  0.4355 
   00853    0.5400    -228.4310  0.4377 
   00854    0.5400    -219.5570  0.4394 
   00855    0.5300    -221.4884  0.3891 
   00856    0.4700    -224.9399  0.4049 
   00857    0.4600    -230.2372  0.4420 
   00858    0.5200    -217.0080  0.4193 
   00859    0.4700    -213.4755  0.4244 
   00860    0.5900    -224.5459  0.3960 
   00861    0.4700    -208.8330  0.3617 
   00862    0.6600    -206.2459  0.2615 
   00863    0.5500    -199.7492  0.2763 
   00864    0.6500    -178.0460  0.3907 
   00865    0.5700    -194.6799  0.4347 
   00866    0.5500    -195.2533  0.4141 
   00867    0.5900    -203.6487  0.4013 
   00868    0.4800    -208.7829  0.4501 
   00869    0.5100    -220.0239  0.5453 
   00870    0.5700    -230.4598  0.6217 
   00871    0.5700    -241.1100  0.6314 
   00872    0.4900    -246.5173  0.6611 
   00873    0.4300    -239.3604  0.6509 
   00874    0.4800    -238.4698  0.6442 
   00875    0.5700    -226.5659  0.6821 
   00876    0.5500    -227.6094  0.6734 
   00877    0.4500    -240.6306  0.7204 
   00878    0.5000    -272.7931  0.7506 
   00879    0.3500    -281.9305  0.7596 
   00880    0.4700    -282.1397  0.7630 
   00881    0.3500    -290.8496  0.7846 
   00882    0.4100    -292.3276  0.7848 
   00883    0.5100    -263.3881  0.7176 
   00884    0.4100    -252.2691  0.6722 
   00885    0.5400    -262.4480  0.6905 
   00886    0.3900    -258.0801  0.6429 
   00887    0.4800    -253.4942  0.6503 
   00888    0.4700    -256.4289  0.6510 
   00889    0.5200    -247.4254  0.6389 
   00890    0.4800    -229.6696  0.5704 
   00891    0.3900    -226.6368  0.5151 
   00892    0.4400    -221.5059  0.5142 
   00893    0.5000    -222.7103  0.4814 
   00894    0.4300    -218.9774  0.4607 
   00895    0.5900    -218.8669  0.4851 
   00896    0.4900    -217.3339  0.4983 
   00897    0.5200    -225.7335  0.4956 
   00898    0.5000    -225.1637  0.5074 
   00899    0.5900    -240.6740  0.4905 
   00900    0.5900    -236.7355  0.5258 
   00901    0.4800    -246.7567  0.5763 
   00902    0.4400    -237.7730  0.5553 
   00903    0.4500    -247.8208  0.5396 
   00904    0.5000    -258.9954  0.5543 
   00905    0.4500    -268.5404  0.5407 
   00906    0.4600    -257.2419  0.5527 
   00907    0.4100    -264.1770  0.5740 
   00908    0.4500    -255.7143  0.5777 
   00909    0.4000    -247.9246  0.5624 
   00910    0.4500    -234.8062  0.5675 
   00911    0.4700    -223.0624  0.5429 
   00912    0.4600    -219.0932  0.5729 
   00913    0.3800    -235.6562  0.5354 
   00914    0.5800    -222.5711  0.5241 
   00915    0.4700    -226.9197  0.5106 
   00916    0.5500    -239.9011  0.5680 
   00917    0.5100    -228.9338  0.5641 
   00918    0.4300    -227.3553  0.5619 
   00919    0.5300    -246.2879  0.5670 
   00920    0.5900    -251.9421  0.6150 
   00921    0.4400    -255.8965  0.6359 
   00922    0.4400    -257.8197  0.6498 
   00923    0.4400    -256.5268  0.7014 
   00924    0.4400    -267.2567  0.7098 
   00925    0.4300    -274.7855  0.7105 
   00926    0.4000    -265.6652  0.7039 
   00927    0.3900    -259.5453  0.6938 
   00928    0.4600    -253.9750  0.6808 
   00929    0.4800    -264.3344  0.6212 
   00930    0.5300    -237.0052  0.6105 
   00931    0.5000    -229.4293  0.6350 
   00932    0.4300    -230.5078  0.5852 
   00933    0.5300    -206.6816  0.6031 
   00934    0.5800    -215.7178  0.5621 
   00935    0.5000    -219.3019  0.5200 
   00936    0.5400    -209.8977  0.5351 
   00937    0.5600    -219.8598  0.5746 
   00938    0.4200    -208.3796  0.5191 
   00939    0.5600    -234.1218  0.5679 
   00940    0.3900    -245.2005  0.6078 
   00941    0.5100    -254.2181  0.6756 
   00942    0.4600    -258.6205  0.6797 
   00943    0.4300    -274.8618  0.7089 
   00944    0.4000    -276.7976  0.7151 
   00945    0.4100    -273.7659  0.7215 
   00946    0.3900    -262.9540  0.6944 
   00947    0.4600    -233.0623  0.6321 
   00948    0.5400    -239.5573  0.6246 
   00949    0.3500    -242.4851  0.6028 
   00950    0.4600    -240.4089  0.6334 
   00951    0.5200    -257.9072  0.6173 
   00952    0.5100    -242.1927  0.6257 
   00953    0.5200    -251.1171  0.6173 
   00954    0.5400    -260.7017  0.6020 
   00955    0.3900    -259.0368  0.6051 
   00956    0.5200    -238.8875  0.5327 
   00957    0.4700    -245.1388  0.5583 
   00958    0.4500    -249.2143  0.5427 
   00959    0.4800    -246.6370  0.5696 
   00960    0.4700    -241.8955  0.5665 
   00961    0.4900    -247.3173  0.5404 
   00962    0.4700    -261.0904  0.5487 
   00963    0.4500    -235.8580  0.4721 
   00964    0.5000    -242.2381  0.5069 
   00965    0.4700    -241.5068  0.4901 
   00966    0.4500    -241.4107  0.4537 
   00967    0.4800    -246.0141  0.5007 
   00968    0.5300    -240.8648  0.5172 
   00969    0.4100    -243.1795  0.4900 
   00970    0.5300    -255.7936  0.5028 
   00971    0.4900    -248.8645  0.5068 
   00972    0.3800    -250.0164  0.5085 
   00973    0.4200    -242.9990  0.5063 
   00974    0.4100    -245.5656  0.5477 
   00975    0.5400    -252.5253  0.5742 
   00976    0.4700    -251.1089  0.5110 
   00977    0.4200    -252.0636  0.5264 
   00978    0.4800    -250.4414  0.5614 
   00979    0.4200    -241.9069  0.5676 
   00980    0.4400    -233.1380  0.5405 
   00981    0.4700    -249.6245  0.5933 
   00982    0.5200    -249.8463  0.6186 
   00983    0.4900    -239.6675  0.5858 
   00984    0.5500    -235.8069  0.5805 
   00985    0.4300    -251.1153  0.6111 
   00986    0.5400    -239.9466  0.5814 
   00987    0.5200    -246.1703  0.5747 
   00988    0.5100    -231.4902  0.5184 
   00989    0.5800    -216.5055  0.5237 
   00990    0.4600    -234.8156  0.5227 
   00991    0.4900    -235.6889  0.5614 
   00992    0.5300    -245.0299  0.6046 
   00993    0.4100    -245.2171  0.6358 
   00994    0.4700    -236.3380  0.5923 
   00995    0.5500    -221.5624  0.5417 
   00996    0.4500    -248.0505  0.5687 
   00997    0.4800    -216.3474  0.5136 
   00998    0.4500    -220.8862  0.4929 
   00999    0.5000    -214.9378  0.5078 
   01000    0.5300    -209.6639  0.5366 
