#=====================================================
# File created:        Fri-08-Mar-2024-at-05-07-37PM
# Size of lattice:     10x10
# Number of MC steps:  1000
# Reduced temperature: 1.000
# Run time (s):        12.683356
#=====================================================
# MC step:  Ratio:     Energy:   Order:
#=====================================================
   00000    0.5000    -103.7735  0.3275 
   00001    0.6600    -160.5945  0.2682 
   00002    0.5800    -190.1546  0.2844 
   00003    0.5500    -216.4152  0.2698 
   00004    0.4200    -222.5091  0.2943 
   00005    0.4700    -220.5730  0.2875 
   00006    0.5400    -219.4597  0.3283 
   00007    0.5600    -210.8918  0.3393 
   00008    0.5200    -218.7966  0.3465 
   00009    0.5100    -232.3365  0.3735 
   00010    0.5700    -213.1797  0.3759 
   00011    0.5000    -224.1080  0.3991 
   00012    0.5900    -203.6842  0.3274 
   00013    0.5900    -206.5012  0.3712 
   00014    0.5000    -218.2854  0.4150 
   00015    0.5000    -197.5632  0.4437 
   00016    0.5700    -200.8839  0.3880 
   00017    0.5200    -201.5297  0.4102 
   00018    0.5400    -206.1651  0.4566 
   00019    0.6400    -193.1333  0.4567 
   00020    0.5500    -208.7101  0.4809 
   00021    0.4800    -201.6927  0.4566 
   00022    0.6100    -194.1190  0.4518 
   00023    0.4700    -218.7318  0.4377 
   00024    0.5700    -193.6902  0.4602 
   00025    0.5700    -214.4777  0.5386 
   00026    0.5200    -228.8293  0.5133 
   00027    0.5100    -234.6519  0.5463 
   00028    0.3900    -238.1654  0.5629 
   00029    0.3500    -254.1670  0.6141 
   00030    0.3900    -261.3281  0.5982 
   00031    0.3700    -251.2728  0.5793 
   00032    0.4800    -249.7665  0.6110 
   00033    0.4100    -259.7067  0.6469 
   00034    0.5100    -248.9921  0.6301 
   00035    0.4700    -260.0443  0.6558 
   00036    0.4300    -266.3337  0.6644 
   00037    0.4400    -262.7548  0.6243 
   00038    0.4400    -268.6155  0.6803 
   00039    0.4800    -265.4109  0.6836 
   00040    0.3900    -243.2694  0.6184 
   00041    0.4300    -220.0707  0.5260 
   00042    0.4800    -231.5370  0.5513 
   00043    0.6000    -228.8357  0.5093 
   00044    0.5300    -222.7079  0.5555 
   00045    0.5400    -244.6075  0.5630 
   00046    0.4700    -256.8686  0.6080 
   00047    0.5200    -229.2309  0.5611 
   00048    0.4100    -224.4856  0.5767 
   00049    0.5000    -239.8391  0.6239 
   00050    0.4900    -260.9772  0.6531 
   00051    0.5500    -246.0049  0.6580 
   00052    0.4800    -234.7205  0.6312 
   00053    0.5300    -246.7062  0.6259 
   00054    0.4700    -237.3949  0.6221 
   00055    0.4500    -250.4544  0.6146 
   00056    0.4500    -240.4173  0.6336 
   00057    0.4300    -247.6854  0.6690 
   00058    0.5500    -218.1579  0.5960 
   00059    0.6100    -228.3758  0.5978 
   00060    0.5700    -229.8275  0.5212 
   00061    0.4100    -228.3518  0.5396 
   00062    0.5400    -243.9585  0.5564 
   00063    0.4000    -237.8895  0.5320 
   00064    0.4300    -236.9139  0.5862 
   00065    0.3300    -234.7012  0.5804 
   00066    0.5000    -228.9215  0.5332 
   00067    0.5200    -232.8767  0.5598 
   00068    0.5600    -228.5015  0.5307 
   00069    0.5000    -221.6993  0.4997 
   00070    0.5400    -227.7487  0.5668 
   00071    0.5300    -226.9520  0.5432 
   00072    0.5600    -207.9433  0.4781 
   00073    0.4400    -224.7821  0.4821 
   00074    0.5000    -232.4983  0.4651 
   00075    0.5400    -255.0845  0.4678 
   00076    0.4900    -250.3879  0.4829 
   00077    0.4800    -240.4493  0.4668 
   00078    0.5300    -255.6365  0.4359 
   00079    0.3800    -267.2047  0.4585 
   00080    0.4500    -253.3649  0.4244 
   00081    0.4600    -244.6568  0.4443 
   00082    0.4600    -234.7618  0.4100 
   00083    0.4700    -229.4436  0.3593 
   00084    0.4600    -234.6667  0.3307 
   00085    0.5200    -235.5207  0.3737 
   00086    0.4900    -228.8645  0.4079 
   00087    0.4500    -249.4549  0.4689 
   00088    0.3700    -250.9485  0.4610 
   00089    0.4800    -237.5016  0.5087 
   00090    0.4500    -257.3594  0.5533 
   00091    0.4900    -256.9309  0.5513 
   00092    0.5200    -260.9207  0.5482 
   00093    0.4400    -257.7157  0.5800 
   00094    0.4400    -258.2246  0.5548 
   00095    0.4400    -274.1996  0.5875 
   00096    0.4300    -262.0456  0.5811 
   00097    0.3600    -260.9874  0.5838 
   00098    0.4900    -263.0999  0.6336 
   00099    0.4500    -241.2120  0.6185 
   00100    0.5100    -262.5201  0.6055 
   00101    0.4100    -274.3344  0.6357 
   00102    0.4400    -255.0729  0.6309 
   00103    0.4300    -273.7740  0.6344 
   00104    0.5100    -270.8278  0.5843 
   00105    0.3800    -272.8899  0.6298 
   00106    0.4400    -242.9637  0.5974 
   00107    0.4500    -215.1380  0.5682 
   00108    0.5300    -226.0922  0.5612 
   00109    0.4800    -239.7102  0.6426 
   00110    0.5200    -234.5392  0.6417 
   00111    0.4000    -266.5267  0.6761 
   00112    0.4200    -269.3473  0.6888 
   00113    0.4500    -272.4488  0.6955 
   00114    0.4100    -288.6524  0.7309 
   00115    0.4000    -286.1250  0.7541 
   00116    0.4900    -296.2502  0.7823 
   00117    0.2800    -295.8864  0.7745 
   00118    0.4300    -289.5630  0.7421 
   00119    0.4400    -275.8241  0.7453 
   00120    0.3700    -262.1784  0.7378 
   00121    0.4600    -264.6849  0.7087 
   00122    0.4500    -245.2271  0.6620 
   00123    0.4500    -251.7424  0.6701 
   00124    0.3700    -243.2246  0.6577 
   00125    0.4600    -251.4946  0.6591 
   00126    0.4700    -266.7023  0.6999 
   00127    0.3900    -271.3491  0.7129 
   00128    0.5900    -246.9092  0.6490 
   00129    0.5600    -251.6962  0.6566 
   00130    0.4900    -231.0274  0.6320 
   00131    0.5500    -226.0658  0.5782 
   00132    0.4500    -245.4915  0.5671 
   00133    0.5000    -252.7389  0.5681 
   00134    0.5500    -256.0074  0.5361 
   00135    0.3600    -262.7210  0.5683 
   00136    0.2700    -254.6523  0.5759 
   00137    0.4500    -249.4768  0.5797 
   00138    0.4700    -249.6028  0.6115 
   00139    0.4600    -257.9413  0.6286 
   00140    0.3600    -266.1491  0.6372 
   00141    0.4300    -257.1633  0.6223 
   00142    0.4300    -256.9230  0.6226 
   00143    0.4100    -237.4053  0.6078 
   00144    0.4800    -250.7848  0.5755 
   00145    0.4600    -261.1137  0.5930 
   00146    0.4700    -276.8169  0.6001 
   00147    0.4300    -280.0720  0.6545 
   00148    0.3700    -265.4669  0.6558 
   00149    0.4900    -260.5756  0.6315 
   00150    0.4100    -271.1214  0.5807 
   00151    0.4300    -263.0316  0.5809 
   00152    0.4300    -245.9388  0.5649 
   00153    0.5400    -239.5241  0.5388 
   00154    0.5200    -248.6263  0.5881 
   00155    0.5500    -246.2047  0.6456 
   00156    0.4700    -240.4353  0.5922 
   00157    0.3700    -251.4520  0.6061 
   00158    0.3000    -237.5633  0.5891 
   00159    0.4800    -271.0888  0.5720 
   00160    0.4600    -267.9247  0.5416 
   00161    0.3400    -263.7757  0.5207 
   00162    0.5100    -262.6660  0.4973 
   00163    0.5300    -258.3266  0.5325 
   00164    0.4600    -260.4588  0.5301 
   00165    0.3200    -265.2146  0.5609 
   00166    0.5800    -260.1070  0.5891 
   00167    0.4100    -265.0821  0.5789 
   00168    0.4000    -255.7975  0.5938 
   00169    0.5700    -245.5854  0.6043 
   00170    0.4500    -246.4741  0.6356 
   00171    0.4100    -259.9903  0.6588 
   00172    0.4300    -268.5335  0.6622 
   00173    0.3900    -276.7690  0.6779 
   00174    0.4400    -269.7491  0.6626 
   00175    0.4200    -261.8938  0.6530 
   00176    0.5100    -247.4104  0.6186 
   00177    0.5500    -262.0606  0.6229 
   00178    0.5300    -261.1255  0.5882 
   00179    0.5800    -240.8867  0.5644 
   00180    0.5000    -244.7219  0.5502 
   00181    0.5600    -245.6421  0.5679 
   00182    0.5200    -250.4976  0.5725 
   00183    0.4300    -252.2728  0.5462 
   00184    0.5200    -245.7115  0.5937 
   00185    0.4400    -232.4765  0.5557 
   00186    0.5300    -227.7855  0.5491 
   00187    0.4000    -249.8413  0.5574 
   00188    0.5400    -239.8959  0.5176 
   00189    0.5200    -219.2712  0.5047 
   00190    0.5400    -208.3332  0.5064 
   00191    0.5400    -209.6407  0.4967 
   00192    0.5000    -217.6739  0.5362 
   00193    0.4700    -227.6730  0.5879 
   00194    0.4500    -220.7027  0.5662 
   00195    0.4500    -231.0710  0.5362 
   00196    0.4000    -244.6067  0.5250 
   00197    0.4500    -247.2488  0.5469 
   00198    0.5400    -236.5379  0.5977 
   00199    0.5600    -256.0887  0.6566 
   00200    0.4800    -253.0021  0.6895 
   00201    0.5000    -257.5405  0.7118 
   00202    0.5500    -264.0338  0.7498 
   00203    0.4900    -232.1986  0.6470 
   00204    0.5700    -228.2525  0.6507 
   00205    0.4800    -225.9174  0.6624 
   00206    0.4500    -226.1848  0.6297 
   00207    0.5400    -248.8825  0.6419 
   00208    0.5300    -230.9126  0.6060 
   00209    0.4400    -221.2405  0.5920 
   00210    0.5300    -230.4620  0.5781 
   00211    0.5200    -244.5015  0.5993 
   00212    0.4400    -250.2809  0.5666 
   00213    0.5000    -251.9043  0.5207 
   00214    0.4800    -248.9979  0.4760 
   00215    0.4500    -240.2984  0.4511 
   00216    0.4800    -249.8527  0.4423 
   00217    0.4500    -258.8119  0.4468 
   00218    0.3700    -264.7037  0.3940 
   00219    0.4800    -258.5268  0.4335 
   00220    0.4900    -255.3840  0.4703 
   00221    0.3300    -250.6824  0.4920 
   00222    0.4100    -251.4772  0.5496 
   00223    0.4800    -249.7662  0.5439 
   00224    0.4200    -227.4188  0.4890 
   00225    0.5200    -227.1485  0.4140 
   00226    0.5300    -217.6774  0.4334 
   00227    0.5300    -214.5279  0.3733 
   00228    0.4800    -205.3969  0.4222 
   00229    0.5800    -211.3253  0.3460 
   00230    0.5100    -216.2561  0.3747 
   00231    0.5300    -226.8925  0.3565 
   00232    0.5100    -217.6994  0.3756 
   00233    0.5500    -218.5312  0.3490 
   00234    0.5400    -207.8079  0.3477 
   00235    0.5700    -206.4986  0.3779 
   00236    0.4300    -221.5272  0.4406 
   00237    0.5100    -224.8314  0.5300 
   00238    0.5400    -231.0961  0.5191 
   00239    0.5400    -238.2518  0.5135 
   00240    0.5100    -226.8332  0.4557 
   00241    0.5000    -227.5573  0.4385 
   00242    0.4900    -228.5618  0.4789 
   00243    0.4700    -239.0727  0.4702 
   00244    0.4900    -224.7708  0.4588 
   00245    0.5600    -218.8939  0.4892 
   00246    0.5100    -232.6130  0.4651 
   00247    0.4700    -227.7598  0.4781 
   00248    0.4500    -241.4138  0.4932 
   00249    0.4000    -222.2331  0.4738 
   00250    0.4600    -236.8474  0.4903 
   00251    0.4600    -263.4999  0.5522 
   00252    0.5500    -244.4818  0.4771 
   00253    0.4500    -236.8702  0.5178 
   00254    0.5400    -243.6918  0.5197 
   00255    0.5000    -247.5073  0.5821 
   00256    0.5100    -257.8692  0.5308 
   00257    0.4600    -251.0361  0.5174 
   00258    0.5700    -217.0719  0.5261 
   00259    0.4500    -220.8095  0.5440 
   00260    0.4100    -211.4437  0.5546 
   00261    0.6000    -231.5777  0.5391 
   00262    0.4100    -224.9658  0.5481 
   00263    0.4500    -222.4993  0.5483 
   00264    0.4600    -226.3667  0.5146 
   00265    0.4700    -242.5054  0.5207 
   00266    0.4400    -235.3360  0.5178 
   00267    0.5100    -234.7664  0.5244 
   00268    0.4900    -241.7834  0.5408 
   00269    0.4700    -238.2421  0.5557 
   00270    0.4900    -235.5122  0.5328 
   00271    0.4900    -232.5643  0.5570 
   00272    0.4800    -235.8966  0.5034 
   00273    0.4200    -239.3090  0.5237 
   00274    0.4400    -231.1541  0.4882 
   00275    0.4500    -230.6646  0.4420 
   00276    0.5300    -236.5587  0.3991 
   00277    0.5100    -229.4492  0.3953 
   00278    0.5000    -226.6700  0.4112 
   00279    0.5300    -224.7351  0.3688 
   00280    0.4800    -228.0484  0.3788 
   00281    0.5100    -216.7317  0.3246 
   00282    0.5400    -228.5525  0.3505 
   00283    0.6200    -218.1683  0.2932 
   00284    0.4600    -217.8610  0.2985 
   00285    0.5200    -223.3183  0.3184 
   00286    0.4900    -228.0150  0.3127 
   00287    0.4800    -220.5551  0.3578 
   00288    0.5200    -222.0637  0.3488 
   00289    0.4400    -234.7048  0.3506 
   00290    0.4100    -233.1243  0.2785 
   00291    0.5300    -213.3424  0.2687 
   00292    0.4900    -211.8799  0.3301 
   00293    0.5300    -207.8917  0.3386 
   00294    0.4000    -217.1153  0.4006 
   00295    0.4500    -232.9871  0.3334 
   00296    0.5500    -221.7881  0.3208 
   00297    0.5400    -202.4086  0.3062 
   00298    0.5300    -207.1311  0.3038 
   00299    0.4500    -206.6692  0.3180 
   00300    0.5700    -226.2262  0.3942 
   00301    0.4700    -220.6519  0.3692 
   00302    0.5500    -232.0592  0.4638 
   00303    0.5300    -231.2079  0.4739 
   00304    0.5100    -243.8998  0.5345 
   00305    0.4600    -246.5752  0.5113 
   00306    0.6100    -257.9458  0.5315 
   00307    0.4200    -251.7002  0.5417 
   00308    0.5200    -232.5990  0.5071 
   00309    0.5400    -216.9011  0.4961 
   00310    0.5400    -215.9445  0.5398 
   00311    0.6400    -211.0161  0.4631 
   00312    0.5200    -220.0356  0.4287 
   00313    0.5200    -224.5215  0.4485 
   00314    0.5700    -227.5554  0.4517 
   00315    0.5400    -223.6431  0.4093 
   00316    0.4800    -233.5960  0.4421 
   00317    0.4700    -232.1820  0.4593 
   00318    0.5200    -239.3104  0.4766 
   00319    0.3600    -245.1521  0.5286 
   00320    0.5600    -231.3468  0.4766 
   00321    0.5200    -252.0562  0.4462 
   00322    0.4000    -260.4480  0.4986 
   00323    0.5000    -258.5427  0.4863 
   00324    0.4500    -261.7219  0.5056 
   00325    0.4600    -246.4201  0.5157 
   00326    0.4700    -234.8298  0.5277 
   00327    0.5000    -252.8900  0.6030 
   00328    0.3800    -259.3420  0.6232 
   00329    0.4900    -246.8970  0.6019 
   00330    0.6000    -254.2143  0.6052 
   00331    0.5200    -248.9901  0.5559 
   00332    0.4700    -243.4423  0.6372 
   00333    0.4200    -247.3477  0.6461 
   00334    0.3500    -242.8698  0.6480 
   00335    0.4600    -237.3649  0.6289 
   00336    0.4600    -263.1605  0.6113 
   00337    0.4500    -246.2657  0.6069 
   00338    0.4900    -249.4134  0.6068 
   00339    0.4600    -247.5053  0.5854 
   00340    0.4500    -222.3312  0.5388 
   00341    0.5800    -240.5881  0.5618 
   00342    0.4300    -245.6893  0.5633 
   00343    0.4100    -259.7215  0.5852 
   00344    0.4700    -266.6313  0.5952 
   00345    0.4800    -244.7933  0.5810 
   00346    0.5400    -243.4606  0.6458 
   00347    0.3900    -257.9590  0.6771 
   00348    0.4700    -258.3379  0.6845 
   00349    0.4700    -280.7709  0.7272 
   00350    0.4700    -277.0046  0.7428 
   00351    0.3000    -275.6453  0.7423 
   00352    0.4700    -268.8813  0.6997 
   00353    0.4000    -250.2916  0.6517 
   00354    0.5600    -249.9837  0.6979 
   00355    0.4400    -278.1194  0.7267 
   00356    0.5500    -251.7528  0.6692 
   00357    0.4700    -249.6838  0.6310 
   00358    0.4000    -244.2896  0.5706 
   00359    0.4500    -248.2312  0.6109 
   00360    0.5100    -258.2991  0.6800 
   00361    0.3600    -251.5454  0.6842 
   00362    0.4400    -230.4265  0.6473 
   00363    0.5100    -228.4026  0.6274 
   00364    0.4900    -227.5516  0.6163 
   00365    0.4500    -232.1577  0.6217 
   00366    0.4600    -239.0341  0.6066 
   00367    0.4700    -221.9749  0.5349 
   00368    0.5900    -219.9066  0.5588 
   00369    0.5300    -207.4517  0.5156 
   00370    0.5400    -205.3688  0.5476 
   00371    0.5300    -214.1562  0.5279 
   00372    0.5400    -215.4350  0.4989 
   00373    0.5300    -209.3276  0.5502 
   00374    0.4900    -228.6253  0.5722 
   00375    0.4600    -229.3791  0.5918 
   00376    0.3800    -231.1398  0.5955 
   00377    0.4800    -238.4852  0.5709 
   00378    0.4600    -247.0443  0.4887 
   00379    0.4500    -247.8623  0.5407 
   00380    0.5900    -229.6346  0.5439 
   00381    0.5000    -242.3699  0.5851 
   00382    0.5400    -258.8606  0.6649 
   00383    0.4700    -251.7289  0.6706 
   00384    0.4700    -276.0049  0.7331 
   00385    0.3400    -282.3525  0.7234 
   00386    0.3700    -283.2024  0.7409 
   00387    0.4300    -287.8385  0.7310 
   00388    0.3400    -276.9839  0.7065 
   00389    0.3900    -279.8071  0.7016 
   00390    0.3700    -280.8553  0.7023 
   00391    0.4000    -278.8915  0.7169 
   00392    0.4100    -277.5905  0.6909 
   00393    0.3800    -288.5718  0.7040 
   00394    0.4500    -284.9338  0.6963 
   00395    0.3800    -271.5445  0.6765 
   00396    0.4600    -276.3503  0.7073 
   00397    0.4000    -268.1353  0.6680 
   00398    0.3200    -264.2499  0.6890 
   00399    0.4700    -238.9433  0.6638 
   00400    0.4300    -251.7803  0.6855 
   00401    0.4000    -265.0101  0.7300 
   00402    0.4600    -268.2173  0.7476 
   00403    0.4200    -275.5107  0.7353 
   00404    0.3800    -274.3454  0.7259 
   00405    0.3600    -272.0925  0.7069 
   00406    0.4000    -273.7858  0.7264 
   00407    0.3700    -260.1267  0.7085 
   00408    0.4500    -270.2573  0.7123 
   00409    0.3800    -282.5111  0.7406 
   00410    0.3300    -283.1586  0.7463 
   00411    0.4400    -282.0309  0.7070 
   00412    0.4800    -263.5301  0.7033 
   00413    0.5200    -259.4224  0.7042 
   00414    0.4000    -250.0801  0.7031 
   00415    0.4600    -254.3394  0.7320 
   00416    0.4200    -250.8580  0.7550 
   00417    0.4400    -262.0712  0.7667 
   00418    0.4500    -268.0460  0.7585 
   00419    0.4600    -289.1037  0.7984 
   00420    0.4300    -284.3229  0.7868 
   00421    0.4700    -293.4002  0.7667 
   00422    0.4000    -258.8027  0.6946 
   00423    0.4900    -262.1395  0.6879 
   00424    0.4100    -281.7338  0.7277 
   00425    0.4700    -274.4380  0.7619 
   00426    0.4400    -259.7400  0.6908 
   00427    0.4500    -259.6177  0.6717 
   00428    0.3800    -242.9642  0.6300 
   00429    0.5600    -224.5512  0.6367 
   00430    0.5800    -220.6482  0.6077 
   00431    0.4700    -236.2165  0.5939 
   00432    0.5400    -196.8053  0.5447 
   00433    0.5400    -225.7336  0.4916 
   00434    0.5600    -240.1963  0.4987 
   00435    0.4700    -237.2746  0.5283 
   00436    0.4600    -234.5103  0.5492 
   00437    0.5800    -242.2446  0.5494 
   00438    0.4900    -240.2418  0.5300 
   00439    0.5600    -216.2116  0.4973 
   00440    0.5200    -236.0706  0.4842 
   00441    0.4400    -241.4100  0.5316 
   00442    0.4900    -244.5690  0.5698 
   00443    0.5200    -251.2287  0.6101 
   00444    0.5300    -241.1712  0.6055 
   00445    0.5400    -229.2101  0.5890 
   00446    0.4900    -229.0225  0.5576 
   00447    0.5000    -228.2540  0.5223 
   00448    0.5300    -208.8598  0.5202 
   00449    0.4400    -224.2292  0.5493 
   00450    0.4600    -213.6802  0.5942 
   00451    0.4800    -242.2210  0.6096 
   00452    0.5000    -211.4053  0.5660 
   00453    0.5500    -219.8793  0.5453 
   00454    0.4800    -212.4973  0.5615 
   00455    0.4100    -212.3816  0.5032 
   00456    0.5600    -240.0927  0.5573 
   00457    0.5000    -235.6152  0.5497 
   00458    0.4700    -241.9976  0.5688 
   00459    0.4900    -237.4998  0.5743 
   00460    0.5100    -226.9928  0.5278 
   00461    0.5700    -212.2267  0.4593 
   00462    0.6100    -213.1229  0.4463 
   00463    0.5000    -220.6730  0.4778 
   00464    0.5200    -228.3099  0.5067 
   00465    0.5000    -245.4718  0.5182 
   00466    0.5300    -227.9745  0.4922 
   00467    0.5000    -230.4404  0.4295 
   00468    0.4600    -231.1136  0.4362 
   00469    0.5200    -224.7598  0.5156 
   00470    0.5000    -236.4707  0.4771 
   00471    0.5100    -232.4356  0.4830 
   00472    0.5100    -239.5055  0.4938 
   00473    0.5400    -216.3518  0.4619 
   00474    0.4800    -244.9644  0.5378 
   00475    0.5400    -231.4243  0.5352 
   00476    0.4500    -245.0427  0.5373 
   00477    0.5500    -240.6005  0.5336 
   00478    0.4500    -236.6254  0.5316 
   00479    0.5300    -228.8827  0.4766 
   00480    0.5400    -228.6634  0.4470 
   00481    0.5100    -207.9218  0.4411 
   00482    0.5200    -178.2193  0.4576 
   00483    0.5500    -172.6643  0.4687 
   00484    0.5500    -197.6221  0.4192 
   00485    0.6100    -191.6761  0.3558 
   00486    0.6800    -188.6573  0.3538 
   00487    0.5000    -193.3321  0.3084 
   00488    0.6000    -193.9124  0.4254 
   00489    0.5600    -200.0194  0.3821 
   00490    0.5400    -209.8359  0.4061 
   00491    0.5600    -227.9766  0.4305 
   00492    0.5200    -236.4492  0.4435 
   00493    0.4900    -243.2378  0.4564 
   00494    0.5100    -236.3987  0.4767 
   00495    0.4700    -239.5319  0.4583 
   00496    0.4500    -237.9785  0.4729 
   00497    0.5300    -222.2624  0.4448 
   00498    0.6400    -216.1672  0.3558 
   00499    0.4900    -226.0670  0.3990 
   00500    0.4700    -231.0798  0.4007 
   00501    0.5200    -225.7723  0.3738 
   00502    0.5500    -215.9494  0.3553 
   00503    0.5300    -227.8851  0.4174 
   00504    0.4800    -237.3517  0.4443 
   00505    0.3200    -235.0493  0.4830 
   00506    0.5400    -229.4236  0.5068 
   00507    0.4500    -225.0538  0.5128 
   00508    0.4600    -222.4890  0.5008 
   00509    0.5700    -209.2967  0.4837 
   00510    0.5200    -214.4782  0.5302 
   00511    0.5400    -190.6102  0.5491 
   00512    0.5300    -219.3428  0.5298 
   00513    0.5600    -211.7383  0.5158 
   00514    0.6400    -218.5317  0.4738 
   00515    0.5400    -225.3069  0.4626 
   00516    0.3900    -222.7771  0.4403 
   00517    0.5800    -231.0053  0.4489 
   00518    0.5000    -236.6293  0.4935 
   00519    0.6100    -249.9078  0.4309 
   00520    0.4700    -252.7327  0.4389 
   00521    0.5300    -233.1575  0.4629 
   00522    0.4300    -237.7875  0.4539 
   00523    0.5000    -231.0443  0.4447 
   00524    0.5400    -242.8351  0.4806 
   00525    0.5600    -215.9473  0.5180 
   00526    0.4500    -249.7214  0.5039 
   00527    0.4900    -244.6143  0.4903 
   00528    0.4800    -254.5056  0.4935 
   00529    0.5000    -232.7394  0.5635 
   00530    0.5100    -244.4847  0.5871 
   00531    0.4800    -223.0558  0.5263 
   00532    0.3900    -208.9711  0.4839 
   00533    0.5600    -205.4157  0.4543 
   00534    0.4600    -213.7437  0.4804 
   00535    0.6100    -219.7631  0.4562 
   00536    0.5000    -227.5964  0.4945 
   00537    0.4700    -244.2792  0.5368 
   00538    0.5600    -251.7255  0.5427 
   00539    0.4400    -245.7296  0.5594 
   00540    0.5100    -230.5893  0.5221 
   00541    0.4800    -239.1675  0.4235 
   00542    0.4400    -232.1482  0.4378 
   00543    0.4700    -234.0698  0.4316 
   00544    0.4600    -226.9708  0.4109 
   00545    0.4800    -221.2787  0.4619 
   00546    0.5100    -226.7353  0.4370 
   00547    0.5800    -229.3679  0.4486 
   00548    0.5000    -235.9978  0.4712 
   00549    0.5200    -225.9329  0.4330 
   00550    0.5400    -222.7501  0.5396 
   00551    0.4500    -200.7047  0.5161 
   00552    0.5400    -198.3088  0.5192 
   00553    0.6000    -223.9408  0.5353 
   00554    0.4300    -219.3553  0.5435 
   00555    0.4200    -219.7283  0.5597 
   00556    0.5000    -214.2179  0.5635 
   00557    0.5000    -212.1160  0.5338 
   00558    0.4900    -223.7272  0.4713 
   00559    0.5200    -216.8034  0.4084 
   00560    0.4700    -220.5301  0.3520 
   00561    0.4700    -203.4536  0.3379 
   00562    0.5100    -210.3310  0.3547 
   00563    0.5500    -218.8530  0.3365 
   00564    0.5100    -203.2351  0.3067 
   00565    0.4900    -197.8466  0.3558 
   00566    0.4900    -203.1687  0.3326 
   00567    0.5000    -204.1067  0.3535 
   00568    0.5500    -197.9083  0.3489 
   00569    0.5600    -203.4846  0.3322 
   00570    0.6100    -193.2987  0.3982 
   00571    0.5500    -207.7053  0.4139 
   00572    0.5200    -220.5109  0.4265 
   00573    0.5600    -236.0368  0.4074 
   00574    0.5300    -228.2377  0.2986 
   00575    0.4100    -230.6752  0.3171 
   00576    0.5600    -236.1113  0.3184 
   00577    0.4200    -236.2486  0.3361 
   00578    0.4800    -237.2493  0.3099 
   00579    0.5500    -218.4516  0.3071 
   00580    0.5100    -228.6061  0.2948 
   00581    0.5200    -221.3845  0.2999 
   00582    0.4900    -218.7138  0.2905 
   00583    0.5200    -232.9301  0.2601 
   00584    0.5100    -229.1971  0.2620 
   00585    0.5100    -210.5948  0.3173 
   00586    0.5000    -228.8761  0.3039 
   00587    0.5400    -216.1011  0.2767 
   00588    0.5200    -233.7191  0.2749 
   00589    0.5600    -218.7742  0.3176 
   00590    0.5600    -231.7504  0.3620 
   00591    0.4100    -199.6719  0.4116 
   00592    0.5800    -207.0318  0.4594 
   00593    0.5300    -219.8167  0.4707 
   00594    0.4900    -233.9142  0.4412 
   00595    0.5400    -210.9902  0.3823 
   00596    0.5900    -214.3235  0.3501 
   00597    0.7000    -222.3551  0.4256 
   00598    0.5600    -231.4546  0.4353 
   00599    0.4800    -214.6730  0.4189 
   00600    0.4900    -206.6227  0.3999 
   00601    0.4700    -208.2720  0.4167 
   00602    0.4000    -244.7703  0.3898 
   00603    0.4400    -249.3515  0.3570 
   00604    0.4700    -207.9046  0.3803 
   00605    0.5600    -218.8044  0.3325 
   00606    0.5400    -208.8475  0.3486 
   00607    0.6400    -204.4455  0.2930 
   00608    0.5500    -215.7509  0.3787 
   00609    0.5000    -215.4726  0.3526 
   00610    0.5900    -214.2092  0.3789 
   00611    0.5300    -234.5748  0.3011 
   00612    0.5500    -234.7998  0.2905 
   00613    0.4600    -228.3478  0.2874 
   00614    0.5800    -220.5647  0.2835 
   00615    0.5300    -219.0455  0.2749 
   00616    0.5600    -217.4011  0.3096 
   00617    0.5200    -212.0042  0.2969 
   00618    0.6100    -202.4420  0.3399 
   00619    0.5900    -206.9826  0.3547 
   00620    0.4600    -222.6913  0.3177 
   00621    0.6200    -228.8438  0.3491 
   00622    0.5000    -213.8365  0.2701 
   00623    0.5500    -190.6704  0.3027 
   00624    0.5900    -198.0881  0.3296 
   00625    0.5800    -193.7231  0.2977 
   00626    0.5600    -198.4164  0.2943 
   00627    0.5700    -197.4748  0.3416 
   00628    0.5800    -204.8815  0.3217 
   00629    0.6100    -196.9016  0.3875 
   00630    0.5400    -207.2660  0.3612 
   00631    0.5000    -215.9886  0.3411 
   00632    0.4900    -228.6063  0.3880 
   00633    0.5100    -240.6739  0.3984 
   00634    0.4000    -244.9740  0.4034 
   00635    0.4600    -252.7517  0.3897 
   00636    0.5500    -223.1269  0.4494 
   00637    0.5000    -226.6942  0.4388 
   00638    0.5300    -223.9086  0.4851 
   00639    0.3900    -219.5554  0.4536 
   00640    0.5200    -225.3997  0.4540 
   00641    0.4600    -229.7813  0.4935 
   00642    0.5500    -229.5371  0.4627 
   00643    0.5200    -244.6766  0.5498 
   00644    0.4300    -255.7547  0.5535 
   00645    0.4500    -250.4862  0.5526 
   00646    0.5400    -230.2345  0.5667 
   00647    0.4700    -249.3854  0.6061 
   00648    0.4800    -266.4481  0.7072 
   00649    0.4600    -239.9635  0.6698 
   00650    0.4600    -260.5059  0.6580 
   00651    0.4300    -261.5275  0.6764 
   00652    0.4400    -253.1029  0.6561 
   00653    0.5100    -228.1022  0.6616 
   00654    0.4600    -242.5555  0.6435 
   00655    0.4900    -271.2968  0.6283 
   00656    0.4300    -239.6386  0.5830 
   00657    0.4100    -253.6770  0.5722 
   00658    0.5100    -250.6559  0.5589 
   00659    0.4600    -256.6484  0.5362 
   00660    0.4200    -261.4434  0.5202 
   00661    0.5100    -255.5448  0.5077 
   00662    0.4500    -251.1145  0.5285 
   00663    0.4000    -220.8439  0.5215 
   00664    0.5100    -213.7883  0.5380 
   00665    0.5000    -228.9340  0.4908 
   00666    0.5100    -229.2777  0.5134 
   00667    0.4700    -222.8918  0.4510 
   00668    0.5000    -231.7760  0.4470 
   00669    0.4100    -244.6231  0.4140 
   00670    0.5400    -259.3628  0.4671 
   00671    0.4000    -256.0227  0.4579 
   00672    0.4800    -231.6087  0.4036 
   00673    0.5500    -235.8842  0.4224 
   00674    0.3900    -232.6850  0.4286 
   00675    0.4100    -226.8245  0.4018 
   00676    0.5900    -225.6320  0.4164 
   00677    0.5200    -243.6967  0.5410 
   00678    0.5600    -231.2619  0.5105 
   00679    0.4700    -219.9982  0.5444 
   00680    0.5200    -242.9072  0.5313 
   00681    0.4600    -233.4362  0.5163 
   00682    0.5000    -246.7817  0.4531 
   00683    0.4900    -234.9241  0.4824 
   00684    0.4800    -234.2623  0.4255 
   00685    0.5100    -226.5253  0.4494 
   00686    0.6000    -204.3744  0.3966 
   00687    0.5400    -226.5723  0.4743 
   00688    0.5200    -211.5541  0.4651 
   00689    0.4400    -211.6313  0.4793 
   00690    0.5100    -194.0495  0.4818 
   00691    0.4800    -202.5661  0.4530 
   00692    0.5500    -190.3773  0.4537 
   00693    0.4800    -214.0160  0.3897 
   00694    0.5500    -207.1264  0.4068 
   00695    0.4700    -198.0575  0.3865 
   00696    0.5000    -196.8959  0.4305 
   00697    0.5300    -204.5232  0.3887 
   00698    0.5500    -226.5807  0.4000 
   00699    0.5800    -226.4867  0.4411 
   00700    0.5500    -238.1527  0.4795 
   00701    0.5100    -237.6387  0.4980 
   00702    0.5600    -216.9344  0.4636 
   00703    0.5200    -216.4789  0.3811 
   00704    0.6200    -202.0614  0.3794 
   00705    0.5400    -211.6429  0.3817 
   00706    0.5500    -197.8078  0.3779 
   00707    0.4900    -202.6918  0.3354 
   00708    0.5400    -207.0137  0.3368 
   00709    0.5000    -211.7183  0.2916 
   00710    0.5500    -216.0430  0.4512 
   00711    0.5400    -226.5740  0.5029 
   00712    0.5500    -217.1888  0.4922 
   00713    0.5600    -225.8784  0.4528 
   00714    0.4800    -230.1282  0.4895 
   00715    0.4800    -245.8213  0.5266 
   00716    0.5000    -253.2622  0.5606 
   00717    0.4800    -244.2121  0.4960 
   00718    0.4500    -252.4344  0.4884 
   00719    0.4600    -255.2318  0.5205 
   00720    0.4200    -238.6194  0.5532 
   00721    0.4900    -250.1172  0.5468 
   00722    0.4400    -243.0367  0.5776 
   00723    0.4100    -230.1681  0.4862 
   00724    0.4800    -225.7672  0.5045 
   00725    0.5300    -233.4575  0.4848 
   00726    0.4000    -240.8953  0.4543 
   00727    0.4800    -219.5879  0.4852 
   00728    0.4700    -233.0524  0.5055 
   00729    0.4900    -240.5972  0.4437 
   00730    0.5100    -241.0114  0.4724 
   00731    0.5100    -238.4768  0.4234 
   00732    0.5200    -232.5097  0.3810 
   00733    0.4500    -251.8411  0.4648 
   00734    0.4900    -253.1199  0.4702 
   00735    0.5700    -246.8375  0.4254 
   00736    0.4000    -239.4747  0.4189 
   00737    0.4900    -233.6298  0.4146 
   00738    0.5600    -252.1415  0.5079 
   00739    0.5000    -241.4777  0.4883 
   00740    0.4500    -253.1535  0.4839 
   00741    0.5100    -261.3698  0.4553 
   00742    0.4100    -255.8526  0.4693 
   00743    0.4100    -266.2396  0.4795 
   00744    0.4100    -254.7844  0.4778 
   00745    0.5000    -248.4014  0.4045 
   00746    0.4600    -227.0736  0.4323 
   00747    0.4700    -241.0822  0.4496 
   00748    0.4200    -253.3699  0.4688 
   00749    0.4900    -249.8303  0.4876 
   00750    0.5100    -268.1435  0.5167 
   00751    0.3500    -266.2507  0.5395 
   00752    0.5000    -250.2123  0.5835 
   00753    0.4700    -248.7410  0.6021 
   00754    0.4200    -238.5898  0.6125 
   00755    0.4700    -241.0938  0.5900 
   00756    0.4800    -238.5299  0.5729 
   00757    0.5300    -245.2750  0.5753 
   00758    0.5600    -257.6298  0.5520 
   00759    0.4900    -253.2702  0.5905 
   00760    0.4700    -250.2310  0.5345 
   00761    0.3800    -253.5269  0.5453 
   00762    0.4600    -252.5341  0.5496 
   00763    0.4100    -250.9064  0.5908 
   00764    0.5000    -235.7329  0.5900 
   00765    0.4700    -249.0732  0.6168 
   00766    0.4400    -263.1439  0.6466 
   00767    0.3800    -252.0550  0.6153 
   00768    0.4400    -264.0843  0.6566 
   00769    0.4500    -262.7201  0.6445 
   00770    0.4400    -251.5064  0.6221 
   00771    0.4300    -255.1352  0.5921 
   00772    0.4800    -267.7950  0.6492 
   00773    0.5500    -263.0247  0.6243 
   00774    0.5100    -233.7068  0.5982 
   00775    0.4300    -236.7759  0.5743 
   00776    0.4700    -252.5623  0.5799 
   00777    0.5000    -244.6570  0.5590 
   00778    0.4900    -241.5273  0.5629 
   00779    0.4100    -257.8679  0.5716 
   00780    0.4700    -240.9959  0.5902 
   00781    0.5100    -247.9484  0.6076 
   00782    0.4100    -256.6180  0.6174 
   00783    0.4800    -258.7360  0.6571 
   00784    0.4100    -286.6044  0.6468 
   00785    0.5200    -269.0331  0.6412 
   00786    0.4500    -246.9757  0.6468 
   00787    0.6000    -217.6020  0.5369 
   00788    0.5700    -221.3812  0.5045 
   00789    0.4600    -208.6930  0.5063 
   00790    0.5600    -226.2766  0.5346 
   00791    0.5200    -230.6504  0.5855 
   00792    0.4600    -250.5730  0.5557 
   00793    0.4500    -262.6926  0.5376 
   00794    0.4200    -242.0738  0.5173 
   00795    0.4400    -252.0358  0.5087 
   00796    0.5100    -247.4851  0.5289 
   00797    0.4400    -229.7030  0.4969 
   00798    0.5500    -227.5775  0.4617 
   00799    0.4400    -242.9606  0.4597 
   00800    0.5800    -225.9117  0.4224 
   00801    0.5800    -223.2131  0.3613 
   00802    0.4700    -226.7059  0.3222 
   00803    0.6000    -223.9321  0.3097 
   00804    0.5400    -230.1216  0.3110 
   00805    0.5200    -234.5201  0.3072 
   00806    0.5600    -228.4093  0.3409 
   00807    0.4500    -213.8659  0.3117 
   00808    0.5400    -234.4443  0.3316 
   00809    0.4300    -224.4484  0.3309 
   00810    0.5100    -217.3751  0.3353 
   00811    0.5300    -212.7195  0.3773 
   00812    0.4900    -225.6213  0.3274 
   00813    0.4700    -230.7049  0.2943 
   00814    0.5200    -219.5292  0.3400 
   00815    0.5600    -229.6587  0.3941 
   00816    0.4900    -229.1432  0.3882 
   00817    0.4900    -215.6655  0.4012 
   00818    0.5200    -213.8401  0.4125 
   00819    0.5100    -209.1870  0.4027 
   00820    0.5400    -211.5612  0.4697 
   00821    0.5700    -222.2150  0.4226 
   00822    0.5500    -232.9105  0.4457 
   00823    0.5200    -235.7919  0.4967 
   00824    0.5100    -258.0552  0.5361 
   00825    0.4400    -247.6029  0.5363 
   00826    0.4300    -260.5967  0.5783 
   00827    0.4400    -246.7990  0.5446 
   00828    0.4200    -246.2615  0.5371 
   00829    0.4500    -245.2782  0.5320 
   00830    0.5000    -234.2766  0.5646 
   00831    0.4400    -238.4484  0.5480 
   00832    0.4900    -223.4532  0.5571 
   00833    0.4900    -251.0526  0.6046 
   00834    0.4400    -269.1154  0.6772 
   00835    0.5100    -258.5509  0.6472 
   00836    0.4900    -265.7371  0.6252 
   00837    0.4300    -269.4681  0.6558 
   00838    0.3600    -251.1734  0.5777 
   00839    0.5000    -255.9572  0.5442 
   00840    0.4500    -237.1439  0.5183 
   00841    0.4900    -238.1628  0.4794 
   00842    0.5400    -243.7966  0.5299 
   00843    0.5200    -219.4214  0.5131 
   00844    0.5400    -212.0156  0.4770 
   00845    0.5900    -223.1409  0.4454 
   00846    0.5100    -235.7472  0.4416 
   00847    0.4900    -232.8744  0.4619 
   00848    0.5400    -223.8734  0.4957 
   00849    0.5200    -213.1556  0.4827 
   00850    0.5900    -226.7305  0.4370 
   00851    0.5100    -240.1985  0.4583 
   00852    0.4900    -249.0008  0.4470 
   00853    0.4300    -244.7344  0.4171 
   00854    0.5200    -246.9914  0.4469 
   00855    0.4900    -246.7879  0.4251 
   00856    0.5200    -232.0946  0.4141 
   00857    0.4400    -249.8895  0.5307 
   00858    0.4700    -258.5303  0.5119 
   00859    0.3600    -263.9587  0.4809 
   00860    0.4400    -252.1219  0.4653 
   00861    0.4600    -257.9157  0.4367 
   00862    0.4600    -256.6118  0.4332 
   00863    0.3900    -248.8343  0.4654 
   00864    0.5800    -237.8295  0.4562 
   00865    0.5700    -223.6926  0.4632 
   00866    0.5200    -209.0469  0.4030 
   00867    0.5200    -204.5713  0.3575 
   00868    0.5900    -167.9019  0.3176 
   00869    0.5800    -164.2842  0.3246 
   00870    0.5600    -198.3535  0.3437 
   00871    0.6600    -218.6619  0.3469 
   00872    0.5100    -202.9496  0.3044 
   00873    0.5600    -218.3270  0.3390 
   00874    0.5900    -216.0410  0.3082 
   00875    0.5700    -217.9818  0.3705 
   00876    0.5600    -221.8627  0.3650 
   00877    0.5500    -221.1633  0.3191 
   00878    0.5400    -208.7868  0.3115 
   00879    0.5100    -195.6594  0.2727 
   00880    0.5800    -194.9093  0.2614 
   00881    0.5300    -203.2802  0.3148 
   00882    0.6300    -202.3558  0.4075 
   00883    0.5100    -205.9304  0.4691 
   00884    0.5200    -198.4014  0.5353 
   00885    0.6300    -216.6636  0.6084 
   00886    0.4700    -227.1695  0.6308 
   00887    0.4900    -211.6494  0.6228 
   00888    0.5100    -220.4036  0.6281 
   00889    0.5200    -230.9008  0.6149 
   00890    0.5000    -240.0483  0.6325 
   00891    0.4200    -250.0278  0.6647 
   00892    0.5200    -269.6681  0.6936 
   00893    0.4000    -269.2996  0.6728 
   00894    0.4000    -266.2711  0.6831 
   00895    0.4100    -258.4866  0.6941 
   00896    0.4000    -272.5253  0.7241 
   00897    0.4400    -258.6713  0.6885 
   00898    0.4400    -263.3691  0.7395 
   00899    0.4700    -250.9721  0.7207 
   00900    0.4500    -245.3955  0.7062 
   00901    0.4400    -272.0360  0.7346 
   00902    0.4400    -269.2912  0.7097 
   00903    0.4300    -274.9114  0.7485 
   00904    0.4500    -262.6037  0.7174 
   00905    0.4800    -266.8185  0.7204 
   00906    0.5000    -262.5869  0.6845 
   00907    0.5600    -249.2321  0.6559 
   00908    0.4400    -255.9367  0.6300 
   00909    0.5500    -235.7654  0.5655 
   00910    0.4300    -253.9209  0.5312 
   00911    0.5100    -242.6526  0.5064 
   00912    0.4700    -241.0980  0.5596 
   00913    0.4300    -247.6223  0.5155 
   00914    0.4700    -239.3234  0.5514 
   00915    0.5000    -257.2603  0.5908 
   00916    0.5100    -257.5603  0.5720 
   00917    0.3900    -261.9381  0.5639 
   00918    0.4700    -256.0386  0.5844 
   00919    0.4100    -239.9352  0.5809 
   00920    0.4500    -249.6556  0.5321 
   00921    0.5500    -241.5703  0.5539 
   00922    0.4500    -232.2850  0.5281 
   00923    0.4200    -232.7748  0.5621 
   00924    0.4900    -239.6314  0.6174 
   00925    0.4500    -247.2108  0.5920 
   00926    0.4300    -263.6991  0.5933 
   00927    0.4100    -259.9725  0.6075 
   00928    0.4400    -243.0949  0.5844 
   00929    0.4900    -243.4884  0.5603 
   00930    0.4700    -254.6748  0.5892 
   00931    0.4900    -233.2883  0.5658 
   00932    0.4700    -244.3839  0.5406 
   00933    0.4800    -237.3581  0.4619 
   00934    0.5000    -236.2571  0.4634 
   00935    0.5200    -240.0262  0.4835 
   00936    0.4700    -228.2525  0.4793 
   00937    0.4600    -246.4684  0.5129 
   00938    0.5400    -240.0762  0.4987 
   00939    0.5400    -236.9564  0.4690 
   00940    0.4500    -224.0569  0.4675 
   00941    0.4900    -236.2961  0.4738 
   00942    0.4400    -243.0985  0.4322 
   00943    0.3700    -254.2601  0.4866 
   00944    0.5300    -243.7043  0.5433 
   00945    0.4200    -247.5174  0.5037 
   00946    0.4400    -251.0959  0.4898 
   00947    0.4800    -244.2940  0.4866 
   00948    0.4900    -218.7308  0.4883 
   00949    0.5500    -222.3476  0.5055 
   00950    0.4300    -235.1524  0.5481 
   00951    0.5000    -227.6856  0.5086 
   00952    0.5200    -225.3827  0.5762 
   00953    0.5300    -224.7497  0.5399 
   00954    0.5000    -231.3959  0.4957 
   00955    0.5400    -209.5134  0.4473 
   00956    0.5500    -199.7337  0.4587 
   00957    0.5900    -198.1694  0.5158 
   00958    0.5900    -202.9418  0.5485 
   00959    0.5400    -213.7601  0.5566 
   00960    0.5300    -221.5769  0.5029 
   00961    0.6300    -220.6047  0.4372 
   00962    0.5500    -212.9924  0.4688 
   00963    0.5500    -216.2495  0.4693 
   00964    0.3800    -222.3082  0.4719 
   00965    0.4900    -230.1353  0.5001 
   00966    0.5800    -215.1388  0.5096 
   00967    0.5200    -237.5476  0.5583 
   00968    0.4100    -222.6247  0.4922 
   00969    0.4900    -210.6541  0.4432 
   00970    0.4400    -218.0616  0.4737 
   00971    0.6400    -217.7508  0.5251 
   00972    0.4400    -211.2321  0.5282 
   00973    0.5000    -246.4148  0.6158 
   00974    0.5700    -251.3042  0.6040 
   00975    0.4700    -245.2125  0.5380 
   00976    0.4900    -241.9913  0.4933 
   00977    0.4700    -253.7814  0.4997 
   00978    0.4500    -255.6547  0.4648 
   00979    0.4500    -251.3989  0.5078 
   00980    0.4800    -267.9472  0.5485 
   00981    0.4300    -272.9414  0.5659 
   00982    0.3900    -242.0304  0.5325 
   00983    0.4400    -252.5506  0.5641 
   00984    0.4200    -253.1033  0.5818 
   00985    0.4400    -236.4491  0.5855 
   00986    0.4700    -241.1124  0.5790 
   00987    0.4700    -236.3319  0.6094 
   00988    0.4400    -241.1935  0.6204 
   00989    0.4200    -240.0216  0.6115 
   00990    0.5000    -256.4959  0.6738 
   00991    0.5000    -240.1386  0.6252 
   00992    0.5000    -238.5938  0.5818 
   00993    0.5500    -220.4036  0.5327 
   00994    0.5300    -234.9660  0.5611 
   00995    0.5000    -237.5814  0.5474 
   00996    0.4400    -238.1750  0.5422 
   00997    0.5100    -240.7621  0.5639 
   00998    0.4800    -236.4391  0.6023 
   00999    0.5400    -219.8526  0.6083 
   01000    0.4800    -228.8275  0.6365 
