#=====================================================
# File created:        Fri-08-Mar-2024-at-05-00-25PM
# Size of lattice:     10x10
# Number of MC steps:  1000
# Reduced temperature: 1.000
# Run time (s):        12.731943
#=====================================================
# MC step:  Ratio:     Energy:   Order:
#=====================================================
   00000    0.5000    -114.3535  0.3420 
   00001    0.6400    -164.8981  0.3651 
   00002    0.5200    -176.5736  0.3633 
   00003    0.6300    -209.7639  0.3860 
   00004    0.5500    -214.4822  0.3396 
   00005    0.4700    -218.0761  0.3345 
   00006    0.4700    -206.3623  0.3845 
   00007    0.4200    -208.5364  0.3788 
   00008    0.5200    -186.7320  0.3762 
   00009    0.6500    -185.2097  0.3185 
   00010    0.6000    -200.5918  0.3769 
   00011    0.6400    -197.0732  0.3772 
   00012    0.5500    -200.0833  0.3636 
   00013    0.4900    -206.6981  0.3808 
   00014    0.4200    -218.2846  0.4411 
   00015    0.5000    -222.9128  0.4718 
   00016    0.4600    -221.8857  0.4333 
   00017    0.6000    -216.5629  0.5078 
   00018    0.5000    -227.5609  0.4906 
   00019    0.5300    -230.9746  0.4974 
   00020    0.4900    -229.6700  0.5328 
   00021    0.4200    -226.6667  0.5159 
   00022    0.4700    -225.2980  0.4365 
   00023    0.5600    -233.8684  0.4757 
   00024    0.4800    -220.9529  0.5588 
   00025    0.5200    -238.7527  0.5631 
   00026    0.4000    -247.9931  0.5560 
   00027    0.5400    -255.2225  0.6345 
   00028    0.3700    -259.5795  0.6375 
   00029    0.4600    -275.5634  0.6250 
   00030    0.4500    -255.3395  0.6223 
   00031    0.4300    -245.3308  0.5526 
   00032    0.4400    -251.7314  0.5977 
   00033    0.5100    -258.7300  0.6283 
   00034    0.4200    -268.7627  0.6539 
   00035    0.5200    -255.5076  0.6516 
   00036    0.4600    -267.7839  0.6116 
   00037    0.4600    -255.3668  0.6109 
   00038    0.4700    -246.5933  0.5670 
   00039    0.5400    -244.4854  0.5755 
   00040    0.4300    -229.5968  0.5578 
   00041    0.5500    -228.0054  0.5316 
   00042    0.5900    -226.7757  0.4784 
   00043    0.4800    -239.0709  0.5197 
   00044    0.4200    -212.1029  0.5088 
   00045    0.5200    -199.3496  0.4299 
   00046    0.5900    -202.4111  0.4082 
   00047    0.5700    -187.3613  0.3882 
   00048    0.5900    -186.7503  0.4543 
   00049    0.6000    -203.8982  0.4790 
   00050    0.5500    -221.8168  0.5284 
   00051    0.5500    -226.7017  0.5095 
   00052    0.4600    -239.1753  0.5927 
   00053    0.5300    -239.7120  0.5725 
   00054    0.4100    -249.9044  0.5596 
   00055    0.4200    -250.1605  0.6182 
   00056    0.5100    -253.5808  0.6707 
   00057    0.4600    -258.2283  0.6962 
   00058    0.4400    -246.8802  0.7031 
   00059    0.4500    -265.7757  0.6905 
   00060    0.3900    -267.4274  0.6847 
   00061    0.4500    -266.9656  0.6814 
   00062    0.4200    -250.7009  0.6803 
   00063    0.5600    -245.8806  0.6322 
   00064    0.4800    -237.2031  0.5926 
   00065    0.5700    -207.3760  0.5451 
   00066    0.5600    -227.4048  0.5362 
   00067    0.5400    -219.8808  0.4907 
   00068    0.5000    -232.9286  0.5088 
   00069    0.5200    -233.5205  0.5583 
   00070    0.5300    -253.1126  0.6642 
   00071    0.4200    -271.5072  0.7014 
   00072    0.4500    -238.8400  0.6948 
   00073    0.3800    -250.7991  0.7031 
   00074    0.5700    -245.6041  0.7178 
   00075    0.4500    -243.5263  0.6406 
   00076    0.4800    -251.1979  0.6423 
   00077    0.4500    -249.7017  0.6074 
   00078    0.5300    -268.9041  0.6462 
   00079    0.4100    -283.0667  0.6497 
   00080    0.4400    -280.8760  0.6698 
   00081    0.4900    -251.3052  0.6717 
   00082    0.5200    -248.2632  0.6465 
   00083    0.5100    -256.6646  0.6758 
   00084    0.5200    -258.4521  0.6567 
   00085    0.3800    -265.7150  0.6776 
   00086    0.4500    -264.5737  0.6742 
   00087    0.4500    -273.5253  0.7110 
   00088    0.4300    -283.2226  0.7563 
   00089    0.3800    -270.7595  0.7260 
   00090    0.4700    -257.3908  0.7192 
   00091    0.4600    -264.6529  0.6941 
   00092    0.4300    -270.9833  0.7069 
   00093    0.4500    -278.1685  0.7864 
   00094    0.5700    -263.4442  0.7396 
   00095    0.5400    -263.3066  0.7505 
   00096    0.4400    -266.2716  0.7500 
   00097    0.4300    -256.4735  0.7055 
   00098    0.4000    -274.8201  0.7564 
   00099    0.4400    -283.6760  0.7764 
   00100    0.4300    -287.1952  0.7518 
   00101    0.5100    -265.1568  0.6921 
   00102    0.3500    -263.2484  0.6870 
   00103    0.4800    -276.7155  0.7117 
   00104    0.3300    -258.3731  0.6976 
   00105    0.5100    -252.0151  0.6805 
   00106    0.4500    -262.4254  0.6856 
   00107    0.3400    -265.8531  0.7119 
   00108    0.4600    -264.5137  0.6691 
   00109    0.5100    -261.3316  0.6536 
   00110    0.4200    -259.5944  0.6595 
   00111    0.4900    -271.7768  0.7092 
   00112    0.4600    -262.2882  0.7122 
   00113    0.5200    -239.2635  0.6930 
   00114    0.4900    -250.0958  0.6945 
   00115    0.4200    -279.9326  0.7436 
   00116    0.4000    -268.7491  0.7376 
   00117    0.4900    -262.5129  0.7158 
   00118    0.3800    -247.9260  0.6836 
   00119    0.4800    -236.6556  0.6269 
   00120    0.5900    -226.6546  0.6145 
   00121    0.6100    -218.9565  0.6105 
   00122    0.6200    -200.5223  0.5396 
   00123    0.5100    -226.3527  0.5731 
   00124    0.4900    -233.1395  0.5867 
   00125    0.4500    -243.4728  0.6234 
   00126    0.5200    -232.4313  0.6043 
   00127    0.5000    -234.4622  0.6278 
   00128    0.5200    -227.0632  0.5646 
   00129    0.5600    -225.2776  0.5779 
   00130    0.5200    -225.8474  0.5636 
   00131    0.5400    -236.3595  0.5996 
   00132    0.4300    -245.7775  0.6374 
   00133    0.5000    -248.2412  0.5706 
   00134    0.5500    -246.4825  0.5830 
   00135    0.4300    -235.3979  0.5896 
   00136    0.5300    -233.8573  0.5860 
   00137    0.4900    -231.7333  0.5021 
   00138    0.5000    -240.2480  0.4551 
   00139    0.3200    -240.0271  0.4862 
   00140    0.5200    -217.6603  0.4135 
   00141    0.5700    -215.7968  0.4135 
   00142    0.5400    -216.2293  0.3922 
   00143    0.5300    -231.4337  0.3322 
   00144    0.5600    -225.6760  0.3061 
   00145    0.5300    -234.1322  0.3120 
   00146    0.4300    -255.9119  0.3101 
   00147    0.4600    -273.4289  0.3447 
   00148    0.4700    -251.7656  0.3261 
   00149    0.4800    -257.1300  0.3032 
   00150    0.5000    -246.6539  0.3001 
   00151    0.5900    -253.2775  0.2797 
   00152    0.4600    -247.5845  0.2784 
   00153    0.4900    -231.7114  0.3373 
   00154    0.5200    -266.9420  0.3648 
   00155    0.3800    -257.9223  0.3606 
   00156    0.4300    -255.6011  0.4121 
   00157    0.4200    -253.3177  0.4089 
   00158    0.5700    -234.4683  0.3579 
   00159    0.3800    -235.6989  0.3657 
   00160    0.5400    -229.7446  0.4001 
   00161    0.4000    -225.9794  0.3774 
   00162    0.4900    -230.6837  0.4297 
   00163    0.5700    -240.6611  0.4658 
   00164    0.4800    -240.9122  0.5006 
   00165    0.5600    -231.9433  0.5019 
   00166    0.4500    -232.7266  0.5325 
   00167    0.5400    -233.3031  0.5319 
   00168    0.4200    -239.9275  0.5141 
   00169    0.5500    -220.1129  0.4896 
   00170    0.4900    -237.6366  0.4208 
   00171    0.4800    -229.7417  0.4040 
   00172    0.4900    -243.3126  0.4031 
   00173    0.4400    -233.7320  0.4102 
   00174    0.4800    -230.3779  0.3704 
   00175    0.4600    -235.0216  0.4152 
   00176    0.5400    -238.4400  0.3278 
   00177    0.4300    -216.2021  0.3265 
   00178    0.5100    -218.9516  0.2947 
   00179    0.5300    -202.0372  0.2671 
   00180    0.4500    -197.3751  0.3126 
   00181    0.4600    -221.3645  0.2885 
   00182    0.5500    -228.6399  0.2709 
   00183    0.5200    -230.1849  0.3033 
   00184    0.4700    -242.0621  0.3211 
   00185    0.4300    -219.4586  0.3754 
   00186    0.4600    -229.2324  0.3125 
   00187    0.5600    -208.0423  0.3235 
   00188    0.4000    -205.3328  0.2849 
   00189    0.5000    -235.1411  0.3291 
   00190    0.6000    -229.9882  0.3437 
   00191    0.5700    -226.9695  0.3325 
   00192    0.4600    -228.2978  0.3549 
   00193    0.4800    -232.3890  0.3085 
   00194    0.4600    -240.5166  0.2704 
   00195    0.4700    -236.5412  0.2798 
   00196    0.4400    -247.6179  0.2817 
   00197    0.4300    -258.8310  0.3243 
   00198    0.5300    -261.1908  0.3128 
   00199    0.3700    -250.3022  0.2911 
   00200    0.4500    -242.0487  0.2952 
   00201    0.5200    -240.2843  0.3443 
   00202    0.4300    -227.2163  0.3228 
   00203    0.5200    -222.3252  0.3121 
   00204    0.4700    -237.7806  0.3550 
   00205    0.3600    -245.5154  0.3770 
   00206    0.5300    -233.1869  0.3356 
   00207    0.5200    -241.3409  0.3332 
   00208    0.4800    -232.0373  0.3381 
   00209    0.4400    -248.6242  0.3211 
   00210    0.5000    -238.4092  0.2818 
   00211    0.4800    -236.6823  0.2672 
   00212    0.4800    -225.3953  0.2816 
   00213    0.4600    -238.0397  0.3065 
   00214    0.5300    -229.0748  0.3344 
   00215    0.4700    -232.4370  0.2907 
   00216    0.4500    -232.6894  0.3291 
   00217    0.4700    -229.7924  0.3178 
   00218    0.5400    -239.2808  0.3271 
   00219    0.5800    -220.8533  0.2992 
   00220    0.5800    -215.0117  0.3742 
   00221    0.5500    -214.0950  0.4063 
   00222    0.5600    -226.6083  0.4193 
   00223    0.5700    -193.1075  0.4050 
   00224    0.5800    -194.0163  0.3874 
   00225    0.5600    -194.1631  0.4274 
   00226    0.5700    -210.7589  0.4006 
   00227    0.5600    -222.0755  0.4447 
   00228    0.5500    -212.6744  0.4057 
   00229    0.5500    -236.3915  0.4354 
   00230    0.4700    -230.6371  0.3947 
   00231    0.4200    -246.1105  0.3447 
   00232    0.5100    -234.0080  0.3639 
   00233    0.4100    -242.6172  0.3722 
   00234    0.4800    -230.5852  0.4540 
   00235    0.5700    -223.5723  0.4433 
   00236    0.4800    -235.1150  0.4216 
   00237    0.4100    -225.7775  0.4047 
   00238    0.5200    -219.1853  0.3634 
   00239    0.4800    -222.7403  0.3468 
   00240    0.5300    -221.9803  0.3745 
   00241    0.6100    -231.1480  0.5048 
   00242    0.5500    -231.5413  0.4887 
   00243    0.5600    -231.9813  0.4335 
   00244    0.5000    -223.0451  0.4941 
   00245    0.5200    -219.3568  0.5558 
   00246    0.5100    -224.6881  0.5228 
   00247    0.5600    -247.8014  0.5454 
   00248    0.4700    -246.0601  0.5536 
   00249    0.5100    -243.3686  0.5200 
   00250    0.4800    -226.9200  0.5119 
   00251    0.5100    -235.3202  0.5329 
   00252    0.3800    -249.8041  0.5188 
   00253    0.4800    -251.0769  0.5556 
   00254    0.4900    -255.1847  0.5714 
   00255    0.4500    -247.5521  0.5040 
   00256    0.4900    -247.4590  0.4771 
   00257    0.5300    -242.1353  0.4035 
   00258    0.4700    -225.2955  0.4133 
   00259    0.4700    -229.4844  0.3938 
   00260    0.4600    -231.1500  0.4522 
   00261    0.4400    -240.9577  0.4328 
   00262    0.4300    -234.1553  0.4260 
   00263    0.4100    -234.5335  0.4223 
   00264    0.4800    -217.9385  0.4246 
   00265    0.4700    -235.9656  0.4679 
   00266    0.5700    -242.7570  0.5091 
   00267    0.4700    -234.6107  0.5398 
   00268    0.4500    -243.4341  0.5222 
   00269    0.5200    -244.2672  0.4793 
   00270    0.4900    -224.0194  0.4761 
   00271    0.5400    -222.4084  0.5177 
   00272    0.4800    -228.9692  0.5509 
   00273    0.4900    -203.4387  0.5007 
   00274    0.5000    -219.8428  0.5144 
   00275    0.5000    -235.3172  0.5580 
   00276    0.4700    -222.1807  0.5458 
   00277    0.4900    -243.9545  0.5342 
   00278    0.4500    -232.2872  0.4733 
   00279    0.4900    -232.0870  0.4843 
   00280    0.5000    -249.4980  0.4505 
   00281    0.3900    -250.0117  0.4336 
   00282    0.4200    -255.5049  0.5014 
   00283    0.4100    -266.2675  0.5103 
   00284    0.4900    -264.3352  0.5067 
   00285    0.5400    -247.3715  0.4639 
   00286    0.4300    -251.7180  0.4724 
   00287    0.4300    -249.0558  0.5458 
   00288    0.5000    -247.2128  0.5702 
   00289    0.4300    -256.1314  0.5546 
   00290    0.5200    -239.6015  0.5317 
   00291    0.5200    -232.9395  0.5463 
   00292    0.6100    -214.7028  0.5513 
   00293    0.5100    -219.2002  0.5572 
   00294    0.4600    -209.1270  0.4797 
   00295    0.5300    -212.1641  0.4522 
   00296    0.5500    -211.2009  0.5131 
   00297    0.5100    -213.8531  0.5713 
   00298    0.5400    -221.1597  0.5663 
   00299    0.5000    -247.4176  0.6382 
   00300    0.5200    -254.4679  0.6342 
   00301    0.5600    -238.4790  0.5552 
   00302    0.5000    -247.8954  0.5917 
   00303    0.5100    -239.5229  0.5551 
   00304    0.4700    -249.9392  0.5110 
   00305    0.5300    -242.3366  0.5328 
   00306    0.4000    -260.6673  0.4982 
   00307    0.4600    -250.8176  0.5277 
   00308    0.4800    -257.3981  0.5300 
   00309    0.4600    -251.9712  0.5512 
   00310    0.5500    -261.6595  0.5762 
   00311    0.4600    -254.5245  0.5328 
   00312    0.4600    -249.6481  0.5749 
   00313    0.3700    -251.3074  0.5735 
   00314    0.4600    -250.7962  0.5129 
   00315    0.5000    -218.9556  0.5109 
   00316    0.4200    -223.9961  0.4887 
   00317    0.5600    -222.2892  0.5149 
   00318    0.5000    -239.9018  0.5309 
   00319    0.4400    -237.7248  0.5391 
   00320    0.4700    -255.3382  0.5962 
   00321    0.5500    -255.5588  0.5935 
   00322    0.5600    -251.6877  0.5189 
   00323    0.4500    -262.6483  0.5831 
   00324    0.4900    -258.6176  0.6104 
   00325    0.4500    -260.8190  0.6374 
   00326    0.3600    -245.3883  0.5937 
   00327    0.4100    -262.6593  0.6301 
   00328    0.4400    -259.9630  0.6597 
   00329    0.4500    -253.9132  0.6818 
   00330    0.4400    -255.2866  0.6576 
   00331    0.4200    -269.7918  0.6695 
   00332    0.3500    -285.4617  0.6674 
   00333    0.4300    -277.9064  0.6843 
   00334    0.4000    -264.4256  0.6596 
   00335    0.4500    -252.8538  0.5994 
   00336    0.5600    -246.7114  0.6099 
   00337    0.4300    -245.5016  0.6139 
   00338    0.4600    -259.3053  0.6182 
   00339    0.4500    -232.6882  0.5752 
   00340    0.5600    -208.3898  0.5426 
   00341    0.5000    -231.4179  0.5417 
   00342    0.5300    -238.4945  0.5266 
   00343    0.4400    -243.4067  0.4975 
   00344    0.4800    -237.9704  0.4501 
   00345    0.4900    -225.9167  0.4769 
   00346    0.4600    -216.2072  0.4200 
   00347    0.4900    -233.1690  0.4309 
   00348    0.5200    -222.7562  0.4590 
   00349    0.5100    -220.8877  0.4831 
   00350    0.5200    -217.2322  0.5365 
   00351    0.6000    -249.6131  0.5804 
   00352    0.4500    -241.0636  0.6130 
   00353    0.4900    -244.7871  0.6038 
   00354    0.4700    -234.1302  0.5763 
   00355    0.4900    -226.1112  0.5650 
   00356    0.5400    -248.7219  0.6458 
   00357    0.3700    -242.4823  0.5834 
   00358    0.4500    -247.9386  0.6114 
   00359    0.4800    -249.2163  0.5362 
   00360    0.4800    -256.3966  0.5881 
   00361    0.4800    -269.4710  0.5980 
   00362    0.4700    -268.5406  0.6268 
   00363    0.5300    -240.3838  0.6345 
   00364    0.4600    -243.9423  0.6122 
   00365    0.4600    -248.6179  0.6228 
   00366    0.3700    -237.3033  0.6109 
   00367    0.4300    -216.9645  0.5970 
   00368    0.4700    -243.7500  0.5863 
   00369    0.4700    -240.4307  0.5868 
   00370    0.4700    -236.3093  0.5664 
   00371    0.5300    -239.9178  0.5964 
   00372    0.4400    -241.5198  0.6401 
   00373    0.4500    -225.7903  0.5912 
   00374    0.4600    -238.5923  0.6209 
   00375    0.4400    -242.4242  0.6083 
   00376    0.4600    -239.9377  0.6087 
   00377    0.5500    -241.7821  0.6044 
   00378    0.5500    -233.5372  0.5631 
   00379    0.5400    -233.9504  0.5537 
   00380    0.4700    -238.5860  0.4971 
   00381    0.4500    -243.4941  0.5613 
   00382    0.4100    -236.2929  0.6340 
   00383    0.5200    -250.3578  0.6652 
   00384    0.5200    -259.5092  0.6790 
   00385    0.5200    -267.2342  0.7126 
   00386    0.3900    -276.0024  0.7369 
   00387    0.4600    -259.9774  0.6814 
   00388    0.3200    -271.1527  0.6999 
   00389    0.5000    -258.0245  0.6631 
   00390    0.4500    -263.8660  0.6952 
   00391    0.3900    -287.7194  0.7530 
   00392    0.4400    -275.8898  0.7538 
   00393    0.3800    -273.9007  0.7711 
   00394    0.4400    -282.4412  0.7293 
   00395    0.4600    -255.8653  0.7112 
   00396    0.5000    -255.9610  0.6727 
   00397    0.4000    -269.1916  0.6869 
   00398    0.4800    -277.8556  0.7116 
   00399    0.3700    -292.0222  0.7265 
   00400    0.3800    -289.0631  0.7371 
   00401    0.4000    -285.9931  0.7229 
   00402    0.4200    -269.8082  0.7505 
   00403    0.4800    -280.6928  0.7217 
   00404    0.5000    -271.7038  0.6878 
   00405    0.4500    -261.1056  0.6804 
   00406    0.3800    -246.8503  0.6601 
   00407    0.4800    -233.6861  0.6347 
   00408    0.5600    -259.7980  0.6409 
   00409    0.4200    -253.8082  0.5990 
   00410    0.4300    -257.6821  0.6504 
   00411    0.4500    -265.3342  0.6322 
   00412    0.5200    -239.2380  0.5693 
   00413    0.5000    -254.2440  0.5680 
   00414    0.4700    -261.4081  0.5494 
   00415    0.4800    -238.3943  0.5384 
   00416    0.4700    -247.8238  0.5575 
   00417    0.4400    -244.4742  0.5332 
   00418    0.5000    -225.3162  0.5479 
   00419    0.5500    -228.2815  0.6002 
   00420    0.4700    -247.3004  0.6463 
   00421    0.4400    -256.8608  0.6525 
   00422    0.4300    -274.5353  0.6828 
   00423    0.4300    -266.8444  0.6420 
   00424    0.4100    -266.7688  0.6701 
   00425    0.5000    -266.5375  0.6416 
   00426    0.3800    -247.5500  0.6504 
   00427    0.4900    -238.2435  0.6429 
   00428    0.4700    -249.8852  0.7058 
   00429    0.5000    -258.3741  0.7380 
   00430    0.3500    -260.0599  0.7210 
   00431    0.3800    -259.5323  0.6904 
   00432    0.4700    -240.7386  0.6954 
   00433    0.5100    -250.3157  0.6596 
   00434    0.3800    -254.6874  0.6779 
   00435    0.5600    -249.1934  0.6798 
   00436    0.5600    -240.6698  0.6151 
   00437    0.4400    -241.4880  0.5965 
   00438    0.3900    -248.9844  0.6209 
   00439    0.5900    -244.5300  0.5513 
   00440    0.4700    -236.3636  0.5723 
   00441    0.4900    -252.3873  0.5903 
   00442    0.3900    -239.1182  0.6244 
   00443    0.4300    -229.6781  0.6109 
   00444    0.5300    -245.4800  0.6209 
   00445    0.4500    -242.1007  0.6236 
   00446    0.5300    -250.1414  0.6533 
   00447    0.4800    -243.6305  0.6174 
   00448    0.3600    -248.5282  0.6306 
   00449    0.4500    -249.2801  0.6741 
   00450    0.4700    -257.9380  0.6925 
   00451    0.4700    -243.2442  0.6626 
   00452    0.5500    -237.5636  0.6706 
   00453    0.4600    -230.4561  0.6549 
   00454    0.5000    -230.4156  0.6043 
   00455    0.4900    -228.7821  0.5909 
   00456    0.4300    -224.8627  0.5517 
   00457    0.6100    -235.3265  0.4891 
   00458    0.5200    -230.4488  0.4312 
   00459    0.5900    -228.8736  0.4559 
   00460    0.4700    -250.0280  0.5161 
   00461    0.4500    -244.0350  0.4867 
   00462    0.4600    -226.9343  0.4568 
   00463    0.4100    -244.0823  0.4920 
   00464    0.5300    -250.8147  0.5322 
   00465    0.5000    -251.7143  0.5587 
   00466    0.5300    -247.6055  0.5637 
   00467    0.5100    -246.7854  0.5772 
   00468    0.6000    -250.3238  0.5634 
   00469    0.4700    -242.2079  0.5505 
   00470    0.4100    -252.8882  0.5719 
   00471    0.4700    -264.4363  0.5466 
   00472    0.4700    -251.2184  0.5610 
   00473    0.4000    -236.8449  0.5600 
   00474    0.4600    -242.3387  0.5330 
   00475    0.5900    -242.0281  0.5282 
   00476    0.5300    -237.6765  0.5682 
   00477    0.4900    -225.0877  0.5148 
   00478    0.5200    -223.9073  0.5299 
   00479    0.5200    -225.7000  0.5365 
   00480    0.5100    -226.3919  0.5188 
   00481    0.5700    -214.0304  0.5292 
   00482    0.5300    -216.2622  0.5605 
   00483    0.5300    -214.3474  0.5527 
   00484    0.5200    -244.3335  0.6007 
   00485    0.4300    -250.4146  0.6531 
   00486    0.4800    -238.9145  0.6742 
   00487    0.4700    -251.0688  0.6750 
   00488    0.4300    -245.6472  0.6853 
   00489    0.4500    -241.6308  0.6845 
   00490    0.5200    -257.0032  0.7204 
   00491    0.5900    -257.4374  0.7144 
   00492    0.5100    -252.0146  0.7317 
   00493    0.4800    -252.0868  0.7120 
   00494    0.5000    -247.6145  0.7060 
   00495    0.4700    -242.9688  0.6563 
   00496    0.4500    -234.1964  0.6754 
   00497    0.5300    -222.9633  0.6732 
   00498    0.6000    -218.2426  0.6511 
   00499    0.4900    -230.4092  0.6043 
   00500    0.4800    -239.1882  0.5906 
   00501    0.4900    -247.5960  0.6111 
   00502    0.4200    -247.8011  0.6086 
   00503    0.5300    -244.5567  0.6042 
   00504    0.4600    -244.9529  0.6002 
   00505    0.4500    -257.3271  0.6251 
   00506    0.5500    -248.7676  0.6033 
   00507    0.5100    -243.2655  0.6137 
   00508    0.4200    -253.8239  0.5829 
   00509    0.4700    -276.4311  0.6398 
   00510    0.4100    -266.2710  0.6455 
   00511    0.4600    -251.0230  0.5959 
   00512    0.4700    -249.0618  0.5523 
   00513    0.4300    -248.5702  0.6023 
   00514    0.4500    -227.2035  0.5762 
   00515    0.4700    -229.3141  0.6125 
   00516    0.4100    -241.2981  0.6153 
   00517    0.5700    -236.5457  0.6020 
   00518    0.5200    -237.2931  0.6299 
   00519    0.5900    -231.1462  0.6499 
   00520    0.4700    -236.2941  0.6508 
   00521    0.5000    -236.8070  0.6613 
   00522    0.5600    -239.1336  0.6272 
   00523    0.4800    -241.6348  0.6177 
   00524    0.5400    -242.7653  0.6197 
   00525    0.5200    -241.4667  0.6273 
   00526    0.5100    -234.9723  0.6411 
   00527    0.4600    -242.1310  0.6600 
   00528    0.5300    -231.2429  0.6188 
   00529    0.5900    -228.9599  0.5903 
   00530    0.4100    -243.9712  0.6456 
   00531    0.4400    -220.7651  0.5626 
   00532    0.5300    -226.1812  0.5167 
   00533    0.5400    -226.9538  0.4759 
   00534    0.5100    -212.7624  0.4811 
   00535    0.5000    -206.6253  0.4682 
   00536    0.5400    -200.2888  0.4293 
   00537    0.5300    -217.3129  0.3710 
   00538    0.5000    -200.9945  0.3874 
   00539    0.5000    -197.3493  0.3902 
   00540    0.5600    -211.8425  0.3868 
   00541    0.5000    -224.8882  0.3919 
   00542    0.4900    -237.7317  0.4333 
   00543    0.4800    -240.6716  0.4247 
   00544    0.5300    -215.8584  0.4441 
   00545    0.4900    -189.6346  0.3829 
   00546    0.5400    -210.1307  0.3858 
   00547    0.4700    -221.6402  0.4414 
   00548    0.3700    -230.7623  0.4837 
   00549    0.4500    -235.6677  0.5173 
   00550    0.4800    -245.5689  0.5887 
   00551    0.5700    -247.1930  0.5849 
   00552    0.5600    -240.2047  0.5709 
   00553    0.5300    -249.5479  0.5797 
   00554    0.4300    -256.8632  0.6436 
   00555    0.4000    -239.0189  0.6101 
   00556    0.5100    -225.3259  0.5237 
   00557    0.5700    -249.9527  0.6000 
   00558    0.4100    -234.6871  0.5827 
   00559    0.4900    -251.0582  0.5920 
   00560    0.4800    -261.4439  0.6153 
   00561    0.3400    -260.5122  0.6223 
   00562    0.5000    -260.7656  0.6158 
   00563    0.4500    -257.0223  0.6420 
   00564    0.4600    -238.6861  0.6612 
   00565    0.4400    -228.3006  0.6436 
   00566    0.4600    -227.1696  0.5901 
   00567    0.6300    -238.2325  0.6203 
   00568    0.4200    -248.5136  0.6253 
   00569    0.4500    -261.1959  0.6615 
   00570    0.4200    -258.4416  0.6532 
   00571    0.5500    -229.5609  0.5878 
   00572    0.4400    -247.7896  0.6371 
   00573    0.4600    -256.6865  0.6070 
   00574    0.4600    -232.9443  0.5860 
   00575    0.4800    -240.8972  0.6366 
   00576    0.5600    -254.1719  0.6024 
   00577    0.4300    -258.9156  0.6317 
   00578    0.5300    -253.9467  0.6479 
   00579    0.5300    -237.7009  0.6027 
   00580    0.5500    -234.7346  0.5828 
   00581    0.4800    -224.1485  0.5466 
   00582    0.4700    -238.7384  0.5207 
   00583    0.5500    -223.4281  0.5064 
   00584    0.5300    -225.9348  0.5452 
   00585    0.5600    -230.6958  0.5810 
   00586    0.4900    -236.0366  0.6438 
   00587    0.4700    -252.6588  0.5983 
   00588    0.4100    -260.3051  0.6412 
   00589    0.4500    -290.5184  0.7210 
   00590    0.5100    -253.6446  0.6584 
   00591    0.4400    -252.2029  0.6392 
   00592    0.4800    -267.1101  0.6881 
   00593    0.4800    -277.5266  0.7197 
   00594    0.4400    -269.9941  0.6971 
   00595    0.4600    -267.8510  0.6860 
   00596    0.4700    -240.1524  0.6937 
   00597    0.5200    -269.8903  0.7036 
   00598    0.3400    -258.0284  0.7155 
   00599    0.4300    -245.2328  0.6877 
   00600    0.3600    -259.6724  0.7176 
   00601    0.4800    -252.9052  0.6863 
   00602    0.3800    -247.5807  0.6338 
   00603    0.4200    -250.5207  0.6817 
   00604    0.4200    -266.8220  0.6693 
   00605    0.4500    -273.9951  0.6593 
   00606    0.4800    -274.8235  0.6539 
   00607    0.3500    -264.2350  0.6513 
   00608    0.4500    -258.4047  0.6235 
   00609    0.5200    -257.2573  0.6334 
   00610    0.5700    -250.5240  0.6433 
   00611    0.4600    -248.6365  0.6059 
   00612    0.4000    -265.7137  0.6192 
   00613    0.4600    -255.8127  0.6291 
   00614    0.4100    -274.7913  0.6485 
   00615    0.3700    -271.4199  0.6484 
   00616    0.3500    -278.1867  0.6565 
   00617    0.4000    -251.8217  0.6377 
   00618    0.5400    -252.7517  0.6418 
   00619    0.5100    -257.5928  0.6243 
   00620    0.4700    -254.0233  0.6671 
   00621    0.4800    -257.4260  0.6480 
   00622    0.5000    -262.5210  0.6387 
   00623    0.4200    -259.3372  0.6426 
   00624    0.5200    -264.3509  0.6017 
   00625    0.4700    -266.3463  0.5779 
   00626    0.4200    -246.5723  0.5542 
   00627    0.5500    -253.6657  0.5712 
   00628    0.5100    -242.3492  0.5743 
   00629    0.4600    -265.3495  0.6232 
   00630    0.3600    -260.2471  0.6478 
   00631    0.4400    -263.0558  0.6821 
   00632    0.4400    -240.1348  0.6124 
   00633    0.4700    -242.1916  0.5801 
   00634    0.4800    -254.3715  0.5388 
   00635    0.4200    -241.5864  0.5338 
   00636    0.4500    -236.6317  0.5246 
   00637    0.4700    -232.2053  0.5094 
   00638    0.5500    -250.4157  0.5111 
   00639    0.3900    -259.6650  0.5771 
   00640    0.5400    -251.7102  0.6266 
   00641    0.4500    -242.9341  0.6172 
   00642    0.5200    -232.9260  0.5263 
   00643    0.5300    -214.5454  0.4914 
   00644    0.6200    -232.1107  0.5071 
   00645    0.4500    -238.1079  0.5182 
   00646    0.4800    -228.6686  0.5658 
   00647    0.5400    -208.7039  0.5382 
   00648    0.4900    -224.1809  0.5170 
   00649    0.4800    -232.1417  0.5302 
   00650    0.5000    -231.6913  0.5185 
   00651    0.5700    -225.7158  0.5113 
   00652    0.4700    -218.8015  0.5102 
   00653    0.5000    -214.5305  0.5093 
   00654    0.5200    -226.3523  0.4855 
   00655    0.5500    -226.2739  0.4430 
   00656    0.5100    -220.6904  0.4367 
   00657    0.4500    -242.7913  0.4548 
   00658    0.4600    -219.8385  0.4281 
   00659    0.4600    -228.9073  0.4398 
   00660    0.4900    -225.3068  0.4777 
   00661    0.5300    -228.7910  0.5392 
   00662    0.4700    -241.5853  0.5425 
   00663    0.4200    -248.3518  0.5278 
   00664    0.3700    -246.2842  0.5585 
   00665    0.5400    -255.0240  0.6432 
   00666    0.5100    -262.4486  0.6459 
   00667    0.4600    -271.4003  0.6811 
   00668    0.3800    -267.2923  0.6898 
   00669    0.3600    -267.8400  0.7075 
   00670    0.4700    -271.9126  0.7141 
   00671    0.4500    -265.0581  0.6953 
   00672    0.5100    -262.8431  0.7161 
   00673    0.3600    -258.9201  0.7108 
   00674    0.4800    -261.3041  0.6856 
   00675    0.5200    -238.5951  0.6321 
   00676    0.4600    -229.4335  0.5755 
   00677    0.5000    -224.4870  0.5599 
   00678    0.4900    -209.1300  0.5312 
   00679    0.5500    -205.5428  0.5191 
   00680    0.5400    -198.9648  0.5123 
   00681    0.5400    -200.8887  0.4820 
   00682    0.5500    -212.0762  0.4735 
   00683    0.5900    -215.2625  0.4561 
   00684    0.4300    -222.5881  0.4648 
   00685    0.5000    -234.6839  0.4640 
   00686    0.5000    -231.4051  0.4448 
   00687    0.4800    -223.2569  0.4693 
   00688    0.4800    -219.6967  0.4382 
   00689    0.4900    -218.7727  0.4855 
   00690    0.4600    -212.4407  0.4300 
   00691    0.4300    -218.7884  0.4020 
   00692    0.5800    -206.0127  0.4212 
   00693    0.5600    -201.5356  0.3988 
   00694    0.5500    -209.7020  0.3559 
   00695    0.4800    -228.2438  0.3772 
   00696    0.4800    -225.6030  0.4156 
   00697    0.4800    -221.5532  0.4418 
   00698    0.4900    -230.1579  0.4906 
   00699    0.4900    -234.2762  0.5371 
   00700    0.4500    -243.2824  0.5789 
   00701    0.4200    -265.2013  0.6354 
   00702    0.4200    -266.7331  0.6356 
   00703    0.4700    -262.0667  0.6174 
   00704    0.4600    -238.5423  0.6259 
   00705    0.5300    -234.4326  0.5698 
   00706    0.5300    -217.2951  0.5534 
   00707    0.4700    -230.6718  0.5079 
   00708    0.5200    -233.6167  0.4646 
   00709    0.5200    -238.4133  0.5149 
   00710    0.5800    -227.2814  0.4247 
   00711    0.5100    -224.4614  0.4039 
   00712    0.5100    -226.6874  0.4456 
   00713    0.5400    -228.9599  0.3929 
   00714    0.4700    -246.5618  0.4734 
   00715    0.4600    -221.8569  0.4731 
   00716    0.5000    -212.9810  0.4873 
   00717    0.5400    -205.1381  0.4921 
   00718    0.5600    -200.6566  0.4648 
   00719    0.6300    -198.7062  0.4704 
   00720    0.4800    -192.3643  0.4639 
   00721    0.5200    -165.5501  0.4162 
   00722    0.5800    -214.6149  0.5135 
   00723    0.5100    -218.7699  0.5020 
   00724    0.4100    -228.4891  0.4885 
   00725    0.5400    -228.4582  0.4963 
   00726    0.5600    -229.4492  0.5614 
   00727    0.5400    -245.0319  0.6266 
   00728    0.4500    -246.7988  0.6595 
   00729    0.5100    -254.6696  0.6042 
   00730    0.4900    -244.6948  0.5626 
   00731    0.4200    -248.5296  0.5075 
   00732    0.5700    -251.8765  0.5318 
   00733    0.5200    -261.4547  0.5922 
   00734    0.4600    -275.9746  0.5614 
   00735    0.4400    -261.0170  0.5412 
   00736    0.4400    -254.3541  0.5608 
   00737    0.4400    -260.7968  0.5576 
   00738    0.4300    -236.0015  0.5353 
   00739    0.5400    -238.4290  0.5173 
   00740    0.6000    -241.4712  0.5126 
   00741    0.4300    -240.5717  0.4885 
   00742    0.3800    -236.3353  0.4830 
   00743    0.5700    -228.1529  0.4852 
   00744    0.5600    -216.3018  0.4827 
   00745    0.5500    -212.4762  0.5055 
   00746    0.5400    -220.9650  0.4866 
   00747    0.4700    -222.0110  0.5248 
   00748    0.5800    -228.8806  0.5012 
   00749    0.5800    -219.2027  0.4440 
   00750    0.5800    -231.1067  0.3924 
   00751    0.5500    -241.9726  0.4282 
   00752    0.4700    -224.4496  0.4086 
   00753    0.4800    -240.0128  0.4428 
   00754    0.5400    -234.1117  0.4149 
   00755    0.4500    -239.3370  0.4300 
   00756    0.4700    -244.1715  0.4676 
   00757    0.4900    -243.0147  0.4539 
   00758    0.4900    -238.7624  0.4339 
   00759    0.5200    -250.0441  0.4776 
   00760    0.4900    -242.1747  0.4749 
   00761    0.5200    -236.4651  0.4766 
   00762    0.5300    -226.2350  0.4820 
   00763    0.4400    -223.5850  0.4743 
   00764    0.5000    -220.6754  0.4779 
   00765    0.4300    -231.0799  0.5057 
   00766    0.3800    -236.5544  0.4931 
   00767    0.4800    -249.5646  0.5353 
   00768    0.4300    -258.5990  0.5283 
   00769    0.4200    -250.5929  0.5203 
   00770    0.4600    -245.5342  0.5117 
   00771    0.5100    -250.9122  0.4984 
   00772    0.4700    -262.8246  0.5501 
   00773    0.4900    -247.5718  0.4953 
   00774    0.5100    -245.1579  0.4706 
   00775    0.5500    -212.1603  0.3911 
   00776    0.5500    -230.4988  0.3518 
   00777    0.4900    -227.6798  0.3538 
   00778    0.3700    -219.9679  0.3936 
   00779    0.5500    -211.7528  0.3747 
   00780    0.5100    -222.1984  0.3689 
   00781    0.4900    -214.9317  0.3988 
   00782    0.6000    -212.4250  0.3318 
   00783    0.5100    -241.3855  0.3647 
   00784    0.4100    -229.2306  0.3675 
   00785    0.4800    -226.1199  0.3165 
   00786    0.5000    -236.0835  0.3199 
   00787    0.5100    -222.7053  0.2672 
   00788    0.4200    -241.8820  0.2843 
   00789    0.4400    -245.8049  0.3021 
   00790    0.5300    -223.5449  0.2980 
   00791    0.5100    -234.8158  0.3130 
   00792    0.4900    -219.9578  0.2991 
   00793    0.5900    -227.8235  0.3162 
   00794    0.4800    -217.4718  0.3017 
   00795    0.5400    -216.5276  0.3181 
   00796    0.4300    -214.0733  0.4081 
   00797    0.6300    -187.0922  0.4210 
   00798    0.6100    -200.8919  0.4236 
   00799    0.5600    -199.6811  0.4780 
   00800    0.6300    -219.2076  0.4565 
   00801    0.5700    -220.7896  0.4894 
   00802    0.5700    -211.9326  0.5032 
   00803    0.4800    -233.0114  0.5944 
   00804    0.5200    -240.1676  0.5744 
   00805    0.4900    -234.4964  0.5764 
   00806    0.4200    -248.6956  0.5326 
   00807    0.4900    -244.5716  0.5689 
   00808    0.3500    -256.0721  0.5782 
   00809    0.4800    -243.5308  0.5771 
   00810    0.4600    -241.4566  0.5616 
   00811    0.4500    -261.3551  0.5901 
   00812    0.4200    -253.8498  0.6325 
   00813    0.5100    -248.5637  0.5977 
   00814    0.4900    -261.7274  0.6080 
   00815    0.4800    -247.1768  0.5118 
   00816    0.4600    -241.6807  0.4713 
   00817    0.5500    -237.4586  0.5130 
   00818    0.4000    -238.6719  0.5554 
   00819    0.5100    -233.5613  0.6263 
   00820    0.4400    -218.9576  0.5842 
   00821    0.4400    -210.4688  0.5439 
   00822    0.5200    -215.2604  0.5235 
   00823    0.5500    -212.0395  0.5503 
   00824    0.5700    -199.5139  0.4863 
   00825    0.6600    -208.9466  0.5735 
   00826    0.4900    -234.9422  0.6066 
   00827    0.5000    -232.2824  0.6093 
   00828    0.5000    -239.4606  0.6459 
   00829    0.3700    -245.6340  0.6287 
   00830    0.4500    -239.9736  0.6370 
   00831    0.5700    -243.8032  0.6758 
   00832    0.5200    -257.2353  0.6961 
   00833    0.5600    -259.1139  0.7047 
   00834    0.4000    -270.3599  0.7309 
   00835    0.5200    -286.4990  0.7521 
   00836    0.3500    -255.5614  0.7299 
   00837    0.4000    -260.1820  0.7312 
   00838    0.5000    -276.5917  0.7628 
   00839    0.5200    -268.9345  0.7370 
   00840    0.4200    -267.2429  0.7442 
   00841    0.4500    -248.9342  0.6979 
   00842    0.5100    -255.0195  0.7010 
   00843    0.4000    -266.3106  0.6941 
   00844    0.4300    -258.6871  0.6944 
   00845    0.4700    -245.9141  0.6674 
   00846    0.5200    -238.2279  0.6811 
   00847    0.5300    -238.5323  0.6170 
   00848    0.4700    -242.1819  0.6562 
   00849    0.5200    -258.4886  0.6377 
   00850    0.4600    -259.6113  0.6605 
   00851    0.4800    -253.1210  0.6331 
   00852    0.4500    -254.9886  0.6657 
   00853    0.5100    -259.1648  0.6440 
   00854    0.4700    -267.8939  0.6626 
   00855    0.4100    -262.7009  0.6347 
   00856    0.5000    -249.7097  0.6036 
   00857    0.4300    -248.7039  0.6277 
   00858    0.5100    -248.6445  0.6506 
   00859    0.4900    -245.7854  0.6613 
   00860    0.4700    -229.9683  0.5921 
   00861    0.4400    -233.6167  0.6209 
   00862    0.4900    -235.1463  0.5960 
   00863    0.5200    -238.1923  0.6053 
   00864    0.4700    -240.6682  0.5862 
   00865    0.4500    -232.2078  0.6080 
   00866    0.4000    -247.3681  0.6376 
   00867    0.5300    -237.6051  0.6450 
   00868    0.5100    -264.5189  0.6906 
   00869    0.5000    -237.1892  0.6333 
   00870    0.5300    -229.1529  0.6362 
   00871    0.5300    -222.0284  0.5755 
   00872    0.5600    -211.6257  0.5761 
   00873    0.6200    -206.5987  0.4926 
   00874    0.5000    -247.8605  0.4696 
   00875    0.4000    -232.3103  0.3909 
   00876    0.5300    -206.5757  0.4218 
   00877    0.5100    -200.5532  0.4172 
   00878    0.4700    -205.4977  0.3992 
   00879    0.6000    -215.6627  0.4191 
   00880    0.5500    -212.3045  0.4286 
   00881    0.5900    -190.6926  0.3997 
   00882    0.6100    -169.5462  0.4590 
   00883    0.6700    -187.8899  0.3909 
   00884    0.5200    -189.4548  0.3770 
   00885    0.5300    -185.0556  0.4046 
   00886    0.5100    -193.8056  0.4624 
   00887    0.5900    -213.5431  0.5308 
   00888    0.5200    -222.5224  0.5846 
   00889    0.5000    -240.8563  0.5778 
   00890    0.4100    -228.5515  0.5834 
   00891    0.5400    -233.3334  0.5193 
   00892    0.5600    -241.3932  0.5340 
   00893    0.5200    -234.4665  0.6021 
   00894    0.5600    -219.2195  0.6084 
   00895    0.4400    -222.1561  0.5770 
   00896    0.4400    -235.5074  0.5859 
   00897    0.3700    -256.0098  0.5809 
   00898    0.5300    -258.7676  0.5519 
   00899    0.4600    -241.4335  0.5262 
   00900    0.4900    -239.2547  0.4850 
   00901    0.4700    -234.3963  0.4520 
   00902    0.4600    -208.8970  0.3667 
   00903    0.5000    -230.1784  0.3886 
   00904    0.5500    -235.5803  0.4014 
   00905    0.5600    -238.2990  0.4247 
   00906    0.5100    -222.2687  0.4372 
   00907    0.5500    -216.9057  0.4335 
   00908    0.5200    -204.7854  0.4262 
   00909    0.4500    -191.4166  0.4132 
   00910    0.5800    -194.5641  0.3942 
   00911    0.6300    -202.8112  0.4706 
   00912    0.4500    -216.4790  0.4965 
   00913    0.5500    -219.9660  0.4789 
   00914    0.5300    -227.2165  0.4733 
   00915    0.5200    -229.5745  0.4190 
   00916    0.4700    -225.5561  0.4291 
   00917    0.5900    -225.0680  0.4187 
   00918    0.6300    -238.5869  0.4892 
   00919    0.5300    -236.6180  0.4894 
   00920    0.5200    -229.8034  0.5580 
   00921    0.5300    -243.0583  0.5639 
   00922    0.4900    -236.5662  0.5406 
   00923    0.4100    -241.1079  0.5608 
   00924    0.5100    -228.5550  0.5678 
   00925    0.5000    -229.1585  0.5751 
   00926    0.5800    -243.5801  0.5903 
   00927    0.5000    -257.5324  0.6738 
   00928    0.4200    -272.2765  0.7171 
   00929    0.4200    -261.2679  0.6893 
   00930    0.4500    -257.1055  0.7249 
   00931    0.4600    -264.1355  0.7524 
   00932    0.4400    -259.3834  0.7419 
   00933    0.4700    -243.4349  0.6648 
   00934    0.4600    -233.1815  0.6147 
   00935    0.5500    -243.4145  0.6492 
   00936    0.4700    -242.4020  0.6875 
   00937    0.3500    -244.4044  0.6751 
   00938    0.4500    -261.4051  0.7008 
   00939    0.4300    -236.4213  0.6318 
   00940    0.4300    -252.9718  0.6328 
   00941    0.4900    -247.3914  0.5967 
   00942    0.4200    -239.2604  0.5780 
   00943    0.4400    -245.6485  0.5855 
   00944    0.5400    -250.1652  0.6424 
   00945    0.4500    -239.7030  0.6165 
   00946    0.5300    -243.4448  0.6263 
   00947    0.5700    -255.0319  0.6494 
   00948    0.4300    -243.7633  0.6368 
   00949    0.4500    -245.0030  0.6624 
   00950    0.4500    -261.8727  0.6726 
   00951    0.3900    -256.1084  0.6982 
   00952    0.4200    -248.2488  0.6806 
   00953    0.3300    -251.3552  0.6549 
   00954    0.4500    -236.2114  0.6217 
   00955    0.4700    -231.8981  0.6427 
   00956    0.5300    -224.6358  0.5742 
   00957    0.6200    -233.7102  0.5777 
   00958    0.4900    -240.1121  0.5505 
   00959    0.4700    -228.4999  0.5688 
   00960    0.5300    -241.5836  0.6128 
   00961    0.4400    -236.8730  0.5958 
   00962    0.5500    -231.3318  0.5835 
   00963    0.5800    -223.2258  0.4774 
   00964    0.4300    -229.6280  0.4830 
   00965    0.4900    -225.7538  0.4902 
   00966    0.5200    -227.0793  0.4937 
   00967    0.5300    -229.9363  0.4778 
   00968    0.6300    -215.4183  0.4305 
   00969    0.5300    -215.2915  0.4213 
   00970    0.5600    -221.8945  0.4728 
   00971    0.5800    -227.9966  0.5023 
   00972    0.5400    -249.5143  0.5623 
   00973    0.5100    -255.9472  0.5672 
   00974    0.4500    -247.5018  0.5437 
   00975    0.4300    -231.9918  0.4875 
   00976    0.4300    -223.7768  0.4775 
   00977    0.4800    -231.5580  0.4736 
   00978    0.5000    -230.9346  0.4587 
   00979    0.5400    -221.0009  0.4107 
   00980    0.5500    -221.0130  0.4791 
   00981    0.5200    -226.5683  0.5246 
   00982    0.5300    -210.5524  0.4910 
   00983    0.5500    -216.5487  0.5476 
   00984    0.4500    -230.5174  0.5855 
   00985    0.4800    -229.6674  0.5515 
   00986    0.5100    -240.9932  0.5272 
   00987    0.5100    -241.4983  0.5237 
   00988    0.4700    -230.0424  0.4911 
   00989    0.5700    -230.3304  0.4640 
   00990    0.4900    -252.5213  0.4320 
   00991    0.4400    -244.5457  0.4131 
   00992    0.5600    -221.2558  0.4118 
   00993    0.4400    -241.0989  0.3923 
   00994    0.4600    -239.3854  0.4261 
   00995    0.5100    -239.9249  0.4365 
   00996    0.5200    -241.5613  0.4426 
   00997    0.5400    -262.4883  0.4819 
   00998    0.4600    -259.7643  0.4699 
   00999    0.3400    -241.8725  0.4689 
   01000    0.5200    -247.2604  0.4664 
