#=====================================================
# File created:        Fri-08-Mar-2024-at-05-08-41PM
# Size of lattice:     10x10
# Number of MC steps:  1000
# Reduced temperature: 1.000
# Run time (s):        12.654895
#=====================================================
# MC step:  Ratio:     Energy:   Order:
#=====================================================
   00000    0.5000    -113.6264  0.3884 
   00001    0.6900    -166.8672  0.3751 
   00002    0.5800    -187.3476  0.3502 
   00003    0.6300    -206.5890  0.3459 
   00004    0.5300    -215.0427  0.2750 
   00005    0.5300    -211.8138  0.2821 
   00006    0.5600    -217.7297  0.2964 
   00007    0.4700    -216.3786  0.3057 
   00008    0.4800    -206.0282  0.2997 
   00009    0.4600    -205.4099  0.3092 
   00010    0.5600    -194.0268  0.3261 
   00011    0.4900    -209.0945  0.3326 
   00012    0.4300    -220.3882  0.3493 
   00013    0.5200    -245.9214  0.4400 
   00014    0.5000    -244.9508  0.5200 
   00015    0.4400    -252.0575  0.5531 
   00016    0.4400    -259.9934  0.6082 
   00017    0.4900    -260.9056  0.5856 
   00018    0.3700    -255.7754  0.5506 
   00019    0.4200    -260.4123  0.5461 
   00020    0.4400    -277.0637  0.5711 
   00021    0.4400    -257.2679  0.5798 
   00022    0.4500    -274.8325  0.6258 
   00023    0.4500    -245.5819  0.5817 
   00024    0.3700    -236.5299  0.5950 
   00025    0.4300    -255.2038  0.5804 
   00026    0.5500    -247.1032  0.5804 
   00027    0.5500    -250.5895  0.5887 
   00028    0.6000    -242.0808  0.6228 
   00029    0.5400    -255.3909  0.6527 
   00030    0.4400    -267.3005  0.6657 
   00031    0.4400    -264.5617  0.6557 
   00032    0.4900    -247.4522  0.6155 
   00033    0.3800    -221.5273  0.5614 
   00034    0.4800    -230.8824  0.5801 
   00035    0.5300    -224.1923  0.6041 
   00036    0.4900    -229.3565  0.5683 
   00037    0.5100    -233.3858  0.5407 
   00038    0.5200    -215.1210  0.5070 
   00039    0.4400    -240.8873  0.5390 
   00040    0.6100    -209.2957  0.4818 
   00041    0.4200    -223.9106  0.5701 
   00042    0.3600    -233.3761  0.6057 
   00043    0.4800    -243.0861  0.6132 
   00044    0.4900    -248.7089  0.5693 
   00045    0.4500    -228.5546  0.5819 
   00046    0.5000    -234.0763  0.5680 
   00047    0.4900    -246.9636  0.5930 
   00048    0.4700    -223.1577  0.5346 
   00049    0.4800    -227.0064  0.5570 
   00050    0.4900    -253.1051  0.6089 
   00051    0.4300    -258.7541  0.6075 
   00052    0.4200    -249.5601  0.6269 
   00053    0.4500    -268.2336  0.6704 
   00054    0.4600    -255.4987  0.6746 
   00055    0.3900    -265.0905  0.6895 
   00056    0.4100    -282.5073  0.7607 
   00057    0.5400    -252.2580  0.6959 
   00058    0.3700    -265.6686  0.7240 
   00059    0.4900    -263.9340  0.7476 
   00060    0.4800    -279.6905  0.7724 
   00061    0.4800    -284.4943  0.7791 
   00062    0.3800    -290.6732  0.7818 
   00063    0.3900    -279.0900  0.7459 
   00064    0.3900    -269.2862  0.7101 
   00065    0.4100    -278.6906  0.7101 
   00066    0.4200    -256.0434  0.6927 
   00067    0.4000    -257.1690  0.6970 
   00068    0.3800    -251.2691  0.7007 
   00069    0.3700    -251.5725  0.7001 
   00070    0.4800    -242.1841  0.7146 
   00071    0.4800    -247.2591  0.7178 
   00072    0.4200    -259.3065  0.6803 
   00073    0.4900    -258.0546  0.7009 
   00074    0.4500    -259.1964  0.7280 
   00075    0.4600    -239.9285  0.6758 
   00076    0.5500    -244.1034  0.6698 
   00077    0.4700    -255.0910  0.7083 
   00078    0.5100    -257.5171  0.7027 
   00079    0.4800    -250.3411  0.6600 
   00080    0.4200    -245.3490  0.6780 
   00081    0.4400    -264.0766  0.6321 
   00082    0.3300    -256.7396  0.6366 
   00083    0.4700    -248.7282  0.5571 
   00084    0.4100    -247.0855  0.5935 
   00085    0.4500    -244.5752  0.5591 
   00086    0.4800    -247.7924  0.5772 
   00087    0.4500    -255.0601  0.6126 
   00088    0.4800    -248.6691  0.5341 
   00089    0.4800    -256.7676  0.5327 
   00090    0.5300    -257.5556  0.5024 
   00091    0.5000    -250.0615  0.5640 
   00092    0.5200    -252.3747  0.6056 
   00093    0.4400    -265.5478  0.6270 
   00094    0.4600    -245.7872  0.6145 
   00095    0.4500    -237.8626  0.6205 
   00096    0.4900    -234.3917  0.6058 
   00097    0.4800    -232.8764  0.5573 
   00098    0.5600    -239.1379  0.5352 
   00099    0.5300    -238.7757  0.5782 
   00100    0.4600    -230.4626  0.5045 
   00101    0.4500    -216.3885  0.4571 
   00102    0.5100    -231.5714  0.5211 
   00103    0.5100    -211.0421  0.5227 
   00104    0.5600    -220.2679  0.5196 
   00105    0.5700    -233.5659  0.5699 
   00106    0.5900    -226.3954  0.5757 
   00107    0.5300    -232.1728  0.5514 
   00108    0.5300    -243.0070  0.5880 
   00109    0.4500    -237.4162  0.5515 
   00110    0.6700    -242.6782  0.4729 
   00111    0.5800    -214.1920  0.4754 
   00112    0.5300    -207.5664  0.4484 
   00113    0.5400    -215.2434  0.4369 
   00114    0.6000    -198.3110  0.4728 
   00115    0.6600    -201.6614  0.5144 
   00116    0.5100    -203.5030  0.5252 
   00117    0.6000    -198.9670  0.5128 
   00118    0.4800    -207.7994  0.5556 
   00119    0.5500    -205.0895  0.5625 
   00120    0.5900    -208.4341  0.4664 
   00121    0.5500    -194.1472  0.4679 
   00122    0.6100    -189.7847  0.4401 
   00123    0.5600    -194.4186  0.4288 
   00124    0.6100    -197.5604  0.3967 
   00125    0.6900    -192.2660  0.4278 
   00126    0.6300    -209.2395  0.4715 
   00127    0.4500    -220.6219  0.4797 
   00128    0.5100    -221.6528  0.4622 
   00129    0.5900    -230.8305  0.4389 
   00130    0.5000    -215.7297  0.4356 
   00131    0.4900    -211.4076  0.4825 
   00132    0.5300    -201.2807  0.4926 
   00133    0.4700    -206.6773  0.4567 
   00134    0.5600    -221.7630  0.5063 
   00135    0.3900    -223.8332  0.4542 
   00136    0.5500    -245.3983  0.4470 
   00137    0.4300    -243.2923  0.5012 
   00138    0.5000    -227.5614  0.4170 
   00139    0.4900    -216.8704  0.3721 
   00140    0.4700    -223.3287  0.3609 
   00141    0.4300    -208.6355  0.3416 
   00142    0.5400    -231.6078  0.4027 
   00143    0.4700    -209.0144  0.4147 
   00144    0.6100    -238.5351  0.4684 
   00145    0.5200    -260.6430  0.5445 
   00146    0.5100    -244.3347  0.5424 
   00147    0.4300    -248.5846  0.5538 
   00148    0.4900    -242.7450  0.5491 
   00149    0.4000    -251.8315  0.5542 
   00150    0.5100    -258.8464  0.6209 
   00151    0.3400    -260.1434  0.6636 
   00152    0.4700    -247.6063  0.6639 
   00153    0.4300    -254.9917  0.6849 
   00154    0.4600    -255.9953  0.6805 
   00155    0.4500    -257.7827  0.6612 
   00156    0.5200    -264.9460  0.6749 
   00157    0.3700    -253.5129  0.6634 
   00158    0.4600    -250.7839  0.7313 
   00159    0.4600    -248.0390  0.6722 
   00160    0.4700    -240.0110  0.6328 
   00161    0.4400    -213.1171  0.5523 
   00162    0.5400    -229.8437  0.6221 
   00163    0.4800    -240.9626  0.6249 
   00164    0.4500    -243.7275  0.6093 
   00165    0.4800    -234.7374  0.5794 
   00166    0.5200    -235.3113  0.5862 
   00167    0.4800    -240.8596  0.5771 
   00168    0.4500    -241.3659  0.5548 
   00169    0.4700    -219.2937  0.5435 
   00170    0.5000    -242.2955  0.5154 
   00171    0.4700    -246.1237  0.5154 
   00172    0.5000    -242.9197  0.4808 
   00173    0.4300    -227.7095  0.4635 
   00174    0.5100    -221.7746  0.5025 
   00175    0.4000    -227.8613  0.5124 
   00176    0.4400    -233.2886  0.4484 
   00177    0.5300    -230.0236  0.4254 
   00178    0.3800    -248.3413  0.4715 
   00179    0.5200    -245.5489  0.4113 
   00180    0.4700    -255.0706  0.4539 
   00181    0.4200    -228.4256  0.4419 
   00182    0.5400    -224.9875  0.5423 
   00183    0.4400    -228.9650  0.5582 
   00184    0.5300    -228.1121  0.6000 
   00185    0.5200    -237.1413  0.6114 
   00186    0.5800    -234.6896  0.6297 
   00187    0.5800    -234.2935  0.6538 
   00188    0.5200    -228.8985  0.6646 
   00189    0.4300    -248.7234  0.6883 
   00190    0.4700    -236.1859  0.6723 
   00191    0.4100    -236.4363  0.6552 
   00192    0.5500    -221.8797  0.5731 
   00193    0.3700    -218.6252  0.5576 
   00194    0.6100    -212.1786  0.5286 
   00195    0.4500    -227.3312  0.5810 
   00196    0.4800    -236.9701  0.6491 
   00197    0.4400    -242.3031  0.6335 
   00198    0.6300    -234.1753  0.6322 
   00199    0.5500    -262.4982  0.6675 
   00200    0.4400    -262.0072  0.6912 
   00201    0.4800    -269.7928  0.5979 
   00202    0.4200    -256.2132  0.6954 
   00203    0.5400    -263.3645  0.7405 
   00204    0.4200    -271.9085  0.7313 
   00205    0.4400    -260.5068  0.6797 
   00206    0.4200    -273.3368  0.7342 
   00207    0.4600    -269.6449  0.7348 
   00208    0.4600    -266.0802  0.7243 
   00209    0.4600    -258.0945  0.7015 
   00210    0.3600    -278.7590  0.7532 
   00211    0.3700    -279.4258  0.7707 
   00212    0.3800    -289.5483  0.8028 
   00213    0.4100    -296.6898  0.8325 
   00214    0.3600    -298.4482  0.8265 
   00215    0.4000    -300.2476  0.8156 
   00216    0.3600    -291.2906  0.7893 
   00217    0.4500    -279.7321  0.7686 
   00218    0.5100    -264.2390  0.7653 
   00219    0.4700    -245.7248  0.7183 
   00220    0.4100    -255.1975  0.7062 
   00221    0.4700    -249.2221  0.6663 
   00222    0.5300    -251.4438  0.7015 
   00223    0.4700    -278.5797  0.7488 
   00224    0.4500    -267.4174  0.7145 
   00225    0.4600    -261.0513  0.7144 
   00226    0.5400    -257.4781  0.6843 
   00227    0.4700    -242.3575  0.5963 
   00228    0.4600    -236.7010  0.5957 
   00229    0.4500    -237.0642  0.5968 
   00230    0.5500    -242.2087  0.6234 
   00231    0.4800    -239.3940  0.5922 
   00232    0.5900    -243.8798  0.5614 
   00233    0.5200    -249.8131  0.5865 
   00234    0.4000    -258.8059  0.6069 
   00235    0.4900    -254.6082  0.6463 
   00236    0.4000    -252.5485  0.6593 
   00237    0.5300    -271.2030  0.6801 
   00238    0.4800    -280.3282  0.6877 
   00239    0.5400    -265.9330  0.6814 
   00240    0.4200    -255.5972  0.6759 
   00241    0.5200    -246.6761  0.6081 
   00242    0.5300    -243.1409  0.6069 
   00243    0.5100    -243.2084  0.6158 
   00244    0.4600    -263.7945  0.6195 
   00245    0.4300    -281.4110  0.6700 
   00246    0.5000    -277.9518  0.7066 
   00247    0.3200    -285.4404  0.7107 
   00248    0.3800    -286.3815  0.7227 
   00249    0.4600    -278.9579  0.6854 
   00250    0.4400    -284.2300  0.6895 
   00251    0.4400    -271.6139  0.7272 
   00252    0.4600    -279.8130  0.7515 
   00253    0.4400    -279.9810  0.7569 
   00254    0.3700    -273.9654  0.7337 
   00255    0.3900    -264.4682  0.7081 
   00256    0.4300    -258.0217  0.6944 
   00257    0.4500    -258.9899  0.7445 
   00258    0.4600    -247.5137  0.7282 
   00259    0.4900    -255.4001  0.6744 
   00260    0.4600    -259.9721  0.6464 
   00261    0.4000    -269.3324  0.6519 
   00262    0.3800    -280.7506  0.6498 
   00263    0.3700    -270.1195  0.6149 
   00264    0.4800    -270.0605  0.6574 
   00265    0.4300    -257.6519  0.6104 
   00266    0.4600    -277.0718  0.6450 
   00267    0.3900    -290.0305  0.7116 
   00268    0.4600    -290.7832  0.7027 
   00269    0.4900    -261.9900  0.6403 
   00270    0.4400    -243.1742  0.6195 
   00271    0.4200    -245.0951  0.6263 
   00272    0.5700    -194.2863  0.5483 
   00273    0.5600    -206.0339  0.5376 
   00274    0.4500    -220.6063  0.5802 
   00275    0.5000    -232.0208  0.5753 
   00276    0.4700    -236.2304  0.5902 
   00277    0.5700    -243.0445  0.6055 
   00278    0.5100    -248.8850  0.6129 
   00279    0.4800    -239.6723  0.6162 
   00280    0.4700    -251.3548  0.6169 
   00281    0.4700    -260.4198  0.6041 
   00282    0.5000    -258.5160  0.5936 
   00283    0.4100    -260.5499  0.6416 
   00284    0.3400    -266.2240  0.6445 
   00285    0.4100    -268.9303  0.6662 
   00286    0.5200    -249.1858  0.6508 
   00287    0.5600    -231.3880  0.6109 
   00288    0.5400    -232.2430  0.6082 
   00289    0.5000    -243.5020  0.6071 
   00290    0.4300    -248.3017  0.6035 
   00291    0.4500    -257.9172  0.6205 
   00292    0.4300    -236.7021  0.6073 
   00293    0.4700    -259.8214  0.6763 
   00294    0.5000    -247.6114  0.6232 
   00295    0.4100    -254.9306  0.6035 
   00296    0.4700    -240.8921  0.5855 
   00297    0.4400    -254.3643  0.6122 
   00298    0.5000    -255.7047  0.6555 
   00299    0.4300    -267.4486  0.6314 
   00300    0.4100    -274.1212  0.6762 
   00301    0.4800    -255.4455  0.6436 
   00302    0.3800    -257.3460  0.6458 
   00303    0.4500    -262.3397  0.6746 
   00304    0.3800    -258.6509  0.6927 
   00305    0.5400    -251.6515  0.7313 
   00306    0.4400    -245.2186  0.7425 
   00307    0.4500    -253.8572  0.7526 
   00308    0.4600    -238.3990  0.6780 
   00309    0.4900    -244.3639  0.6869 
   00310    0.5100    -235.7598  0.6923 
   00311    0.4700    -238.7435  0.6752 
   00312    0.4800    -240.2665  0.6273 
   00313    0.4700    -252.1147  0.6530 
   00314    0.5300    -256.4032  0.6502 
   00315    0.4900    -245.8197  0.5882 
   00316    0.4600    -258.1488  0.6222 
   00317    0.4800    -267.3595  0.6653 
   00318    0.4200    -252.3827  0.6552 
   00319    0.4600    -253.6691  0.6384 
   00320    0.4400    -254.8997  0.6663 
   00321    0.4000    -262.0196  0.6378 
   00322    0.5600    -245.0979  0.5922 
   00323    0.4900    -254.0692  0.5935 
   00324    0.4400    -245.3640  0.6026 
   00325    0.4400    -244.4924  0.6190 
   00326    0.5200    -240.8172  0.6027 
   00327    0.4100    -237.2669  0.6639 
   00328    0.5700    -227.2321  0.6026 
   00329    0.5100    -225.4823  0.6079 
   00330    0.5500    -216.8290  0.6141 
   00331    0.5700    -230.4705  0.6404 
   00332    0.4600    -267.1783  0.7295 
   00333    0.4700    -271.6666  0.6854 
   00334    0.4100    -280.9298  0.7177 
   00335    0.5000    -276.2384  0.6906 
   00336    0.4800    -279.2078  0.6837 
   00337    0.5000    -292.9551  0.6932 
   00338    0.3500    -279.9545  0.7058 
   00339    0.3700    -278.8406  0.7026 
   00340    0.5100    -253.9438  0.6492 
   00341    0.4600    -246.3704  0.6230 
   00342    0.4700    -244.0264  0.6117 
   00343    0.4200    -255.3662  0.6746 
   00344    0.4700    -272.6747  0.7171 
   00345    0.4100    -278.2446  0.7241 
   00346    0.5000    -287.2728  0.7527 
   00347    0.4600    -285.5085  0.7574 
   00348    0.4500    -284.7738  0.7811 
   00349    0.4500    -273.8576  0.7624 
   00350    0.3800    -273.5647  0.7483 
   00351    0.4000    -280.2158  0.7390 
   00352    0.3600    -274.5888  0.7462 
   00353    0.5400    -261.3070  0.7346 
   00354    0.5100    -255.8199  0.7296 
   00355    0.5200    -225.2333  0.7013 
   00356    0.5300    -253.2735  0.6923 
   00357    0.5300    -247.9341  0.7085 
   00358    0.4900    -229.7891  0.6119 
   00359    0.4600    -237.1208  0.6005 
   00360    0.4900    -268.6230  0.6440 
   00361    0.4300    -249.2432  0.5819 
   00362    0.4700    -248.0791  0.5798 
   00363    0.4500    -235.9683  0.5722 
   00364    0.6300    -239.2384  0.5747 
   00365    0.5100    -246.4089  0.5616 
   00366    0.5300    -245.4653  0.6247 
   00367    0.5300    -256.6517  0.5864 
   00368    0.4300    -251.0237  0.5705 
   00369    0.4200    -254.7918  0.5339 
   00370    0.4400    -245.7109  0.4895 
   00371    0.5000    -233.0695  0.5097 
   00372    0.4400    -241.7506  0.5730 
   00373    0.4200    -243.7499  0.6053 
   00374    0.4400    -247.3912  0.6228 
   00375    0.4700    -246.5197  0.6134 
   00376    0.4700    -235.4334  0.5787 
   00377    0.4600    -243.5495  0.5996 
   00378    0.4200    -247.8855  0.6465 
   00379    0.5100    -238.0134  0.6444 
   00380    0.3700    -225.1890  0.6041 
   00381    0.4400    -223.4647  0.5926 
   00382    0.5200    -227.4626  0.6006 
   00383    0.5600    -250.2541  0.6596 
   00384    0.4600    -258.9434  0.6812 
   00385    0.4200    -258.2421  0.6347 
   00386    0.4800    -233.0000  0.5894 
   00387    0.4900    -226.7823  0.5777 
   00388    0.4800    -212.6033  0.5146 
   00389    0.5500    -217.5468  0.4971 
   00390    0.4800    -185.1373  0.5074 
   00391    0.5900    -200.3552  0.5480 
   00392    0.5600    -214.8375  0.5874 
   00393    0.4600    -218.7662  0.6018 
   00394    0.4900    -225.9682  0.6000 
   00395    0.5700    -223.9517  0.6203 
   00396    0.4400    -224.0261  0.6152 
   00397    0.4500    -231.2070  0.6193 
   00398    0.5300    -239.3830  0.6349 
   00399    0.6300    -248.6280  0.6426 
   00400    0.4600    -233.1316  0.6130 
   00401    0.5300    -248.4930  0.6286 
   00402    0.4200    -246.5719  0.5893 
   00403    0.4100    -259.6713  0.5761 
   00404    0.4400    -251.5213  0.5968 
   00405    0.4700    -239.5815  0.6066 
   00406    0.4300    -228.8468  0.5621 
   00407    0.4800    -220.3217  0.5434 
   00408    0.6100    -231.3237  0.4938 
   00409    0.4900    -228.1344  0.4082 
   00410    0.4400    -231.6190  0.4492 
   00411    0.5200    -249.4610  0.5335 
   00412    0.4400    -245.9102  0.5477 
   00413    0.4800    -257.9242  0.5320 
   00414    0.4100    -270.4853  0.5554 
   00415    0.4700    -251.3984  0.5625 
   00416    0.4400    -264.5860  0.6107 
   00417    0.3800    -249.1407  0.5705 
   00418    0.4900    -231.0599  0.6074 
   00419    0.5400    -219.0437  0.5858 
   00420    0.5400    -241.7331  0.5976 
   00421    0.5000    -221.3868  0.5350 
   00422    0.5100    -228.4326  0.5813 
   00423    0.4000    -224.8763  0.5714 
   00424    0.4700    -230.6421  0.5923 
   00425    0.5200    -238.6132  0.5858 
   00426    0.4600    -238.8712  0.5721 
   00427    0.5500    -268.0578  0.6487 
   00428    0.5000    -263.1919  0.7029 
   00429    0.4400    -278.7011  0.7280 
   00430    0.5300    -263.1464  0.6688 
   00431    0.4900    -245.8798  0.6391 
   00432    0.4800    -251.8503  0.6207 
   00433    0.4500    -238.6406  0.6005 
   00434    0.5500    -225.6832  0.5728 
   00435    0.4500    -246.8631  0.5610 
   00436    0.3700    -248.7473  0.5836 
   00437    0.4700    -247.6333  0.5277 
   00438    0.4500    -236.2201  0.5395 
   00439    0.5000    -222.2389  0.5105 
   00440    0.5700    -235.4844  0.4684 
   00441    0.5500    -241.9839  0.5292 
   00442    0.4900    -233.3588  0.4970 
   00443    0.4500    -233.8256  0.4796 
   00444    0.4000    -242.0339  0.5181 
   00445    0.3800    -246.3005  0.5425 
   00446    0.5300    -251.6157  0.5162 
   00447    0.4500    -238.8752  0.5355 
   00448    0.4900    -224.2346  0.5405 
   00449    0.5000    -225.6537  0.5438 
   00450    0.5600    -223.6382  0.6065 
   00451    0.5200    -229.2245  0.5851 
   00452    0.4500    -231.1752  0.5759 
   00453    0.4700    -234.0038  0.5676 
   00454    0.5300    -228.7784  0.5542 
   00455    0.5000    -253.4976  0.5530 
   00456    0.5400    -241.4391  0.4846 
   00457    0.4200    -241.6859  0.5208 
   00458    0.4300    -231.2709  0.4708 
   00459    0.4500    -230.8607  0.4513 
   00460    0.4900    -237.5323  0.4979 
   00461    0.5600    -237.2603  0.4848 
   00462    0.5300    -232.6170  0.4843 
   00463    0.5200    -222.6930  0.3963 
   00464    0.5600    -219.1577  0.2671 
   00465    0.4300    -228.4744  0.2940 
   00466    0.4700    -231.6051  0.3140 
   00467    0.6400    -224.4219  0.2823 
   00468    0.5000    -235.6512  0.2842 
   00469    0.5500    -234.9675  0.2774 
   00470    0.5200    -227.3204  0.2682 
   00471    0.5500    -233.8226  0.3225 
   00472    0.5100    -229.7784  0.2897 
   00473    0.4700    -243.1941  0.2655 
   00474    0.5200    -240.7625  0.2970 
   00475    0.5700    -248.7904  0.3044 
   00476    0.3600    -248.2973  0.3436 
   00477    0.5000    -254.6312  0.3556 
   00478    0.5000    -255.6290  0.3347 
   00479    0.5000    -238.7560  0.3312 
   00480    0.4100    -240.5215  0.3463 
   00481    0.5000    -239.5722  0.3483 
   00482    0.5700    -212.9157  0.3867 
   00483    0.4600    -214.3460  0.4021 
   00484    0.6000    -220.5360  0.3567 
   00485    0.4700    -231.8735  0.3680 
   00486    0.5400    -220.6231  0.3815 
   00487    0.4500    -236.7017  0.4336 
   00488    0.4900    -232.6919  0.4352 
   00489    0.4900    -211.6862  0.4472 
   00490    0.5100    -219.7364  0.4395 
   00491    0.4700    -235.2394  0.5141 
   00492    0.5300    -225.7560  0.5268 
   00493    0.5300    -234.9093  0.4782 
   00494    0.4800    -220.3913  0.4438 
   00495    0.5800    -211.1624  0.4693 
   00496    0.4600    -225.8261  0.4800 
   00497    0.5000    -217.3905  0.4524 
   00498    0.5100    -224.1257  0.5394 
   00499    0.5900    -252.8660  0.5945 
   00500    0.4800    -262.9445  0.6254 
   00501    0.4500    -259.3749  0.5900 
   00502    0.4400    -242.0066  0.5934 
   00503    0.4900    -258.9465  0.6247 
   00504    0.4200    -260.5622  0.5897 
   00505    0.4800    -250.4041  0.5177 
   00506    0.4800    -240.3787  0.5053 
   00507    0.4500    -225.3702  0.4570 
   00508    0.4400    -231.2721  0.4161 
   00509    0.5800    -225.3484  0.3509 
   00510    0.4600    -232.6925  0.3200 
   00511    0.5100    -221.8707  0.3343 
   00512    0.4800    -214.9216  0.3506 
   00513    0.5400    -214.0664  0.4748 
   00514    0.5300    -226.3328  0.4667 
   00515    0.5400    -234.8511  0.4635 
   00516    0.4800    -218.6978  0.4022 
   00517    0.5300    -218.3618  0.3996 
   00518    0.5100    -216.6433  0.3755 
   00519    0.5500    -220.3433  0.3224 
   00520    0.6200    -207.2992  0.3565 
   00521    0.5100    -213.1726  0.3163 
   00522    0.5600    -208.6749  0.3923 
   00523    0.6300    -220.0615  0.3991 
   00524    0.5200    -224.6924  0.4004 
   00525    0.4600    -225.0595  0.3580 
   00526    0.5400    -239.9220  0.4695 
   00527    0.5200    -244.2977  0.4661 
   00528    0.4700    -241.5511  0.3617 
   00529    0.5400    -229.1128  0.3900 
   00530    0.4600    -243.2902  0.3786 
   00531    0.4700    -235.3745  0.3293 
   00532    0.5400    -223.9103  0.3259 
   00533    0.5400    -231.4908  0.3452 
   00534    0.5800    -237.5618  0.3455 
   00535    0.4100    -234.2001  0.3426 
   00536    0.4800    -231.4352  0.3165 
   00537    0.4000    -216.9644  0.3871 
   00538    0.4200    -220.3610  0.4195 
   00539    0.5600    -214.4912  0.3904 
   00540    0.4900    -228.7767  0.4633 
   00541    0.4800    -222.1242  0.3754 
   00542    0.5100    -220.1407  0.3717 
   00543    0.4100    -210.8162  0.3400 
   00544    0.5400    -216.5411  0.3502 
   00545    0.5000    -209.2391  0.3555 
   00546    0.5100    -222.5208  0.3329 
   00547    0.5300    -223.0629  0.3318 
   00548    0.5900    -227.1395  0.3231 
   00549    0.6200    -206.2412  0.3304 
   00550    0.5800    -205.6061  0.3554 
   00551    0.4600    -204.2027  0.3845 
   00552    0.4800    -194.8658  0.3354 
   00553    0.4700    -188.6492  0.3301 
   00554    0.5200    -203.9367  0.3878 
   00555    0.5400    -214.8232  0.3806 
   00556    0.4500    -235.0909  0.4513 
   00557    0.5600    -222.6345  0.3974 
   00558    0.4700    -225.4012  0.3761 
   00559    0.5200    -219.3672  0.3689 
   00560    0.5800    -213.9731  0.3788 
   00561    0.5600    -227.2855  0.4289 
   00562    0.5700    -228.6129  0.4435 
   00563    0.5000    -247.7268  0.4232 
   00564    0.4900    -229.2777  0.4123 
   00565    0.4200    -242.4673  0.3790 
   00566    0.4800    -224.1252  0.3609 
   00567    0.5300    -230.3437  0.3865 
   00568    0.4900    -248.4377  0.4201 
   00569    0.5500    -244.8466  0.3876 
   00570    0.5600    -233.8272  0.3760 
   00571    0.5700    -204.6484  0.4038 
   00572    0.5400    -210.3912  0.3947 
   00573    0.6000    -218.2313  0.4048 
   00574    0.3900    -223.1407  0.4022 
   00575    0.5500    -212.7248  0.4064 
   00576    0.5300    -217.3165  0.4273 
   00577    0.4400    -221.9304  0.4665 
   00578    0.5100    -219.3280  0.5216 
   00579    0.5100    -220.2470  0.5284 
   00580    0.4300    -226.3498  0.5535 
   00581    0.5500    -218.3025  0.5114 
   00582    0.5900    -218.9507  0.5621 
   00583    0.5300    -237.2214  0.5004 
   00584    0.5000    -233.9696  0.4676 
   00585    0.4700    -256.9649  0.5073 
   00586    0.4300    -259.7731  0.5191 
   00587    0.4400    -257.1540  0.5097 
   00588    0.5800    -237.3911  0.5178 
   00589    0.4500    -246.1292  0.5617 
   00590    0.4400    -256.8796  0.5969 
   00591    0.4400    -250.6870  0.5812 
   00592    0.4800    -255.4925  0.5784 
   00593    0.5000    -264.1650  0.6083 
   00594    0.3800    -256.3412  0.6021 
   00595    0.3500    -271.0136  0.6367 
   00596    0.4200    -257.4044  0.6051 
   00597    0.3800    -249.1450  0.6112 
   00598    0.4300    -250.3125  0.6250 
   00599    0.5100    -237.1127  0.5821 
   00600    0.4300    -236.3242  0.5708 
   00601    0.5100    -232.2476  0.5565 
   00602    0.4400    -249.4753  0.6220 
   00603    0.5600    -237.2846  0.5818 
   00604    0.4700    -218.5080  0.5055 
   00605    0.6400    -214.9656  0.5162 
   00606    0.4900    -229.9257  0.5615 
   00607    0.5500    -232.9678  0.4979 
   00608    0.4900    -218.3464  0.4933 
   00609    0.5700    -245.0316  0.5059 
   00610    0.4600    -236.4724  0.4872 
   00611    0.4700    -255.0860  0.5353 
   00612    0.4300    -250.4804  0.6175 
   00613    0.4500    -246.4999  0.6451 
   00614    0.4100    -241.6307  0.6327 
   00615    0.3900    -239.0503  0.6177 
   00616    0.3800    -208.8604  0.5604 
   00617    0.5300    -199.3249  0.5707 
   00618    0.5100    -207.2097  0.5930 
   00619    0.5500    -215.6734  0.5592 
   00620    0.5000    -226.5533  0.5671 
   00621    0.4500    -229.0601  0.5474 
   00622    0.4900    -226.5830  0.5316 
   00623    0.5100    -223.3098  0.4566 
   00624    0.4500    -232.1101  0.4516 
   00625    0.5500    -221.3356  0.4905 
   00626    0.4800    -227.9161  0.5151 
   00627    0.4600    -229.8665  0.4779 
   00628    0.5500    -215.9183  0.4105 
   00629    0.5400    -221.7749  0.3621 
   00630    0.4700    -225.3498  0.3690 
   00631    0.5200    -244.2807  0.3705 
   00632    0.4200    -228.3737  0.3543 
   00633    0.4500    -222.3634  0.3814 
   00634    0.4900    -238.5226  0.3968 
   00635    0.4700    -238.3990  0.3769 
   00636    0.5000    -227.9861  0.3425 
   00637    0.5500    -227.6620  0.4128 
   00638    0.4700    -220.9222  0.3458 
   00639    0.4100    -222.0165  0.3765 
   00640    0.5700    -241.3292  0.4842 
   00641    0.4600    -229.8803  0.4563 
   00642    0.5000    -225.3725  0.4778 
   00643    0.4900    -216.7536  0.3876 
   00644    0.5100    -218.4494  0.4326 
   00645    0.5600    -193.9564  0.2892 
   00646    0.5800    -218.1483  0.3023 
   00647    0.4900    -218.2381  0.2651 
   00648    0.6000    -218.1392  0.3333 
   00649    0.5500    -218.9906  0.3400 
   00650    0.5600    -212.1175  0.3589 
   00651    0.4800    -205.4654  0.3141 
   00652    0.6000    -223.0596  0.3431 
   00653    0.6000    -220.8581  0.3438 
   00654    0.6000    -224.8221  0.4632 
   00655    0.5300    -220.1072  0.4305 
   00656    0.5400    -202.5149  0.3854 
   00657    0.6600    -211.0875  0.3549 
   00658    0.5100    -225.1473  0.3859 
   00659    0.5400    -234.2749  0.3393 
   00660    0.5800    -224.2912  0.3344 
   00661    0.4700    -234.0979  0.3784 
   00662    0.4800    -236.8649  0.3944 
   00663    0.4900    -249.5416  0.4123 
   00664    0.4100    -246.9538  0.4388 
   00665    0.4500    -246.3280  0.3874 
   00666    0.4700    -225.9924  0.3988 
   00667    0.5100    -242.0056  0.3370 
   00668    0.4200    -242.8704  0.3631 
   00669    0.4700    -230.3680  0.3367 
   00670    0.4900    -233.8406  0.3244 
   00671    0.5200    -244.4979  0.2780 
   00672    0.5000    -251.6972  0.2596 
   00673    0.5300    -236.0498  0.2602 
   00674    0.4900    -238.3151  0.3120 
   00675    0.4500    -230.0921  0.3154 
   00676    0.5100    -210.7834  0.3204 
   00677    0.4900    -246.7004  0.3231 
   00678    0.4500    -249.7363  0.3413 
   00679    0.5900    -239.1186  0.3466 
   00680    0.6000    -217.5518  0.3089 
   00681    0.5400    -218.0457  0.3203 
   00682    0.5200    -234.7756  0.3874 
   00683    0.4200    -237.4131  0.4343 
   00684    0.5400    -223.7625  0.4708 
   00685    0.5300    -223.8043  0.4704 
   00686    0.5200    -221.4977  0.4184 
   00687    0.5300    -239.6400  0.4520 
   00688    0.4400    -241.8064  0.4576 
   00689    0.4100    -246.5840  0.4838 
   00690    0.4100    -236.4353  0.4145 
   00691    0.4900    -233.8427  0.4399 
   00692    0.5400    -239.6279  0.4281 
   00693    0.5500    -235.8637  0.3815 
   00694    0.4300    -249.0086  0.3865 
   00695    0.5300    -249.7208  0.4168 
   00696    0.3900    -247.8319  0.3942 
   00697    0.5300    -230.4816  0.3544 
   00698    0.4800    -227.1567  0.3635 
   00699    0.4900    -230.5501  0.4098 
   00700    0.5300    -249.3956  0.3852 
   00701    0.3900    -252.0845  0.4287 
   00702    0.5000    -235.7394  0.4389 
   00703    0.5200    -241.2345  0.4032 
   00704    0.5600    -217.4500  0.3903 
   00705    0.5200    -246.8954  0.3960 
   00706    0.4500    -245.8689  0.4206 
   00707    0.3900    -246.4878  0.3997 
   00708    0.4900    -250.0618  0.3827 
   00709    0.3700    -229.8825  0.3923 
   00710    0.6100    -238.9319  0.3073 
   00711    0.4300    -244.2645  0.3545 
   00712    0.4600    -243.1781  0.3168 
   00713    0.4900    -243.4397  0.2650 
   00714    0.4900    -206.0173  0.3111 
   00715    0.5500    -232.7668  0.2880 
   00716    0.5100    -249.5638  0.3113 
   00717    0.4100    -244.2265  0.3376 
   00718    0.4300    -232.2935  0.3032 
   00719    0.4700    -242.5168  0.3102 
   00720    0.6100    -253.4431  0.3181 
   00721    0.4700    -251.0790  0.3758 
   00722    0.4800    -259.3927  0.3445 
   00723    0.5300    -264.0975  0.3758 
   00724    0.5500    -253.3166  0.3870 
   00725    0.4900    -231.3896  0.3588 
   00726    0.4600    -221.4235  0.3716 
   00727    0.4600    -243.6220  0.4065 
   00728    0.4200    -241.1974  0.4108 
   00729    0.5200    -246.0419  0.3632 
   00730    0.4600    -249.6596  0.3214 
   00731    0.5400    -239.7869  0.2985 
   00732    0.4200    -245.5419  0.2748 
   00733    0.5000    -241.3397  0.2535 
   00734    0.4600    -233.9204  0.2856 
   00735    0.5700    -221.1277  0.3068 
   00736    0.5300    -210.7449  0.2777 
   00737    0.5200    -216.3865  0.3299 
   00738    0.4900    -225.3894  0.3784 
   00739    0.4700    -233.9467  0.4639 
   00740    0.5100    -226.9013  0.4872 
   00741    0.5500    -221.0684  0.5418 
   00742    0.6200    -252.1442  0.5744 
   00743    0.4400    -258.3015  0.5741 
   00744    0.4800    -238.7246  0.5505 
   00745    0.5100    -232.5677  0.5464 
   00746    0.5900    -234.1133  0.5311 
   00747    0.5100    -231.2700  0.4586 
   00748    0.4900    -219.1896  0.4570 
   00749    0.5000    -224.9367  0.4428 
   00750    0.4900    -230.2917  0.4656 
   00751    0.5500    -209.6509  0.4116 
   00752    0.5100    -217.8674  0.4576 
   00753    0.5800    -223.6312  0.4902 
   00754    0.6000    -197.7482  0.4676 
   00755    0.5500    -210.9003  0.4657 
   00756    0.6100    -223.4383  0.4739 
   00757    0.5300    -215.1975  0.4546 
   00758    0.6000    -218.0067  0.4547 
   00759    0.5000    -218.6535  0.4825 
   00760    0.6000    -226.3730  0.4869 
   00761    0.4100    -232.7414  0.5261 
   00762    0.5000    -236.2948  0.5344 
   00763    0.4500    -237.2926  0.5187 
   00764    0.5000    -223.2847  0.5197 
   00765    0.5900    -224.2089  0.4603 
   00766    0.4900    -222.1404  0.4766 
   00767    0.4700    -219.4497  0.4547 
   00768    0.5200    -219.5140  0.4448 
   00769    0.4400    -218.1915  0.4376 
   00770    0.4700    -223.7386  0.4951 
   00771    0.4700    -211.4194  0.5060 
   00772    0.5200    -224.2247  0.4370 
   00773    0.4600    -220.7556  0.4088 
   00774    0.5300    -224.2523  0.3614 
   00775    0.5900    -211.6848  0.3078 
   00776    0.6300    -211.8469  0.3217 
   00777    0.6000    -214.0060  0.4033 
   00778    0.5100    -199.2249  0.3764 
   00779    0.5000    -214.2954  0.3776 
   00780    0.5100    -218.5553  0.3652 
   00781    0.4700    -197.8463  0.4417 
   00782    0.5800    -210.8292  0.4491 
   00783    0.4600    -216.9367  0.4275 
   00784    0.4600    -215.9495  0.4203 
   00785    0.5000    -231.2087  0.4711 
   00786    0.5400    -221.3361  0.3996 
   00787    0.5600    -228.1678  0.4664 
   00788    0.5200    -218.5358  0.4343 
   00789    0.5300    -218.6496  0.4270 
   00790    0.5000    -242.0883  0.4183 
   00791    0.6700    -231.0155  0.3325 
   00792    0.5300    -230.0556  0.3258 
   00793    0.4700    -215.8787  0.2960 
   00794    0.6300    -195.9809  0.2719 
   00795    0.5400    -192.8351  0.2537 
   00796    0.5200    -197.2590  0.3172 
   00797    0.5000    -220.4872  0.2659 
   00798    0.5500    -208.1048  0.2974 
   00799    0.5800    -192.8455  0.2921 
   00800    0.6100    -209.9219  0.3334 
   00801    0.5200    -226.8872  0.4255 
   00802    0.5600    -228.9963  0.4703 
   00803    0.5000    -225.2078  0.4649 
   00804    0.5900    -225.6877  0.4679 
   00805    0.5100    -244.7365  0.4719 
   00806    0.3700    -242.5632  0.4483 
   00807    0.4400    -235.5883  0.4136 
   00808    0.4900    -233.7610  0.4104 
   00809    0.4300    -242.1477  0.4073 
   00810    0.5900    -242.0978  0.4610 
   00811    0.5400    -240.8972  0.4203 
   00812    0.5400    -227.2815  0.4304 
   00813    0.5300    -213.2725  0.4991 
   00814    0.5400    -215.3811  0.4487 
   00815    0.5600    -181.5246  0.4680 
   00816    0.6100    -190.6741  0.5611 
   00817    0.5000    -218.3022  0.5744 
   00818    0.5000    -217.0378  0.4858 
   00819    0.5300    -226.7168  0.5010 
   00820    0.5800    -220.3905  0.4834 
   00821    0.4400    -226.3042  0.5333 
   00822    0.4500    -237.2040  0.4964 
   00823    0.5300    -236.7887  0.5639 
   00824    0.4700    -234.3734  0.5399 
   00825    0.5100    -247.6321  0.5767 
   00826    0.4800    -255.9429  0.6355 
   00827    0.3300    -252.0500  0.5997 
   00828    0.5500    -238.8191  0.5917 
   00829    0.4700    -262.6585  0.6095 
   00830    0.3600    -270.3304  0.6271 
   00831    0.5600    -258.2266  0.6525 
   00832    0.5200    -269.7591  0.6384 
   00833    0.5000    -253.3886  0.6085 
   00834    0.5600    -263.9451  0.6312 
   00835    0.4400    -254.0958  0.6495 
   00836    0.5100    -279.8525  0.6876 
   00837    0.4200    -270.3628  0.6624 
   00838    0.4600    -255.5766  0.6285 
   00839    0.4600    -267.4225  0.6533 
   00840    0.4300    -265.5793  0.6542 
   00841    0.4500    -259.7608  0.6387 
   00842    0.4900    -260.6416  0.6045 
   00843    0.4100    -244.8094  0.6100 
   00844    0.4900    -259.6783  0.6657 
   00845    0.4900    -260.2200  0.6343 
   00846    0.4500    -251.2475  0.5763 
   00847    0.5000    -271.8639  0.5647 
   00848    0.5400    -266.2155  0.5656 
   00849    0.5500    -251.1395  0.5224 
   00850    0.4600    -249.5379  0.4524 
   00851    0.5500    -243.0436  0.4276 
   00852    0.4200    -217.3531  0.4183 
   00853    0.4900    -232.3350  0.4762 
   00854    0.4700    -262.4160  0.5944 
   00855    0.4600    -243.8600  0.5835 
   00856    0.5100    -257.1565  0.6154 
   00857    0.3900    -267.0990  0.6050 
   00858    0.3900    -267.0555  0.6186 
   00859    0.4600    -239.5393  0.6260 
   00860    0.4300    -237.3399  0.6202 
   00861    0.5500    -216.2358  0.5421 
   00862    0.5200    -223.5962  0.5490 
   00863    0.4000    -217.6235  0.5204 
   00864    0.6100    -211.5055  0.4530 
   00865    0.5200    -212.4117  0.4747 
   00866    0.5400    -223.7962  0.5375 
   00867    0.4800    -227.9028  0.5651 
   00868    0.6100    -238.1093  0.5592 
   00869    0.5000    -266.4446  0.5873 
   00870    0.4900    -257.4490  0.5739 
   00871    0.4800    -259.5976  0.6023 
   00872    0.5200    -270.7958  0.6741 
   00873    0.4000    -275.8021  0.7085 
   00874    0.4800    -287.3045  0.7033 
   00875    0.3800    -257.0521  0.6595 
   00876    0.4200    -255.2575  0.6093 
   00877    0.5400    -263.7175  0.6239 
   00878    0.4400    -250.1435  0.5898 
   00879    0.4600    -250.0383  0.6343 
   00880    0.4700    -265.1691  0.6724 
   00881    0.5200    -262.4311  0.6427 
   00882    0.5500    -254.8298  0.6167 
   00883    0.4800    -248.9463  0.6321 
   00884    0.5100    -257.4277  0.6465 
   00885    0.4800    -250.6783  0.6313 
   00886    0.4600    -252.1603  0.5451 
   00887    0.5100    -249.2429  0.5338 
   00888    0.5200    -255.5360  0.5742 
   00889    0.4400    -263.4648  0.5634 
   00890    0.3900    -256.7511  0.5519 
   00891    0.4400    -241.9883  0.5787 
   00892    0.4900    -245.4766  0.5626 
   00893    0.4400    -238.8508  0.5688 
   00894    0.5100    -243.3696  0.6100 
   00895    0.4700    -232.2030  0.5859 
   00896    0.5000    -244.1086  0.5529 
   00897    0.3900    -234.3446  0.5791 
   00898    0.4200    -231.9310  0.5345 
   00899    0.4800    -230.7585  0.5254 
   00900    0.5000    -236.8370  0.5644 
   00901    0.5700    -224.6234  0.5506 
   00902    0.4400    -234.8018  0.5953 
   00903    0.5500    -238.5124  0.5743 
   00904    0.4900    -249.8552  0.6026 
   00905    0.4700    -254.9196  0.6473 
   00906    0.3400    -274.6946  0.6902 
   00907    0.4600    -263.9618  0.6691 
   00908    0.4600    -263.3132  0.6729 
   00909    0.4800    -226.7240  0.6009 
   00910    0.5100    -228.2842  0.6226 
   00911    0.5800    -224.5816  0.5994 
   00912    0.4600    -224.6023  0.6034 
   00913    0.4600    -222.5358  0.6475 
   00914    0.5500    -208.8282  0.6022 
   00915    0.5000    -236.1664  0.6216 
   00916    0.5100    -236.4573  0.6513 
   00917    0.5200    -259.0382  0.6975 
   00918    0.5300    -262.5016  0.6688 
   00919    0.5100    -271.1912  0.6988 
   00920    0.4800    -259.8824  0.6825 
   00921    0.5700    -253.2783  0.6397 
   00922    0.4500    -224.3599  0.6069 
   00923    0.4600    -241.2054  0.5940 
   00924    0.5700    -233.3149  0.5799 
   00925    0.6100    -224.6178  0.5622 
   00926    0.5100    -238.0225  0.5662 
   00927    0.4900    -247.0392  0.5785 
   00928    0.5300    -238.6231  0.5757 
   00929    0.4700    -239.5650  0.6191 
   00930    0.4900    -233.1435  0.6077 
   00931    0.4700    -251.9026  0.6346 
   00932    0.3900    -244.0929  0.6021 
   00933    0.5100    -239.7763  0.5648 
   00934    0.4900    -246.5140  0.5488 
   00935    0.5400    -252.3790  0.5640 
   00936    0.4900    -226.9890  0.5889 
   00937    0.5500    -242.9476  0.5885 
   00938    0.4600    -279.3589  0.6822 
   00939    0.4100    -266.0217  0.6770 
   00940    0.4200    -263.1026  0.6135 
   00941    0.4500    -261.1460  0.5558 
   00942    0.4100    -249.6504  0.5725 
   00943    0.3800    -241.0269  0.5258 
   00944    0.4900    -243.6686  0.5234 
   00945    0.4900    -244.2062  0.5156 
   00946    0.4900    -259.5339  0.5070 
   00947    0.4600    -260.2582  0.5708 
   00948    0.4100    -257.8059  0.5554 
   00949    0.4800    -266.0698  0.5436 
   00950    0.4700    -273.0292  0.5323 
   00951    0.3700    -264.4537  0.5076 
   00952    0.4800    -267.7525  0.5028 
   00953    0.4700    -278.5700  0.5126 
   00954    0.5200    -253.5493  0.4721 
   00955    0.4600    -245.1809  0.4758 
   00956    0.4800    -239.4305  0.4589 
   00957    0.4300    -246.2416  0.4759 
   00958    0.4800    -229.3070  0.4826 
   00959    0.4600    -235.9285  0.4920 
   00960    0.5600    -246.1884  0.5232 
   00961    0.4500    -237.3400  0.5170 
   00962    0.4600    -240.3761  0.5610 
   00963    0.3500    -239.4206  0.5654 
   00964    0.4400    -252.9208  0.5831 
   00965    0.4200    -256.6578  0.6391 
   00966    0.3900    -278.9306  0.6278 
   00967    0.4800    -271.7039  0.5836 
   00968    0.4700    -264.0795  0.5723 
   00969    0.4300    -250.3014  0.5103 
   00970    0.3700    -241.5943  0.4889 
   00971    0.5500    -205.4236  0.4655 
   00972    0.5600    -237.9791  0.4838 
   00973    0.4800    -251.1559  0.4301 
   00974    0.4700    -250.5761  0.4322 
   00975    0.4300    -229.8570  0.3782 
   00976    0.5200    -203.8682  0.3928 
   00977    0.6500    -179.9612  0.3913 
   00978    0.6400    -220.1039  0.4173 
   00979    0.5400    -200.3946  0.3756 
   00980    0.5400    -212.1154  0.3858 
   00981    0.5800    -242.4595  0.3622 
   00982    0.4100    -242.2178  0.3703 
   00983    0.5100    -226.7389  0.3115 
   00984    0.5000    -232.5547  0.3060 
   00985    0.4600    -228.1463  0.3068 
   00986    0.5000    -233.0812  0.3514 
   00987    0.4200    -223.3089  0.3467 
   00988    0.5700    -214.1463  0.3514 
   00989    0.6100    -245.4420  0.3432 
   00990    0.5400    -231.6083  0.3147 
   00991    0.5500    -230.1897  0.3333 
   00992    0.5600    -207.7523  0.3995 
   00993    0.5000    -228.5000  0.4564 
   00994    0.4400    -224.6346  0.4271 
   00995    0.4800    -241.4341  0.4493 
   00996    0.5500    -230.2167  0.4942 
   00997    0.4400    -219.2904  0.5146 
   00998    0.5600    -201.0189  0.4638 
   00999    0.5300    -232.5806  0.5089 
   01000    0.5600    -230.7576  0.4791 
