#=====================================================
# File created:        Fri-08-Mar-2024-at-05-12-27PM
# Size of lattice:     10x10
# Number of MC steps:  1000
# Reduced temperature: 1.000
# Run time (s):        12.570669
#=====================================================
# MC step:  Ratio:     Energy:   Order:
#=====================================================
   00000    0.5000     -90.6211  0.2937 
   00001    0.7600    -138.6677  0.2633 
   00002    0.5600    -165.5629  0.2888 
   00003    0.6200    -182.1072  0.4115 
   00004    0.5200    -181.5254  0.3943 
   00005    0.5800    -201.5130  0.4151 
   00006    0.5100    -196.5957  0.4491 
   00007    0.5800    -234.2701  0.4394 
   00008    0.5500    -229.4019  0.4746 
   00009    0.5900    -215.8305  0.4373 
   00010    0.4800    -212.6277  0.4633 
   00011    0.5400    -226.2117  0.5126 
   00012    0.4000    -243.8930  0.5398 
   00013    0.4500    -237.9569  0.5813 
   00014    0.5200    -245.5541  0.6043 
   00015    0.4400    -240.7641  0.6062 
   00016    0.5000    -229.1153  0.5783 
   00017    0.5300    -234.7558  0.5422 
   00018    0.5200    -216.8064  0.5985 
   00019    0.5300    -220.8950  0.5750 
   00020    0.4700    -251.4705  0.6238 
   00021    0.5500    -251.8197  0.5788 
   00022    0.4600    -224.5092  0.5124 
   00023    0.5900    -228.4156  0.4691 
   00024    0.4700    -242.8645  0.5558 
   00025    0.5200    -218.0070  0.5042 
   00026    0.5500    -218.3322  0.5222 
   00027    0.5400    -218.0073  0.5265 
   00028    0.4400    -240.4516  0.5066 
   00029    0.4100    -237.8752  0.5096 
   00030    0.4700    -238.9904  0.4984 
   00031    0.5000    -216.5127  0.4256 
   00032    0.4400    -219.3287  0.4168 
   00033    0.4400    -211.4277  0.4244 
   00034    0.5300    -211.3274  0.4733 
   00035    0.5200    -217.5529  0.4364 
   00036    0.5500    -206.0981  0.4059 
   00037    0.5000    -216.1304  0.4391 
   00038    0.6600    -217.9188  0.4782 
   00039    0.4900    -238.7610  0.4781 
   00040    0.4900    -226.1420  0.5259 
   00041    0.5300    -235.4922  0.5691 
   00042    0.4600    -223.2728  0.5216 
   00043    0.5700    -221.3810  0.4613 
   00044    0.5100    -221.3049  0.4179 
   00045    0.6200    -198.6404  0.4060 
   00046    0.5800    -198.3042  0.4536 
   00047    0.5500    -210.2328  0.4325 
   00048    0.4600    -192.8808  0.4473 
   00049    0.5500    -219.2888  0.4827 
   00050    0.4700    -232.5090  0.5013 
   00051    0.5500    -222.9319  0.4924 
   00052    0.5700    -221.4126  0.4968 
   00053    0.4400    -214.8908  0.5083 
   00054    0.5700    -201.8724  0.5220 
   00055    0.5200    -203.3698  0.5227 
   00056    0.6000    -206.6110  0.5241 
   00057    0.5400    -200.5451  0.5238 
   00058    0.6200    -214.5412  0.6040 
   00059    0.4800    -238.9954  0.6403 
   00060    0.5000    -221.3108  0.5659 
   00061    0.4600    -215.3132  0.5701 
   00062    0.4800    -217.4262  0.5717 
   00063    0.4900    -213.4775  0.5468 
   00064    0.5200    -221.3237  0.5280 
   00065    0.5100    -227.6792  0.5450 
   00066    0.4900    -239.5775  0.5396 
   00067    0.5200    -229.8110  0.5513 
   00068    0.3800    -215.2249  0.5180 
   00069    0.4700    -229.7797  0.5369 
   00070    0.4800    -227.2949  0.6006 
   00071    0.6000    -225.6723  0.6074 
   00072    0.5200    -238.4473  0.6039 
   00073    0.4700    -219.2584  0.5627 
   00074    0.5700    -219.2379  0.6210 
   00075    0.5600    -224.3331  0.6550 
   00076    0.5300    -232.2399  0.6601 
   00077    0.4500    -221.6254  0.6592 
   00078    0.4500    -244.0823  0.6602 
   00079    0.5100    -259.3457  0.6759 
   00080    0.4900    -264.8548  0.6502 
   00081    0.4700    -252.7949  0.6154 
   00082    0.4400    -259.2689  0.6574 
   00083    0.5100    -262.3439  0.6426 
   00084    0.5500    -253.0135  0.6055 
   00085    0.5100    -233.2349  0.5865 
   00086    0.4400    -251.3938  0.6063 
   00087    0.4300    -252.0418  0.6177 
   00088    0.5200    -250.3262  0.6025 
   00089    0.3800    -241.5647  0.6136 
   00090    0.4700    -228.8020  0.5849 
   00091    0.4900    -253.4265  0.6135 
   00092    0.5200    -249.0912  0.6161 
   00093    0.4700    -248.9173  0.6379 
   00094    0.5100    -235.8059  0.6272 
   00095    0.4900    -228.7329  0.6203 
   00096    0.4700    -249.5430  0.6046 
   00097    0.3800    -224.1916  0.5105 
   00098    0.4800    -233.7557  0.6050 
   00099    0.5100    -236.8637  0.6301 
   00100    0.4600    -245.5611  0.6311 
   00101    0.4800    -244.1544  0.5681 
   00102    0.5100    -252.6984  0.5152 
   00103    0.4700    -246.9148  0.5243 
   00104    0.4300    -248.8083  0.5204 
   00105    0.4400    -216.5152  0.4677 
   00106    0.6000    -207.6415  0.3937 
   00107    0.5700    -218.6689  0.3773 
   00108    0.5100    -223.2756  0.4043 
   00109    0.5600    -222.4484  0.4429 
   00110    0.5300    -222.1718  0.4432 
   00111    0.5500    -228.9976  0.5254 
   00112    0.5300    -218.3735  0.5168 
   00113    0.4300    -210.9529  0.5093 
   00114    0.5000    -219.6101  0.5091 
   00115    0.5100    -215.2166  0.4845 
   00116    0.5700    -225.8944  0.4647 
   00117    0.4800    -230.2524  0.5148 
   00118    0.5100    -225.3211  0.5012 
   00119    0.5400    -205.1171  0.4350 
   00120    0.5900    -221.4156  0.4151 
   00121    0.4500    -232.6383  0.4317 
   00122    0.4800    -210.7080  0.4651 
   00123    0.5600    -217.1409  0.5113 
   00124    0.5500    -219.3531  0.5023 
   00125    0.6100    -234.4177  0.5396 
   00126    0.4700    -236.4131  0.6050 
   00127    0.5700    -230.7489  0.5586 
   00128    0.6000    -223.8232  0.6098 
   00129    0.4500    -221.7146  0.6454 
   00130    0.6100    -229.1145  0.6319 
   00131    0.4900    -228.1622  0.6293 
   00132    0.4900    -237.6313  0.6121 
   00133    0.5800    -247.4645  0.6749 
   00134    0.4700    -250.8994  0.7043 
   00135    0.5000    -260.3953  0.7067 
   00136    0.4500    -242.3519  0.6420 
   00137    0.5000    -246.8047  0.6157 
   00138    0.4200    -228.9398  0.5182 
   00139    0.4800    -244.3356  0.5137 
   00140    0.4800    -239.3521  0.5871 
   00141    0.5200    -232.4216  0.5441 
   00142    0.5700    -221.0423  0.4991 
   00143    0.5000    -219.1310  0.4896 
   00144    0.5600    -228.9903  0.5820 
   00145    0.5300    -216.9351  0.5459 
   00146    0.5100    -224.3437  0.5951 
   00147    0.4500    -210.5983  0.6074 
   00148    0.5100    -232.3458  0.6727 
   00149    0.4900    -229.3097  0.6548 
   00150    0.4000    -227.7160  0.6428 
   00151    0.5400    -240.9471  0.6590 
   00152    0.4600    -254.1769  0.6903 
   00153    0.4800    -272.5817  0.7295 
   00154    0.4400    -266.2072  0.6999 
   00155    0.4600    -259.4225  0.7115 
   00156    0.4300    -267.5722  0.6979 
   00157    0.4600    -271.6938  0.6884 
   00158    0.4000    -274.8587  0.7152 
   00159    0.4400    -273.0301  0.7248 
   00160    0.4800    -253.4023  0.6888 
   00161    0.5000    -267.7614  0.7468 
   00162    0.4200    -247.4732  0.7010 
   00163    0.4400    -259.7735  0.7356 
   00164    0.4800    -273.0904  0.7555 
   00165    0.3900    -273.2384  0.7259 
   00166    0.4100    -282.2508  0.7288 
   00167    0.4300    -278.1172  0.7282 
   00168    0.4100    -254.9543  0.6664 
   00169    0.4400    -251.1088  0.6908 
   00170    0.3900    -249.2528  0.6710 
   00171    0.4300    -260.3008  0.6823 
   00172    0.5300    -243.6133  0.5943 
   00173    0.5200    -233.5093  0.6089 
   00174    0.4400    -246.1055  0.6358 
   00175    0.4600    -254.2519  0.6834 
   00176    0.4100    -271.5462  0.7165 
   00177    0.3500    -257.0828  0.6972 
   00178    0.3700    -253.1376  0.6716 
   00179    0.4700    -240.1962  0.6422 
   00180    0.4400    -245.5448  0.6435 
   00181    0.5100    -228.0981  0.6328 
   00182    0.4800    -242.4360  0.6048 
   00183    0.4900    -227.8139  0.5955 
   00184    0.4000    -231.7801  0.6372 
   00185    0.4500    -254.8250  0.6714 
   00186    0.4700    -256.0494  0.6805 
   00187    0.4600    -244.9970  0.6837 
   00188    0.4900    -233.3354  0.6562 
   00189    0.5300    -247.0186  0.6814 
   00190    0.4300    -226.5224  0.6540 
   00191    0.4500    -224.9216  0.6237 
   00192    0.4800    -229.7167  0.6225 
   00193    0.5500    -215.6597  0.5564 
   00194    0.5000    -226.1072  0.5299 
   00195    0.4900    -254.3907  0.5827 
   00196    0.4400    -250.2545  0.5339 
   00197    0.4900    -249.1257  0.5614 
   00198    0.5300    -233.4457  0.5105 
   00199    0.5600    -230.9353  0.5030 
   00200    0.5200    -241.9399  0.4699 
   00201    0.4700    -225.3243  0.4202 
   00202    0.4400    -215.7100  0.3877 
   00203    0.4500    -207.2619  0.3604 
   00204    0.5400    -198.1172  0.4252 
   00205    0.5700    -212.6315  0.4757 
   00206    0.5300    -218.9268  0.4503 
   00207    0.5600    -232.3934  0.4748 
   00208    0.5300    -219.5138  0.4593 
   00209    0.4800    -232.6195  0.4882 
   00210    0.5700    -229.8672  0.5232 
   00211    0.5700    -237.0819  0.4693 
   00212    0.5800    -264.0809  0.4783 
   00213    0.4700    -257.6716  0.4786 
   00214    0.4800    -245.0508  0.4389 
   00215    0.5000    -240.5343  0.5207 
   00216    0.5100    -220.7544  0.4243 
   00217    0.6000    -225.1474  0.3647 
   00218    0.4600    -229.5086  0.3664 
   00219    0.5100    -236.4133  0.3546 
   00220    0.4800    -247.2095  0.4538 
   00221    0.5800    -236.1368  0.4742 
   00222    0.4100    -235.9811  0.4681 
   00223    0.5500    -246.9820  0.5087 
   00224    0.4400    -248.2911  0.5057 
   00225    0.5300    -231.2791  0.5025 
   00226    0.4500    -231.0070  0.5712 
   00227    0.5000    -220.1448  0.5175 
   00228    0.5700    -211.2539  0.4808 
   00229    0.4900    -220.9262  0.4705 
   00230    0.5200    -220.8212  0.4963 
   00231    0.4400    -230.0624  0.5170 
   00232    0.5100    -235.1370  0.5201 
   00233    0.4800    -232.1720  0.5004 
   00234    0.4200    -251.5932  0.5470 
   00235    0.4800    -234.6863  0.5213 
   00236    0.5500    -234.6639  0.4658 
   00237    0.4000    -237.0607  0.4500 
   00238    0.5300    -243.7015  0.3607 
   00239    0.4900    -227.8805  0.3120 
   00240    0.3800    -237.3418  0.3417 
   00241    0.4800    -228.4570  0.3104 
   00242    0.4800    -245.7703  0.3254 
   00243    0.4900    -244.3946  0.3166 
   00244    0.4700    -244.3951  0.3063 
   00245    0.4800    -237.1212  0.2884 
   00246    0.4900    -244.8168  0.2937 
   00247    0.4600    -231.7537  0.2706 
   00248    0.5300    -223.2390  0.3062 
   00249    0.5400    -225.7893  0.3762 
   00250    0.4800    -233.5219  0.3878 
   00251    0.5100    -240.6690  0.4353 
   00252    0.5300    -238.5335  0.4649 
   00253    0.5000    -249.9769  0.4999 
   00254    0.5100    -255.0583  0.5324 
   00255    0.4100    -263.0396  0.5012 
   00256    0.5200    -241.8911  0.4817 
   00257    0.3400    -241.4641  0.4398 
   00258    0.5400    -240.5037  0.4658 
   00259    0.5900    -223.7845  0.3814 
   00260    0.4900    -224.8444  0.4043 
   00261    0.5000    -236.1302  0.4617 
   00262    0.4900    -233.7169  0.4162 
   00263    0.4800    -234.0083  0.4033 
   00264    0.5100    -220.4879  0.3743 
   00265    0.5000    -232.2103  0.4508 
   00266    0.5900    -238.3855  0.4179 
   00267    0.4500    -241.5277  0.4691 
   00268    0.3700    -257.8477  0.4315 
   00269    0.4400    -255.8002  0.4774 
   00270    0.5100    -257.9563  0.5181 
   00271    0.4000    -228.9568  0.4650 
   00272    0.4200    -214.1471  0.4266 
   00273    0.5200    -211.4309  0.3972 
   00274    0.5400    -227.8392  0.3844 
   00275    0.5500    -228.5474  0.3521 
   00276    0.4600    -225.1083  0.3260 
   00277    0.4800    -225.3632  0.4145 
   00278    0.4400    -233.0273  0.4328 
   00279    0.4900    -233.4941  0.4575 
   00280    0.5800    -233.2192  0.4840 
   00281    0.4500    -232.0362  0.5039 
   00282    0.5500    -236.2399  0.5493 
   00283    0.5500    -236.6185  0.5174 
   00284    0.5300    -221.6889  0.4758 
   00285    0.6100    -222.8979  0.5345 
   00286    0.5300    -237.7517  0.5788 
   00287    0.4400    -224.1206  0.5537 
   00288    0.5400    -223.9217  0.5924 
   00289    0.4900    -239.0874  0.6373 
   00290    0.4800    -246.3628  0.6387 
   00291    0.4200    -255.2642  0.6588 
   00292    0.4500    -230.8217  0.5682 
   00293    0.5000    -222.6008  0.5539 
   00294    0.5600    -224.2672  0.5346 
   00295    0.5900    -238.6039  0.5445 
   00296    0.4800    -231.4902  0.5304 
   00297    0.4600    -231.9240  0.4729 
   00298    0.4600    -238.7585  0.4681 
   00299    0.4500    -242.9302  0.4407 
   00300    0.5200    -220.3147  0.4678 
   00301    0.5200    -254.0584  0.5312 
   00302    0.4200    -252.0517  0.5782 
   00303    0.4300    -239.4354  0.5531 
   00304    0.4600    -238.9169  0.5439 
   00305    0.4700    -248.7126  0.5664 
   00306    0.4500    -238.1441  0.5171 
   00307    0.5300    -255.3421  0.5151 
   00308    0.3800    -258.4060  0.5109 
   00309    0.4800    -262.3583  0.5678 
   00310    0.4400    -261.7212  0.5789 
   00311    0.4800    -245.5295  0.5572 
   00312    0.5100    -264.9491  0.5780 
   00313    0.4400    -243.8845  0.5776 
   00314    0.4600    -239.1328  0.5702 
   00315    0.5500    -234.1954  0.5798 
   00316    0.6000    -223.0552  0.5394 
   00317    0.5700    -226.8154  0.4707 
   00318    0.4500    -218.3311  0.4364 
   00319    0.5100    -211.2352  0.4474 
   00320    0.6300    -226.0849  0.4634 
   00321    0.4500    -241.9484  0.4948 
   00322    0.4100    -251.4984  0.5274 
   00323    0.5200    -248.6782  0.5755 
   00324    0.4600    -264.0076  0.6111 
   00325    0.4200    -257.2973  0.6478 
   00326    0.4100    -257.6745  0.6580 
   00327    0.3700    -237.2109  0.6164 
   00328    0.4700    -260.5865  0.6802 
   00329    0.4800    -262.4384  0.6982 
   00330    0.3800    -268.4734  0.7042 
   00331    0.4800    -276.8346  0.7048 
   00332    0.3700    -280.4729  0.7079 
   00333    0.3900    -284.9914  0.7064 
   00334    0.3400    -263.2536  0.6663 
   00335    0.4300    -257.1645  0.6583 
   00336    0.5300    -259.1613  0.6369 
   00337    0.4700    -246.5358  0.6332 
   00338    0.4800    -249.0007  0.6889 
   00339    0.4100    -260.0612  0.6555 
   00340    0.5700    -253.1355  0.6374 
   00341    0.5100    -263.5023  0.6084 
   00342    0.4500    -265.6122  0.6752 
   00343    0.4000    -265.1966  0.6918 
   00344    0.4700    -258.3674  0.6805 
   00345    0.5100    -248.4535  0.6459 
   00346    0.5600    -268.1987  0.6992 
   00347    0.4500    -255.7070  0.6870 
   00348    0.3900    -261.2531  0.6706 
   00349    0.5300    -268.2604  0.6533 
   00350    0.4600    -252.6656  0.6219 
   00351    0.4700    -256.3215  0.6447 
   00352    0.4800    -253.7679  0.6196 
   00353    0.4500    -259.6369  0.5918 
   00354    0.4600    -234.2284  0.5808 
   00355    0.4500    -248.6753  0.5980 
   00356    0.4500    -254.7553  0.6320 
   00357    0.3800    -260.8576  0.6682 
   00358    0.5100    -265.4020  0.6414 
   00359    0.5000    -274.8156  0.6912 
   00360    0.4000    -265.3279  0.6626 
   00361    0.4600    -260.9640  0.6567 
   00362    0.4700    -279.2360  0.6880 
   00363    0.5000    -260.0492  0.6742 
   00364    0.4500    -219.4892  0.6138 
   00365    0.6100    -227.7741  0.6290 
   00366    0.5100    -236.5432  0.6335 
   00367    0.3800    -245.8632  0.6530 
   00368    0.4500    -233.6298  0.5775 
   00369    0.3900    -234.4541  0.5597 
   00370    0.5500    -216.1796  0.4668 
   00371    0.5100    -232.4851  0.4834 
   00372    0.4500    -241.0628  0.5682 
   00373    0.5200    -223.1508  0.4698 
   00374    0.5400    -227.2173  0.4559 
   00375    0.4900    -223.9519  0.4699 
   00376    0.5700    -212.9748  0.4885 
   00377    0.5700    -219.7461  0.4925 
   00378    0.5100    -222.8688  0.4560 
   00379    0.5300    -214.6992  0.3827 
   00380    0.5000    -221.7681  0.2716 
   00381    0.4900    -218.8245  0.3505 
   00382    0.5600    -237.1192  0.3660 
   00383    0.5600    -225.0057  0.3396 
   00384    0.4500    -211.3873  0.3243 
   00385    0.5200    -227.4021  0.2736 
   00386    0.5400    -224.8461  0.3125 
   00387    0.5900    -234.8600  0.2927 
   00388    0.4900    -241.8580  0.3083 
   00389    0.4400    -240.7215  0.3113 
   00390    0.5000    -230.8978  0.3233 
   00391    0.5000    -237.1383  0.3862 
   00392    0.4900    -215.8663  0.3715 
   00393    0.5400    -224.9795  0.3826 
   00394    0.5600    -247.0916  0.4159 
   00395    0.4600    -235.3777  0.4316 
   00396    0.6100    -241.7755  0.4339 
   00397    0.5700    -229.9142  0.4819 
   00398    0.4800    -232.5522  0.4312 
   00399    0.5200    -228.4185  0.4655 
   00400    0.5600    -232.9730  0.4885 
   00401    0.4500    -237.1107  0.5503 
   00402    0.4700    -245.2946  0.5499 
   00403    0.4900    -263.4299  0.6122 
   00404    0.4600    -258.2968  0.6374 
   00405    0.4500    -246.8226  0.6287 
   00406    0.3600    -261.6851  0.6613 
   00407    0.4300    -249.4648  0.6107 
   00408    0.4000    -263.0964  0.5946 
   00409    0.4700    -257.7808  0.5498 
   00410    0.5200    -259.8367  0.5956 
   00411    0.4900    -266.2053  0.5890 
   00412    0.5100    -260.9908  0.5443 
   00413    0.4400    -243.0014  0.4703 
   00414    0.6000    -240.7790  0.4722 
   00415    0.4300    -237.2552  0.4870 
   00416    0.5400    -226.0909  0.5021 
   00417    0.4900    -245.1482  0.4921 
   00418    0.4600    -236.0667  0.4683 
   00419    0.5300    -235.0141  0.4138 
   00420    0.5200    -232.2504  0.3819 
   00421    0.5100    -227.0011  0.4072 
   00422    0.5000    -230.3672  0.4062 
   00423    0.4700    -239.3431  0.4047 
   00424    0.5100    -246.3191  0.4718 
   00425    0.4200    -239.9735  0.4401 
   00426    0.5200    -239.2322  0.4275 
   00427    0.5500    -207.0287  0.4053 
   00428    0.5300    -224.8712  0.4160 
   00429    0.4600    -217.3528  0.4039 
   00430    0.4700    -213.8198  0.3644 
   00431    0.6000    -220.0335  0.3480 
   00432    0.5600    -212.8656  0.3393 
   00433    0.5200    -194.2784  0.3652 
   00434    0.5400    -195.9004  0.3886 
   00435    0.5500    -211.3463  0.3823 
   00436    0.4800    -198.3534  0.3831 
   00437    0.4700    -203.4599  0.3415 
   00438    0.5800    -194.6311  0.3386 
   00439    0.5500    -213.6301  0.3343 
   00440    0.5300    -208.3204  0.3144 
   00441    0.5700    -207.0601  0.3521 
   00442    0.5800    -195.2777  0.2873 
   00443    0.6000    -212.9643  0.3149 
   00444    0.6000    -221.0006  0.3458 
   00445    0.4300    -216.9430  0.3119 
   00446    0.6300    -189.2708  0.3336 
   00447    0.6100    -184.9809  0.3168 
   00448    0.5800    -199.6978  0.3182 
   00449    0.6200    -224.4360  0.3360 
   00450    0.4700    -232.0502  0.3578 
   00451    0.5300    -214.6439  0.3724 
   00452    0.5600    -212.2086  0.3744 
   00453    0.6200    -217.2490  0.4134 
   00454    0.5500    -226.9087  0.3952 
   00455    0.6200    -221.8107  0.4063 
   00456    0.5100    -193.5268  0.3300 
   00457    0.5300    -207.7048  0.3584 
   00458    0.5400    -220.4565  0.3527 
   00459    0.5500    -216.0474  0.3704 
   00460    0.5200    -207.2895  0.3460 
   00461    0.4900    -207.5356  0.3764 
   00462    0.5300    -228.3678  0.3860 
   00463    0.5800    -224.7415  0.4405 
   00464    0.5400    -229.3790  0.5154 
   00465    0.5000    -246.0994  0.5328 
   00466    0.4500    -246.7837  0.5064 
   00467    0.5400    -246.0176  0.4492 
   00468    0.5500    -238.0869  0.5115 
   00469    0.5500    -237.0012  0.4915 
   00470    0.5200    -232.5810  0.4901 
   00471    0.5500    -235.8100  0.4886 
   00472    0.5900    -204.6091  0.4848 
   00473    0.6300    -192.8398  0.4542 
   00474    0.5300    -211.9183  0.4528 
   00475    0.5800    -219.5705  0.5057 
   00476    0.5600    -229.5567  0.5391 
   00477    0.5600    -216.5511  0.5404 
   00478    0.4600    -244.6042  0.5328 
   00479    0.5000    -243.0015  0.4886 
   00480    0.5000    -240.3498  0.4866 
   00481    0.5000    -249.6177  0.5389 
   00482    0.3900    -242.3395  0.5604 
   00483    0.5200    -240.2251  0.5557 
   00484    0.5200    -232.7991  0.5266 
   00485    0.5000    -245.4772  0.4656 
   00486    0.5000    -262.6724  0.5125 
   00487    0.4500    -258.6867  0.4567 
   00488    0.5000    -272.0226  0.4785 
   00489    0.3700    -262.9916  0.5141 
   00490    0.4300    -261.3932  0.5272 
   00491    0.5000    -227.9875  0.4506 
   00492    0.6100    -222.9556  0.4576 
   00493    0.5300    -232.1801  0.4926 
   00494    0.5300    -226.6115  0.4100 
   00495    0.4800    -217.6327  0.4047 
   00496    0.5500    -215.2829  0.4071 
   00497    0.5100    -213.8669  0.3123 
   00498    0.5700    -219.1574  0.3127 
   00499    0.4500    -230.7913  0.3633 
   00500    0.4500    -231.4660  0.3407 
   00501    0.4300    -230.0879  0.3495 
   00502    0.5700    -211.7961  0.2970 
   00503    0.4700    -222.0318  0.3029 
   00504    0.5500    -224.3165  0.2997 
   00505    0.5300    -224.7988  0.3871 
   00506    0.4900    -215.8257  0.4273 
   00507    0.5000    -222.3976  0.4435 
   00508    0.5300    -222.7827  0.5024 
   00509    0.5300    -221.4342  0.5182 
   00510    0.5800    -232.1451  0.5883 
   00511    0.5100    -242.4423  0.5972 
   00512    0.4700    -237.1039  0.6024 
   00513    0.4500    -243.3870  0.6091 
   00514    0.4600    -230.7604  0.6287 
   00515    0.5300    -230.7777  0.5697 
   00516    0.5300    -229.3376  0.5793 
   00517    0.4900    -235.1568  0.5580 
   00518    0.5500    -233.4341  0.5609 
   00519    0.4900    -227.9520  0.5265 
   00520    0.5000    -244.4759  0.5680 
   00521    0.3400    -257.6385  0.5244 
   00522    0.5000    -244.9108  0.4640 
   00523    0.5400    -237.6189  0.4271 
   00524    0.5500    -246.9308  0.4627 
   00525    0.4800    -229.6087  0.4898 
   00526    0.4700    -235.3552  0.5290 
   00527    0.5200    -236.5280  0.5057 
   00528    0.5400    -254.3828  0.5176 
   00529    0.4100    -245.3351  0.5169 
   00530    0.3600    -240.5227  0.5751 
   00531    0.4400    -242.0628  0.5376 
   00532    0.4300    -249.7437  0.5540 
   00533    0.4700    -244.1637  0.5319 
   00534    0.4000    -250.0037  0.5522 
   00535    0.4900    -232.8343  0.5819 
   00536    0.5100    -244.0644  0.5888 
   00537    0.5700    -255.3590  0.6401 
   00538    0.4200    -256.4000  0.6657 
   00539    0.5200    -260.8368  0.6616 
   00540    0.4300    -276.6935  0.6911 
   00541    0.4900    -269.6403  0.6745 
   00542    0.4000    -262.5155  0.6825 
   00543    0.5000    -253.6344  0.6750 
   00544    0.4200    -268.0274  0.6796 
   00545    0.4700    -262.6377  0.6778 
   00546    0.4700    -246.5188  0.6619 
   00547    0.5000    -237.0604  0.6296 
   00548    0.5100    -235.7541  0.5993 
   00549    0.4400    -243.6808  0.6426 
   00550    0.4300    -239.7672  0.6526 
   00551    0.5200    -246.9676  0.6308 
   00552    0.5100    -252.2942  0.6122 
   00553    0.4700    -233.1246  0.6482 
   00554    0.5100    -231.9089  0.6278 
   00555    0.4800    -259.5238  0.6632 
   00556    0.4400    -232.4535  0.6354 
   00557    0.4500    -248.8074  0.6500 
   00558    0.4900    -262.1802  0.6689 
   00559    0.4200    -274.9138  0.7261 
   00560    0.4500    -242.6964  0.6958 
   00561    0.4100    -234.0685  0.6894 
   00562    0.5100    -227.3104  0.6281 
   00563    0.4000    -230.8708  0.6661 
   00564    0.5100    -230.9197  0.6280 
   00565    0.5400    -227.4693  0.6043 
   00566    0.4400    -248.1796  0.6462 
   00567    0.4800    -240.2748  0.6582 
   00568    0.4500    -240.3726  0.6383 
   00569    0.3500    -249.4837  0.7042 
   00570    0.4200    -238.5070  0.6940 
   00571    0.5300    -247.4036  0.6988 
   00572    0.3800    -253.2492  0.7205 
   00573    0.5000    -266.6587  0.7192 
   00574    0.4300    -280.7066  0.7105 
   00575    0.4400    -270.2754  0.6839 
   00576    0.4400    -249.4676  0.6959 
   00577    0.4800    -259.3364  0.7481 
   00578    0.4400    -248.4885  0.7203 
   00579    0.4000    -242.2208  0.6591 
   00580    0.5100    -246.0253  0.6564 
   00581    0.4000    -266.3036  0.7403 
   00582    0.4000    -241.2628  0.7254 
   00583    0.4300    -254.9429  0.7245 
   00584    0.4500    -256.2699  0.7326 
   00585    0.5200    -262.9748  0.7248 
   00586    0.3700    -259.7237  0.7154 
   00587    0.4600    -257.2715  0.6623 
   00588    0.4800    -263.7834  0.7061 
   00589    0.4600    -279.7046  0.7565 
   00590    0.4800    -282.4541  0.7344 
   00591    0.4200    -295.2868  0.7134 
   00592    0.3400    -290.7862  0.6941 
   00593    0.3600    -275.1393  0.6944 
   00594    0.4300    -265.2524  0.6716 
   00595    0.4800    -280.6039  0.7302 
   00596    0.4300    -252.9352  0.6411 
   00597    0.4500    -231.1346  0.5594 
   00598    0.4600    -230.0802  0.5466 
   00599    0.5100    -207.2337  0.5165 
   00600    0.5400    -234.4140  0.5458 
   00601    0.4400    -238.7383  0.6106 
   00602    0.4500    -255.7152  0.5972 
   00603    0.4800    -249.5711  0.6717 
   00604    0.4200    -267.8392  0.6790 
   00605    0.3800    -254.8196  0.6302 
   00606    0.4600    -256.8510  0.5975 
   00607    0.5200    -237.7629  0.5353 
   00608    0.5800    -220.3128  0.4157 
   00609    0.5500    -246.1897  0.3958 
   00610    0.5700    -265.1227  0.4291 
   00611    0.5200    -249.3536  0.4482 
   00612    0.5000    -229.3816  0.4049 
   00613    0.4200    -238.8325  0.4279 
   00614    0.5100    -213.1188  0.4489 
   00615    0.5100    -217.6537  0.4593 
   00616    0.5600    -208.9187  0.4605 
   00617    0.5500    -209.7179  0.4071 
   00618    0.6300    -213.8487  0.3986 
   00619    0.5300    -208.6217  0.4186 
   00620    0.6400    -211.5290  0.4192 
   00621    0.5800    -225.6879  0.3772 
   00622    0.4800    -216.2620  0.3946 
   00623    0.4800    -229.9035  0.4845 
   00624    0.4900    -221.1233  0.4668 
   00625    0.4500    -235.4112  0.4458 
   00626    0.5100    -239.2266  0.4968 
   00627    0.5600    -233.0442  0.5056 
   00628    0.5000    -237.0938  0.5165 
   00629    0.5200    -226.6282  0.4940 
   00630    0.5300    -223.3372  0.5057 
   00631    0.5800    -212.8617  0.4732 
   00632    0.5100    -214.1881  0.5124 
   00633    0.5400    -222.3730  0.5151 
   00634    0.5100    -220.8071  0.4781 
   00635    0.4800    -213.3984  0.4398 
   00636    0.5600    -207.0415  0.4022 
   00637    0.6200    -230.7674  0.3468 
   00638    0.5600    -215.1776  0.3324 
   00639    0.5600    -232.3071  0.3292 
   00640    0.5300    -230.0153  0.3899 
   00641    0.4500    -232.7986  0.3881 
   00642    0.4400    -224.7707  0.3574 
   00643    0.4800    -232.3210  0.3345 
   00644    0.4400    -224.1260  0.3205 
   00645    0.4900    -228.7174  0.3526 
   00646    0.5200    -232.5715  0.3581 
   00647    0.4500    -236.4360  0.3802 
   00648    0.5400    -234.4779  0.4016 
   00649    0.5300    -218.4936  0.4264 
   00650    0.4900    -234.0832  0.4117 
   00651    0.4500    -226.5542  0.4426 
   00652    0.4800    -223.7737  0.4566 
   00653    0.5000    -205.3869  0.4920 
   00654    0.5200    -203.8317  0.4329 
   00655    0.5800    -201.2939  0.4253 
   00656    0.4800    -196.2615  0.4326 
   00657    0.5300    -199.0803  0.4420 
   00658    0.5100    -199.7656  0.4410 
   00659    0.4900    -213.0135  0.4669 
   00660    0.5100    -217.0348  0.4457 
   00661    0.5600    -224.4132  0.4375 
   00662    0.5400    -220.4947  0.4315 
   00663    0.4800    -225.7166  0.4582 
   00664    0.5300    -219.2560  0.4714 
   00665    0.5600    -229.0080  0.5359 
   00666    0.4900    -232.9536  0.4710 
   00667    0.4500    -237.1195  0.5002 
   00668    0.4600    -224.0737  0.4949 
   00669    0.5900    -238.9986  0.5259 
   00670    0.4700    -229.5584  0.5533 
   00671    0.5200    -231.4831  0.5989 
   00672    0.5000    -231.0375  0.5984 
   00673    0.4700    -243.4383  0.5800 
   00674    0.4500    -256.9456  0.6490 
   00675    0.4400    -255.4503  0.6664 
   00676    0.4600    -256.4947  0.6730 
   00677    0.4500    -274.6375  0.6553 
   00678    0.5200    -247.6426  0.6266 
   00679    0.4100    -275.5666  0.7135 
   00680    0.3800    -286.2426  0.7441 
   00681    0.4100    -292.8579  0.7724 
   00682    0.4400    -294.9571  0.7741 
   00683    0.4200    -291.6827  0.7669 
   00684    0.4100    -270.3970  0.7153 
   00685    0.4500    -270.7105  0.7217 
   00686    0.4900    -267.6742  0.6917 
   00687    0.4400    -243.6463  0.6782 
   00688    0.4600    -263.9841  0.7218 
   00689    0.4300    -276.3645  0.7367 
   00690    0.5600    -255.8977  0.6889 
   00691    0.4000    -236.5049  0.6758 
   00692    0.5300    -208.7530  0.5578 
   00693    0.5900    -223.4223  0.6092 
   00694    0.5000    -232.0662  0.5733 
   00695    0.5300    -220.3709  0.5459 
   00696    0.4700    -236.2704  0.5933 
   00697    0.5100    -230.4428  0.5321 
   00698    0.4900    -229.0383  0.4855 
   00699    0.5500    -226.7313  0.4325 
   00700    0.4800    -250.3209  0.4327 
   00701    0.4300    -232.1987  0.4278 
   00702    0.5400    -234.5722  0.4298 
   00703    0.5000    -236.1765  0.3920 
   00704    0.4600    -227.9367  0.4346 
   00705    0.5500    -225.0563  0.4436 
   00706    0.5700    -231.8915  0.4886 
   00707    0.5000    -233.9162  0.4784 
   00708    0.5100    -231.0569  0.4087 
   00709    0.4900    -220.9792  0.4481 
   00710    0.5700    -212.2956  0.3902 
   00711    0.5900    -221.7385  0.3490 
   00712    0.4600    -226.3266  0.3890 
   00713    0.5300    -229.0122  0.3866 
   00714    0.6200    -239.3264  0.4121 
   00715    0.4600    -245.6408  0.3717 
   00716    0.5800    -236.7991  0.3704 
   00717    0.4600    -245.2990  0.3962 
   00718    0.4500    -254.6281  0.3940 
   00719    0.4600    -244.3901  0.3963 
   00720    0.4400    -248.3797  0.4148 
   00721    0.4400    -252.0203  0.4273 
   00722    0.4600    -239.3531  0.4689 
   00723    0.5000    -256.9659  0.5507 
   00724    0.4300    -264.7263  0.5635 
   00725    0.4300    -255.5081  0.6087 
   00726    0.5600    -246.4176  0.6126 
   00727    0.5600    -251.0836  0.6553 
   00728    0.5500    -259.8571  0.6547 
   00729    0.5000    -257.8066  0.6399 
   00730    0.4500    -266.8068  0.6666 
   00731    0.4800    -259.3645  0.6407 
   00732    0.4000    -254.2154  0.6213 
   00733    0.4200    -257.8371  0.6078 
   00734    0.5200    -258.4555  0.6109 
   00735    0.4200    -250.7871  0.5986 
   00736    0.4500    -270.7531  0.6602 
   00737    0.4200    -264.3056  0.6409 
   00738    0.4000    -262.5354  0.6283 
   00739    0.4600    -253.3151  0.6507 
   00740    0.5300    -245.6787  0.6510 
   00741    0.5200    -239.0441  0.6492 
   00742    0.4400    -243.9882  0.6232 
   00743    0.5200    -234.2528  0.5816 
   00744    0.4700    -238.9077  0.6054 
   00745    0.4500    -230.2077  0.6062 
   00746    0.4500    -227.0508  0.6012 
   00747    0.5800    -200.0228  0.5237 
   00748    0.5600    -177.9151  0.4044 
   00749    0.5000    -209.1428  0.3984 
   00750    0.5300    -223.2021  0.4264 
   00751    0.5300    -208.0169  0.4658 
   00752    0.5600    -182.2136  0.4768 
   00753    0.5900    -203.9619  0.4969 
   00754    0.5500    -206.7495  0.4231 
   00755    0.5100    -207.4863  0.4576 
   00756    0.5400    -208.2269  0.3685 
   00757    0.5300    -212.6908  0.3754 
   00758    0.6100    -197.0862  0.3156 
   00759    0.5100    -194.0371  0.3253 
   00760    0.6000    -215.5582  0.4655 
   00761    0.5700    -214.9042  0.4323 
   00762    0.5900    -220.6472  0.5497 
   00763    0.4400    -220.1104  0.5741 
   00764    0.5200    -253.2957  0.6265 
   00765    0.5100    -255.1906  0.6382 
   00766    0.3600    -264.1033  0.6421 
   00767    0.4200    -238.8053  0.6089 
   00768    0.4900    -237.6790  0.5986 
   00769    0.4000    -227.9021  0.5450 
   00770    0.6100    -235.7238  0.5622 
   00771    0.4600    -248.5865  0.6002 
   00772    0.4700    -258.7781  0.5836 
   00773    0.5100    -259.1625  0.6194 
   00774    0.4200    -249.5954  0.5830 
   00775    0.3200    -252.9114  0.5331 
   00776    0.3500    -259.5196  0.5762 
   00777    0.5100    -250.7619  0.5203 
   00778    0.5100    -245.9405  0.5265 
   00779    0.5200    -247.4140  0.4869 
   00780    0.5000    -237.3501  0.4215 
   00781    0.4900    -240.2639  0.3993 
   00782    0.5700    -231.9896  0.4126 
   00783    0.5400    -228.6997  0.3987 
   00784    0.5500    -230.5058  0.3648 
   00785    0.5600    -219.2925  0.3398 
   00786    0.5200    -212.3778  0.4323 
   00787    0.5200    -221.8918  0.4560 
   00788    0.5400    -224.2963  0.5102 
   00789    0.5400    -226.0515  0.5260 
   00790    0.4500    -223.8060  0.4854 
   00791    0.5500    -232.6161  0.5298 
   00792    0.4500    -230.0423  0.5176 
   00793    0.4600    -237.3536  0.4799 
   00794    0.4100    -235.4105  0.5101 
   00795    0.5100    -211.3692  0.4709 
   00796    0.5200    -249.5865  0.4446 
   00797    0.4900    -233.5632  0.4233 
   00798    0.4700    -233.5518  0.4357 
   00799    0.4400    -252.4725  0.4766 
   00800    0.5000    -245.9059  0.4772 
   00801    0.5200    -254.2502  0.5274 
   00802    0.3600    -259.2990  0.5478 
   00803    0.4500    -256.3381  0.5894 
   00804    0.5000    -264.8603  0.6215 
   00805    0.4500    -276.6075  0.5999 
   00806    0.4800    -261.7615  0.5783 
   00807    0.4500    -263.2721  0.6143 
   00808    0.4100    -253.0516  0.5729 
   00809    0.4500    -265.3678  0.5608 
   00810    0.3800    -256.1394  0.5532 
   00811    0.5500    -255.1047  0.5080 
   00812    0.4500    -249.6943  0.4976 
   00813    0.5200    -246.8839  0.5229 
   00814    0.5300    -241.6491  0.5185 
   00815    0.4700    -237.5234  0.4588 
   00816    0.4800    -223.8827  0.4230 
   00817    0.4900    -232.4205  0.4315 
   00818    0.5000    -241.5424  0.4555 
   00819    0.5800    -238.4516  0.3655 
   00820    0.5000    -233.6103  0.3753 
   00821    0.4700    -232.8903  0.4519 
   00822    0.5000    -243.6425  0.4601 
   00823    0.4500    -217.7185  0.4460 
   00824    0.4600    -233.0904  0.4802 
   00825    0.5300    -245.1843  0.5226 
   00826    0.4800    -272.9571  0.5316 
   00827    0.3700    -261.6321  0.5295 
   00828    0.5600    -238.1094  0.5213 
   00829    0.4700    -240.0692  0.5604 
   00830    0.5100    -233.8135  0.6011 
   00831    0.5500    -245.0019  0.6081 
   00832    0.3800    -251.2909  0.6374 
   00833    0.4500    -256.1639  0.6641 
   00834    0.4200    -260.9466  0.6981 
   00835    0.4100    -263.7088  0.6827 
   00836    0.4400    -257.3751  0.7052 
   00837    0.5300    -237.6307  0.6829 
   00838    0.4800    -230.0129  0.6604 
   00839    0.4100    -245.0534  0.6566 
   00840    0.4700    -219.8289  0.6492 
   00841    0.6000    -222.3850  0.6125 
   00842    0.5300    -230.6030  0.6123 
   00843    0.4900    -242.6630  0.6176 
   00844    0.4900    -236.0149  0.5952 
   00845    0.5400    -242.3579  0.5927 
   00846    0.5100    -237.8195  0.5292 
   00847    0.4400    -229.0784  0.5058 
   00848    0.4800    -216.7968  0.4869 
   00849    0.5700    -209.8319  0.5333 
   00850    0.5900    -214.4654  0.5631 
   00851    0.4700    -223.0703  0.5446 
   00852    0.5200    -219.7680  0.5392 
   00853    0.5500    -242.4948  0.6220 
   00854    0.3600    -251.0592  0.5884 
   00855    0.3800    -268.7890  0.5690 
   00856    0.4600    -254.8555  0.5736 
   00857    0.5000    -264.5349  0.6094 
   00858    0.4300    -263.9228  0.5788 
   00859    0.5000    -258.3648  0.6015 
   00860    0.4400    -245.8397  0.6011 
   00861    0.4700    -247.3548  0.6315 
   00862    0.4900    -253.6051  0.6562 
   00863    0.4800    -253.8439  0.6255 
   00864    0.4900    -224.5877  0.5588 
   00865    0.4300    -234.1326  0.5645 
   00866    0.4900    -240.7669  0.5415 
   00867    0.5400    -245.9577  0.4825 
   00868    0.5000    -250.8195  0.4398 
   00869    0.3900    -250.6339  0.4883 
   00870    0.4400    -253.1104  0.5374 
   00871    0.4700    -242.2877  0.6012 
   00872    0.4600    -262.6576  0.6170 
   00873    0.4000    -240.2666  0.5778 
   00874    0.4600    -238.9794  0.6000 
   00875    0.4100    -228.8868  0.5947 
   00876    0.5300    -234.2126  0.5817 
   00877    0.4900    -238.9101  0.5761 
   00878    0.3700    -240.4246  0.5848 
   00879    0.4800    -255.4368  0.5748 
   00880    0.5500    -250.5738  0.6324 
   00881    0.4800    -248.1259  0.6349 
   00882    0.5500    -243.5764  0.6073 
   00883    0.5100    -249.1239  0.6530 
   00884    0.5600    -263.2216  0.7062 
   00885    0.4000    -280.9375  0.7088 
   00886    0.3800    -281.7528  0.7401 
   00887    0.4000    -282.7017  0.7157 
   00888    0.4500    -286.2891  0.7568 
   00889    0.4100    -293.5546  0.7389 
   00890    0.4400    -297.5037  0.7495 
   00891    0.4300    -286.3052  0.7484 
   00892    0.4700    -287.8087  0.7415 
   00893    0.4900    -284.1689  0.7159 
   00894    0.4200    -280.5212  0.6967 
   00895    0.3500    -279.4962  0.6789 
   00896    0.3000    -257.8909  0.6852 
   00897    0.4000    -251.8037  0.6420 
   00898    0.4700    -255.0034  0.6315 
   00899    0.4700    -261.7442  0.6374 
   00900    0.3700    -256.7226  0.6243 
   00901    0.4800    -235.7183  0.6076 
   00902    0.5000    -240.1102  0.6017 
   00903    0.4700    -229.5260  0.6177 
   00904    0.5600    -224.5736  0.5901 
   00905    0.4600    -232.6236  0.5695 
   00906    0.4500    -261.8390  0.5934 
   00907    0.4100    -270.8389  0.6202 
   00908    0.3900    -255.3708  0.5891 
   00909    0.5600    -236.9484  0.5967 
   00910    0.4700    -246.0609  0.5895 
   00911    0.4500    -263.8945  0.6284 
   00912    0.4900    -246.1156  0.5900 
   00913    0.4800    -263.8927  0.5261 
   00914    0.4600    -258.2806  0.5215 
   00915    0.4800    -259.8814  0.5449 
   00916    0.5500    -240.9899  0.4658 
   00917    0.4800    -253.8663  0.4867 
   00918    0.5500    -254.3655  0.4472 
   00919    0.4100    -244.7944  0.4666 
   00920    0.5100    -232.5641  0.4698 
   00921    0.5000    -242.4691  0.4761 
   00922    0.5600    -242.1517  0.4978 
   00923    0.5600    -231.5480  0.4501 
   00924    0.4700    -224.0346  0.4394 
   00925    0.4800    -216.1499  0.4077 
   00926    0.5100    -223.5308  0.3764 
   00927    0.5200    -223.5003  0.4101 
   00928    0.4400    -246.9866  0.4857 
   00929    0.4300    -248.9600  0.5139 
   00930    0.5500    -241.3883  0.4472 
   00931    0.4800    -233.4430  0.3992 
   00932    0.4200    -249.6733  0.3465 
   00933    0.5500    -245.9530  0.2626 
   00934    0.3800    -238.2251  0.2874 
   00935    0.4600    -236.8696  0.2993 
   00936    0.4900    -243.0571  0.3061 
   00937    0.4900    -196.7182  0.2735 
   00938    0.6300    -222.2701  0.3192 
   00939    0.5200    -243.0623  0.3026 
   00940    0.4900    -242.2923  0.3662 
   00941    0.5200    -222.3381  0.3925 
   00942    0.5500    -209.8421  0.3745 
   00943    0.5400    -206.5423  0.4411 
   00944    0.4900    -208.9271  0.4099 
   00945    0.6200    -222.2463  0.3524 
   00946    0.4700    -222.9715  0.3891 
   00947    0.4900    -232.2172  0.3731 
   00948    0.4200    -250.7579  0.3937 
   00949    0.4600    -247.6603  0.3762 
   00950    0.3900    -251.9066  0.3585 
   00951    0.5200    -240.5841  0.3757 
   00952    0.5100    -213.8464  0.4316 
   00953    0.4900    -228.8925  0.4538 
   00954    0.5500    -235.4364  0.4765 
   00955    0.5700    -238.7715  0.4882 
   00956    0.5000    -232.9564  0.4786 
   00957    0.4900    -241.1532  0.4315 
   00958    0.4700    -240.8813  0.4610 
   00959    0.4300    -230.0087  0.4209 
   00960    0.4800    -224.3814  0.4088 
   00961    0.4900    -213.9043  0.3675 
   00962    0.4700    -219.0901  0.3505 
   00963    0.5900    -219.1766  0.3747 
   00964    0.5200    -239.4640  0.4058 
   00965    0.4800    -238.9623  0.4278 
   00966    0.5000    -252.7625  0.4660 
   00967    0.4500    -255.9523  0.4790 
   00968    0.5400    -237.2522  0.3886 
   00969    0.4900    -247.8357  0.4219 
   00970    0.4500    -262.3286  0.4415 
   00971    0.5600    -239.8517  0.3957 
   00972    0.4600    -246.6833  0.4197 
   00973    0.3900    -223.3496  0.4619 
   00974    0.4900    -244.3326  0.4936 
   00975    0.4300    -246.6752  0.4330 
   00976    0.4700    -258.2297  0.3913 
   00977    0.5500    -247.8197  0.3797 
   00978    0.4400    -251.4996  0.4178 
   00979    0.4500    -263.5027  0.4558 
   00980    0.4000    -270.7469  0.4712 
   00981    0.4900    -259.7117  0.5025 
   00982    0.5000    -267.6659  0.4782 
   00983    0.4700    -272.6897  0.5445 
   00984    0.4900    -256.5976  0.5436 
   00985    0.5100    -258.5609  0.5855 
   00986    0.4600    -266.5904  0.5563 
   00987    0.3800    -276.5078  0.5770 
   00988    0.5100    -266.2197  0.5877 
   00989    0.3800    -274.3743  0.5517 
   00990    0.4700    -269.6605  0.5772 
   00991    0.4800    -254.1515  0.5952 
   00992    0.5200    -240.2471  0.5432 
   00993    0.4700    -246.9026  0.5393 
   00994    0.4300    -249.1925  0.4933 
   00995    0.4600    -247.5942  0.5858 
   00996    0.4300    -246.5959  0.6259 
   00997    0.5700    -224.6335  0.5463 
   00998    0.4600    -219.2733  0.4891 
   00999    0.4500    -223.8571  0.5408 
   01000    0.5800    -228.4153  0.5572 
