#=====================================================
# File created:        Sat-09-Mar-2024-at-11-45-20PM
# Size of lattice:     20x20
# Number of MC steps:  1000
# Reduced temperature: 0.500
# Run time (s):        9.243000
#=====================================================
# MC step:  Ratio:     Energy:   Order:
#=====================================================
   00000    0.5000    -412.1125  0.2526 
   00001    0.6550    -612.9026  0.2832 
   00002    0.6325    -759.8953  0.2753 
   00003    0.5600    -831.1695  0.2757 
   00004    0.5950    -916.2507  0.2805 
   00005    0.5025    -941.2642  0.2951 
   00006    0.4725    -970.9724  0.2828 
   00007    0.5150   -1013.8650  0.2850 
   00008    0.5300   -1044.4055  0.2576 
   00009    0.5300   -1085.0008  0.2569 
   00010    0.4825   -1107.0890  0.2540 
   00011    0.4575   -1109.8355  0.2587 
   00012    0.4925   -1117.3123  0.2931 
   00013    0.4675   -1113.7330  0.2893 
   00014    0.4750   -1160.5831  0.2687 
   00015    0.4225   -1168.7811  0.2856 
   00016    0.4500   -1187.7168  0.2877 
   00017    0.4450   -1197.8670  0.2814 
   00018    0.4525   -1190.8549  0.2788 
   00019    0.4650   -1213.4790  0.2726 
   00020    0.4850   -1238.3740  0.2816 
   00021    0.4450   -1235.1573  0.3015 
   00022    0.4575   -1230.3235  0.3008 
   00023    0.4725   -1228.3744  0.3013 
   00024    0.4175   -1233.2915  0.3175 
   00025    0.4250   -1221.7793  0.3160 
   00026    0.4200   -1234.8520  0.2929 
   00027    0.4450   -1255.0681  0.2958 
   00028    0.4100   -1252.5349  0.3039 
   00029    0.4025   -1257.5551  0.3177 
   00030    0.4175   -1270.7733  0.3144 
   00031    0.4325   -1285.8750  0.3310 
   00032    0.4425   -1300.0820  0.3260 
   00033    0.4075   -1279.9235  0.3246 
   00034    0.4675   -1274.5563  0.3208 
   00035    0.3925   -1281.2382  0.3346 
   00036    0.3900   -1299.7010  0.3409 
   00037    0.4025   -1303.1636  0.3448 
   00038    0.4175   -1318.8980  0.3390 
   00039    0.4125   -1302.4219  0.3231 
   00040    0.4275   -1299.9687  0.3326 
   00041    0.4650   -1310.0048  0.3475 
   00042    0.4350   -1313.7332  0.3417 
   00043    0.4150   -1313.3651  0.3419 
   00044    0.4700   -1319.2048  0.3482 
   00045    0.3950   -1301.1432  0.3604 
   00046    0.4150   -1283.0956  0.3352 
   00047    0.4000   -1281.2509  0.3477 
   00048    0.4475   -1283.8950  0.3514 
   00049    0.4325   -1265.4835  0.3446 
   00050    0.4225   -1285.8450  0.3541 
   00051    0.4275   -1279.6355  0.3667 
   00052    0.4175   -1281.9033  0.3601 
   00053    0.4675   -1292.1074  0.3539 
   00054    0.4525   -1301.2636  0.3658 
   00055    0.4150   -1301.6012  0.3690 
   00056    0.4525   -1306.4900  0.3652 
   00057    0.4050   -1314.6395  0.3746 
   00058    0.4150   -1313.8852  0.3638 
   00059    0.4100   -1309.0258  0.3668 
   00060    0.4250   -1286.0718  0.3824 
   00061    0.4300   -1297.0325  0.3922 
   00062    0.4375   -1294.0516  0.4046 
   00063    0.4475   -1295.9624  0.3788 
   00064    0.4175   -1307.9208  0.3700 
   00065    0.4700   -1307.0252  0.3770 
   00066    0.3775   -1306.8491  0.3880 
   00067    0.3925   -1304.6212  0.3994 
   00068    0.4350   -1288.2812  0.3955 
   00069    0.4225   -1281.0392  0.3972 
   00070    0.4400   -1297.6532  0.4018 
   00071    0.4350   -1298.1829  0.4028 
   00072    0.4150   -1299.5053  0.4066 
   00073    0.4650   -1281.7271  0.3971 
   00074    0.4375   -1294.2307  0.3969 
   00075    0.3850   -1283.2710  0.3814 
   00076    0.4850   -1293.8798  0.3669 
   00077    0.4700   -1303.0702  0.3755 
   00078    0.4300   -1303.2505  0.3796 
   00079    0.4225   -1311.1399  0.3695 
   00080    0.3775   -1307.0382  0.3667 
   00081    0.4500   -1289.4165  0.3750 
   00082    0.3975   -1299.4970  0.3744 
   00083    0.4300   -1285.2890  0.3803 
   00084    0.4275   -1289.3040  0.3772 
   00085    0.4150   -1292.8754  0.3750 
   00086    0.4275   -1294.5533  0.3888 
   00087    0.3775   -1294.7803  0.3996 
   00088    0.4700   -1297.0493  0.4172 
   00089    0.3825   -1289.6544  0.4159 
   00090    0.4650   -1291.4985  0.4263 
   00091    0.4100   -1301.2846  0.4251 
   00092    0.3975   -1302.2786  0.4347 
   00093    0.4425   -1287.2746  0.4310 
   00094    0.4625   -1273.7563  0.4112 
   00095    0.3925   -1265.8485  0.4053 
   00096    0.4200   -1278.0286  0.4038 
   00097    0.4375   -1295.0222  0.4123 
   00098    0.3800   -1301.0753  0.4212 
   00099    0.4000   -1308.1368  0.4171 
   00100    0.3900   -1292.1897  0.4064 
   00101    0.4775   -1286.0012  0.3919 
   00102    0.3775   -1311.2954  0.4025 
   00103    0.4525   -1296.6911  0.4115 
   00104    0.4400   -1280.8054  0.4065 
   00105    0.4400   -1284.0780  0.4152 
   00106    0.3975   -1314.6324  0.4324 
   00107    0.4450   -1309.9781  0.4241 
   00108    0.4225   -1299.6090  0.4159 
   00109    0.4150   -1285.4424  0.4214 
   00110    0.4250   -1262.5022  0.4131 
   00111    0.4225   -1262.0045  0.4275 
   00112    0.4650   -1280.7254  0.4333 
   00113    0.4700   -1281.5929  0.4379 
   00114    0.4325   -1277.5505  0.4383 
   00115    0.4125   -1287.5570  0.4488 
   00116    0.4000   -1293.3735  0.4508 
   00117    0.4350   -1299.1268  0.4757 
   00118    0.3875   -1299.0240  0.4747 
   00119    0.4425   -1307.4265  0.4875 
   00120    0.4025   -1309.9300  0.4977 
   00121    0.4250   -1306.6281  0.4903 
   00122    0.4200   -1309.6816  0.4897 
   00123    0.4375   -1301.5939  0.4947 
   00124    0.3775   -1299.9704  0.4818 
   00125    0.4350   -1299.8681  0.4909 
   00126    0.4575   -1280.8818  0.4929 
   00127    0.4575   -1292.7955  0.4965 
   00128    0.4500   -1284.8137  0.4942 
   00129    0.4575   -1299.4650  0.5030 
   00130    0.4575   -1304.5447  0.4983 
   00131    0.4450   -1300.5530  0.4941 
   00132    0.4025   -1310.5593  0.5096 
   00133    0.4200   -1307.3709  0.5170 
   00134    0.4100   -1313.7657  0.5247 
   00135    0.4550   -1308.8634  0.5283 
   00136    0.4475   -1306.3354  0.5185 
   00137    0.3800   -1293.9967  0.4980 
   00138    0.4500   -1299.0963  0.4964 
   00139    0.4475   -1282.2064  0.4967 
   00140    0.4125   -1287.5016  0.4988 
   00141    0.3975   -1282.7530  0.4955 
   00142    0.4150   -1283.6436  0.5023 
   00143    0.4050   -1267.9367  0.5136 
   00144    0.4700   -1264.3210  0.5123 
   00145    0.4525   -1295.7294  0.5168 
   00146    0.4100   -1309.2680  0.5371 
   00147    0.4425   -1306.8711  0.5422 
   00148    0.4125   -1311.3969  0.5458 
   00149    0.4550   -1320.5165  0.5453 
   00150    0.4275   -1307.3375  0.5474 
   00151    0.4400   -1318.5846  0.5656 
   00152    0.4425   -1336.6175  0.5696 
   00153    0.4025   -1320.4766  0.5738 
   00154    0.4325   -1317.8969  0.5818 
   00155    0.4475   -1319.7989  0.5868 
   00156    0.4400   -1323.1145  0.6061 
   00157    0.4225   -1308.8038  0.6018 
   00158    0.3950   -1312.1473  0.5988 
   00159    0.4075   -1297.6990  0.6013 
   00160    0.4525   -1292.9783  0.6114 
   00161    0.4600   -1312.7380  0.6210 
   00162    0.3925   -1316.4604  0.6084 
   00163    0.4175   -1325.7087  0.6000 
   00164    0.4600   -1307.8382  0.6113 
   00165    0.4550   -1295.4767  0.6091 
   00166    0.3925   -1301.7092  0.6113 
   00167    0.4375   -1322.0646  0.6179 
   00168    0.3950   -1320.9030  0.6276 
   00169    0.4200   -1323.7349  0.6196 
   00170    0.4000   -1314.4044  0.6129 
   00171    0.4050   -1333.9625  0.6253 
   00172    0.3925   -1319.7337  0.6239 
   00173    0.4175   -1311.0240  0.6316 
   00174    0.4100   -1322.1187  0.6476 
   00175    0.4000   -1320.3026  0.6498 
   00176    0.4325   -1301.4518  0.6352 
   00177    0.4400   -1294.8193  0.6293 
   00178    0.4425   -1308.2430  0.6381 
   00179    0.4575   -1320.1034  0.6434 
   00180    0.3950   -1322.8989  0.6461 
   00181    0.4275   -1326.2789  0.6315 
   00182    0.4300   -1327.9442  0.6372 
   00183    0.4200   -1336.1330  0.6497 
   00184    0.4150   -1335.6924  0.6497 
   00185    0.4425   -1330.9629  0.6689 
   00186    0.4575   -1331.9368  0.6702 
   00187    0.4300   -1332.9023  0.6704 
   00188    0.3950   -1356.5538  0.6811 
   00189    0.3750   -1356.6698  0.6922 
   00190    0.4250   -1355.5734  0.7097 
   00191    0.4475   -1354.1255  0.7010 
   00192    0.4275   -1349.0951  0.6896 
   00193    0.4525   -1340.2843  0.6964 
   00194    0.4400   -1333.2494  0.6983 
   00195    0.4050   -1349.1394  0.7026 
   00196    0.4475   -1342.5146  0.6946 
   00197    0.3800   -1346.7897  0.6877 
   00198    0.4950   -1322.8450  0.6802 
   00199    0.4550   -1335.0462  0.6880 
   00200    0.4350   -1344.6628  0.6900 
   00201    0.4375   -1355.6289  0.6914 
   00202    0.4175   -1339.2118  0.6688 
   00203    0.3950   -1339.5053  0.6600 
   00204    0.3925   -1327.6939  0.6644 
   00205    0.3850   -1323.3028  0.6670 
   00206    0.4150   -1333.6426  0.6768 
   00207    0.4325   -1344.3450  0.6737 
   00208    0.4375   -1351.0248  0.6778 
   00209    0.3950   -1345.9279  0.6846 
   00210    0.4100   -1345.8933  0.6897 
   00211    0.3900   -1351.6333  0.6983 
   00212    0.4325   -1344.8062  0.7011 
   00213    0.3675   -1337.7742  0.6971 
   00214    0.4600   -1336.8168  0.7080 
   00215    0.4325   -1327.0599  0.7041 
   00216    0.3925   -1328.0222  0.6933 
   00217    0.3850   -1320.6542  0.7008 
   00218    0.4250   -1302.2213  0.6863 
   00219    0.4025   -1286.9175  0.6863 
   00220    0.4500   -1312.4941  0.6802 
   00221    0.4050   -1312.3635  0.6840 
   00222    0.4125   -1320.5441  0.6871 
   00223    0.4625   -1308.2446  0.6908 
   00224    0.4475   -1297.2514  0.6851 
   00225    0.4050   -1320.7390  0.6908 
   00226    0.4050   -1329.0862  0.7006 
   00227    0.4400   -1306.2215  0.6964 
   00228    0.4500   -1300.4520  0.6986 
   00229    0.4300   -1301.7478  0.7056 
   00230    0.4675   -1280.6546  0.6900 
   00231    0.4575   -1300.2351  0.7025 
   00232    0.4150   -1329.6888  0.7144 
   00233    0.4250   -1310.0282  0.7048 
   00234    0.4550   -1319.0366  0.7010 
   00235    0.4425   -1327.3773  0.7120 
   00236    0.4100   -1333.1477  0.7092 
   00237    0.4200   -1330.6559  0.7099 
   00238    0.4425   -1331.8457  0.7131 
   00239    0.4600   -1349.9108  0.7279 
   00240    0.4025   -1337.2945  0.7327 
   00241    0.4000   -1326.1853  0.7421 
   00242    0.4475   -1334.7969  0.7579 
   00243    0.4475   -1330.9928  0.7556 
   00244    0.4950   -1334.6324  0.7565 
   00245    0.4675   -1328.2239  0.7553 
   00246    0.4025   -1324.2282  0.7521 
   00247    0.4350   -1343.4025  0.7624 
   00248    0.3850   -1343.9325  0.7748 
   00249    0.4550   -1337.7368  0.7519 
   00250    0.4050   -1346.0982  0.7633 
   00251    0.4325   -1326.2335  0.7580 
   00252    0.4350   -1336.5489  0.7529 
   00253    0.4500   -1338.5886  0.7526 
   00254    0.4225   -1342.8923  0.7391 
   00255    0.4225   -1348.4308  0.7379 
   00256    0.4175   -1348.6084  0.7393 
   00257    0.3975   -1345.9644  0.7397 
   00258    0.4250   -1335.7947  0.7313 
   00259    0.4375   -1330.3772  0.7227 
   00260    0.4050   -1327.6888  0.7413 
   00261    0.4075   -1331.3936  0.7515 
   00262    0.3725   -1345.5071  0.7493 
   00263    0.4000   -1333.5192  0.7485 
   00264    0.4375   -1341.7951  0.7593 
   00265    0.4550   -1342.7185  0.7627 
   00266    0.3700   -1355.1744  0.7648 
   00267    0.4425   -1368.3781  0.7574 
   00268    0.4275   -1367.9204  0.7673 
   00269    0.3850   -1361.7875  0.7687 
   00270    0.3725   -1339.9030  0.7580 
   00271    0.3900   -1344.3028  0.7711 
   00272    0.4225   -1339.9700  0.7702 
   00273    0.4850   -1346.6398  0.7683 
   00274    0.4450   -1354.9119  0.7684 
   00275    0.3400   -1336.2638  0.7651 
   00276    0.4075   -1352.2090  0.7768 
   00277    0.3900   -1365.2237  0.7829 
   00278    0.4625   -1371.5709  0.7918 
   00279    0.4350   -1356.2724  0.7835 
   00280    0.4325   -1344.5232  0.7845 
   00281    0.4375   -1368.2730  0.7888 
   00282    0.3875   -1357.6028  0.7758 
   00283    0.4200   -1358.7317  0.7857 
   00284    0.4225   -1383.5886  0.8000 
   00285    0.4450   -1383.4297  0.8012 
   00286    0.4150   -1388.0502  0.8045 
   00287    0.4625   -1385.4441  0.8017 
   00288    0.4400   -1379.8863  0.7873 
   00289    0.3975   -1383.4075  0.7918 
   00290    0.3725   -1375.7450  0.8019 
   00291    0.4300   -1380.4358  0.8101 
   00292    0.4275   -1371.8538  0.8106 
   00293    0.4000   -1370.0398  0.8071 
   00294    0.4375   -1385.4236  0.8075 
   00295    0.4275   -1375.7394  0.7982 
   00296    0.4350   -1386.1920  0.8053 
   00297    0.4000   -1383.3873  0.8092 
   00298    0.3875   -1366.9994  0.8052 
   00299    0.3700   -1399.3300  0.8141 
   00300    0.4375   -1387.8692  0.8189 
   00301    0.3950   -1379.9899  0.8224 
   00302    0.4450   -1362.3745  0.8085 
   00303    0.4300   -1367.2967  0.8201 
   00304    0.3975   -1359.8381  0.8306 
   00305    0.3975   -1358.1747  0.8259 
   00306    0.4700   -1360.5327  0.8062 
   00307    0.4200   -1373.2393  0.8123 
   00308    0.4275   -1369.3713  0.8155 
   00309    0.4075   -1380.3326  0.8218 
   00310    0.4100   -1389.4511  0.8243 
   00311    0.4175   -1389.6055  0.8117 
   00312    0.4075   -1372.0184  0.8130 
   00313    0.4300   -1366.7220  0.8082 
   00314    0.4075   -1375.4545  0.8160 
   00315    0.4200   -1370.9256  0.8304 
   00316    0.4050   -1368.8352  0.8306 
   00317    0.3800   -1376.2039  0.8361 
   00318    0.3525   -1394.3511  0.8371 
   00319    0.4250   -1389.2128  0.8365 
   00320    0.3900   -1391.8562  0.8315 
   00321    0.4600   -1382.4536  0.8205 
   00322    0.4025   -1378.6741  0.8241 
   00323    0.3875   -1377.7802  0.8228 
   00324    0.3950   -1365.4349  0.8140 
   00325    0.4175   -1366.0148  0.8291 
   00326    0.4400   -1360.3739  0.8269 
   00327    0.3850   -1364.6627  0.8290 
   00328    0.4300   -1370.2005  0.8292 
   00329    0.3975   -1374.8408  0.8342 
   00330    0.3975   -1369.9476  0.8340 
   00331    0.4050   -1371.4858  0.8384 
   00332    0.4075   -1395.5564  0.8397 
   00333    0.4350   -1388.6380  0.8454 
   00334    0.4250   -1403.5768  0.8551 
   00335    0.3600   -1413.4094  0.8534 
   00336    0.3925   -1416.4112  0.8573 
   00337    0.3925   -1425.5558  0.8625 
   00338    0.4325   -1420.4414  0.8725 
   00339    0.4100   -1421.6994  0.8745 
   00340    0.3900   -1418.1700  0.8736 
   00341    0.3600   -1406.8573  0.8804 
   00342    0.3800   -1404.7117  0.8785 
   00343    0.3825   -1402.9976  0.8783 
   00344    0.4100   -1403.4070  0.8850 
   00345    0.4125   -1407.9399  0.8838 
   00346    0.4050   -1399.4334  0.8798 
   00347    0.4075   -1385.5149  0.8746 
   00348    0.3675   -1387.0227  0.8765 
   00349    0.3675   -1402.2782  0.8745 
   00350    0.4150   -1391.6516  0.8716 
   00351    0.4300   -1390.4010  0.8773 
   00352    0.3975   -1397.6882  0.8754 
   00353    0.4075   -1405.6857  0.8838 
   00354    0.3750   -1392.5771  0.8737 
   00355    0.3725   -1394.1304  0.8752 
   00356    0.3975   -1378.5559  0.8694 
   00357    0.3950   -1396.0359  0.8636 
   00358    0.3850   -1383.2505  0.8579 
   00359    0.4075   -1400.4605  0.8608 
   00360    0.4025   -1409.2210  0.8610 
   00361    0.3775   -1392.6911  0.8596 
   00362    0.4000   -1381.1421  0.8550 
   00363    0.4125   -1380.9931  0.8541 
   00364    0.4275   -1369.3916  0.8423 
   00365    0.4225   -1372.6079  0.8392 
   00366    0.3925   -1377.3465  0.8424 
   00367    0.4225   -1366.0675  0.8408 
   00368    0.4225   -1355.1112  0.8425 
   00369    0.4050   -1344.7021  0.8461 
   00370    0.4350   -1351.6121  0.8375 
   00371    0.4025   -1344.4909  0.8349 
   00372    0.4325   -1351.7737  0.8302 
   00373    0.4025   -1350.3280  0.8286 
   00374    0.3725   -1348.5918  0.8276 
   00375    0.4075   -1366.5128  0.8408 
   00376    0.4425   -1358.3984  0.8351 
   00377    0.3775   -1354.4986  0.8367 
   00378    0.4425   -1355.3789  0.8227 
   00379    0.4050   -1360.2072  0.8260 
   00380    0.4025   -1377.5172  0.8440 
   00381    0.3550   -1365.3239  0.8392 
   00382    0.3550   -1345.6688  0.8253 
   00383    0.3900   -1360.1877  0.8181 
   00384    0.4175   -1357.5767  0.8113 
   00385    0.4050   -1347.4806  0.8023 
   00386    0.4150   -1352.4141  0.7960 
   00387    0.4050   -1363.5891  0.7857 
   00388    0.4175   -1357.8707  0.7787 
   00389    0.4025   -1361.5459  0.7871 
   00390    0.4050   -1365.2878  0.7882 
   00391    0.3775   -1373.3861  0.7956 
   00392    0.3750   -1360.4284  0.7944 
   00393    0.3675   -1364.4982  0.7844 
   00394    0.3950   -1368.6809  0.7834 
   00395    0.4450   -1369.7471  0.7858 
   00396    0.3950   -1366.5681  0.7795 
   00397    0.3775   -1368.8666  0.7858 
   00398    0.4000   -1373.5094  0.7990 
   00399    0.4200   -1366.1328  0.7998 
   00400    0.4175   -1356.7034  0.7931 
   00401    0.4475   -1351.7389  0.7999 
   00402    0.4175   -1368.6836  0.7972 
   00403    0.4300   -1377.7494  0.7954 
   00404    0.3925   -1363.3406  0.7922 
   00405    0.4500   -1358.7301  0.7927 
   00406    0.3975   -1356.1235  0.7930 
   00407    0.4500   -1368.5758  0.8163 
   00408    0.4100   -1376.9123  0.8256 
   00409    0.4300   -1373.0710  0.8234 
   00410    0.4350   -1369.9358  0.8277 
   00411    0.4000   -1384.6330  0.8287 
   00412    0.3800   -1399.3231  0.8349 
   00413    0.3900   -1391.7455  0.8287 
   00414    0.4400   -1387.1420  0.8262 
   00415    0.4025   -1379.6789  0.8215 
   00416    0.4175   -1369.3581  0.8042 
   00417    0.4375   -1375.9159  0.8206 
   00418    0.4150   -1376.8958  0.8241 
   00419    0.4525   -1379.8051  0.8231 
   00420    0.3925   -1378.4360  0.8270 
   00421    0.4225   -1385.5645  0.8313 
   00422    0.4050   -1363.0823  0.8195 
   00423    0.4000   -1367.9834  0.8225 
   00424    0.4050   -1366.0972  0.8294 
   00425    0.4425   -1381.7904  0.8369 
   00426    0.4475   -1379.2644  0.8332 
   00427    0.4125   -1386.2099  0.8367 
   00428    0.3700   -1374.7272  0.8339 
   00429    0.4150   -1373.3447  0.8313 
   00430    0.4200   -1374.6977  0.8336 
   00431    0.4225   -1369.1887  0.8324 
   00432    0.3925   -1402.1008  0.8429 
   00433    0.4025   -1403.2758  0.8421 
   00434    0.4050   -1386.7433  0.8302 
   00435    0.4325   -1385.2855  0.8431 
   00436    0.4050   -1376.9295  0.8446 
   00437    0.3750   -1371.8761  0.8414 
   00438    0.4175   -1386.1067  0.8498 
   00439    0.3900   -1385.4114  0.8464 
   00440    0.4025   -1398.1053  0.8478 
   00441    0.4075   -1391.0120  0.8481 
   00442    0.4475   -1380.7163  0.8448 
   00443    0.4475   -1368.6953  0.8401 
   00444    0.4250   -1377.2295  0.8559 
   00445    0.4025   -1390.0730  0.8496 
   00446    0.3850   -1375.3245  0.8578 
   00447    0.4250   -1381.5125  0.8526 
   00448    0.4300   -1401.7035  0.8564 
   00449    0.4350   -1403.2290  0.8515 
   00450    0.3875   -1394.6173  0.8492 
   00451    0.3600   -1386.1336  0.8426 
   00452    0.4075   -1391.9132  0.8477 
   00453    0.3850   -1397.6881  0.8501 
   00454    0.3950   -1401.8861  0.8635 
   00455    0.3700   -1384.4613  0.8546 
   00456    0.4200   -1376.4560  0.8517 
   00457    0.3850   -1386.5173  0.8606 
   00458    0.4000   -1397.6451  0.8575 
   00459    0.3750   -1392.1634  0.8693 
   00460    0.4250   -1377.0903  0.8652 
   00461    0.4025   -1373.2740  0.8626 
   00462    0.4375   -1367.8843  0.8559 
   00463    0.3925   -1362.2489  0.8504 
   00464    0.3525   -1361.6939  0.8511 
   00465    0.4025   -1363.1955  0.8568 
   00466    0.4450   -1356.6618  0.8561 
   00467    0.3950   -1354.9441  0.8586 
   00468    0.4200   -1377.5430  0.8662 
   00469    0.4450   -1368.2541  0.8657 
   00470    0.4425   -1386.3866  0.8787 
   00471    0.3900   -1392.9658  0.8770 
   00472    0.4175   -1376.7985  0.8688 
   00473    0.4000   -1388.0290  0.8663 
   00474    0.3850   -1392.9654  0.8628 
   00475    0.3825   -1377.5798  0.8662 
   00476    0.4250   -1390.9640  0.8746 
   00477    0.3900   -1405.8709  0.8697 
   00478    0.4075   -1383.4592  0.8609 
   00479    0.3800   -1385.1493  0.8523 
   00480    0.4275   -1391.1525  0.8575 
   00481    0.4400   -1392.2376  0.8489 
   00482    0.3775   -1398.0235  0.8533 
   00483    0.4375   -1381.8881  0.8536 
   00484    0.4075   -1389.7541  0.8621 
   00485    0.4000   -1369.5920  0.8602 
   00486    0.4100   -1374.6773  0.8579 
   00487    0.3875   -1370.2231  0.8555 
   00488    0.4125   -1356.3921  0.8515 
   00489    0.4125   -1383.0921  0.8635 
   00490    0.4125   -1380.4505  0.8654 
   00491    0.3875   -1387.3270  0.8649 
   00492    0.4050   -1390.4950  0.8711 
   00493    0.4100   -1393.6526  0.8740 
   00494    0.4025   -1382.5661  0.8681 
   00495    0.4275   -1386.9816  0.8711 
   00496    0.4325   -1395.9628  0.8789 
   00497    0.3800   -1383.1248  0.8765 
   00498    0.4150   -1365.0148  0.8724 
   00499    0.3925   -1369.2884  0.8738 
   00500    0.3725   -1359.1426  0.8635 
   00501    0.4400   -1357.8159  0.8592 
   00502    0.4325   -1358.7186  0.8585 
   00503    0.4200   -1359.1449  0.8541 
   00504    0.4325   -1348.0986  0.8478 
   00505    0.4175   -1354.2419  0.8499 
   00506    0.4400   -1357.0643  0.8528 
   00507    0.4050   -1371.0897  0.8581 
   00508    0.4150   -1362.4478  0.8615 
   00509    0.4425   -1377.1488  0.8664 
   00510    0.3800   -1389.0136  0.8676 
   00511    0.4075   -1381.6938  0.8775 
   00512    0.4300   -1375.0715  0.8724 
   00513    0.4475   -1363.7680  0.8632 
   00514    0.4325   -1359.9335  0.8564 
   00515    0.4500   -1349.7110  0.8575 
   00516    0.3600   -1364.6684  0.8594 
   00517    0.3900   -1382.2498  0.8633 
   00518    0.3750   -1380.6961  0.8565 
   00519    0.3825   -1384.5116  0.8601 
   00520    0.4225   -1388.8911  0.8548 
   00521    0.4050   -1393.2394  0.8651 
   00522    0.4225   -1395.3700  0.8629 
   00523    0.3700   -1384.2913  0.8612 
   00524    0.4250   -1380.7087  0.8551 
   00525    0.3900   -1385.3545  0.8606 
   00526    0.3875   -1387.9542  0.8621 
   00527    0.3900   -1372.2760  0.8607 
   00528    0.4175   -1375.3165  0.8586 
   00529    0.4325   -1369.9340  0.8649 
   00530    0.3975   -1380.3526  0.8676 
   00531    0.4075   -1390.3018  0.8764 
   00532    0.4125   -1382.2791  0.8703 
   00533    0.4250   -1374.4180  0.8693 
   00534    0.4125   -1383.7762  0.8608 
   00535    0.3900   -1390.7086  0.8723 
   00536    0.4050   -1386.0458  0.8759 
   00537    0.3675   -1384.3133  0.8729 
   00538    0.4075   -1387.7593  0.8729 
   00539    0.4250   -1389.1347  0.8691 
   00540    0.4625   -1373.8017  0.8634 
   00541    0.4100   -1353.3489  0.8571 
   00542    0.4000   -1360.8789  0.8661 
   00543    0.3925   -1359.7719  0.8616 
   00544    0.3975   -1360.0291  0.8566 
   00545    0.4375   -1350.2632  0.8616 
   00546    0.4100   -1354.1235  0.8551 
   00547    0.4400   -1374.0380  0.8672 
   00548    0.4375   -1367.9263  0.8690 
   00549    0.4025   -1367.4830  0.8732 
   00550    0.3975   -1361.4841  0.8614 
   00551    0.3875   -1336.6052  0.8450 
   00552    0.4175   -1322.6177  0.8443 
   00553    0.4200   -1345.0627  0.8506 
   00554    0.4050   -1346.6615  0.8465 
   00555    0.4875   -1361.5092  0.8591 
   00556    0.4125   -1357.8854  0.8600 
   00557    0.3675   -1372.4634  0.8587 
   00558    0.4250   -1360.8922  0.8505 
   00559    0.4150   -1355.2751  0.8458 
   00560    0.4050   -1351.0973  0.8488 
   00561    0.4325   -1351.5349  0.8417 
   00562    0.4225   -1358.0697  0.8472 
   00563    0.4000   -1354.2747  0.8570 
   00564    0.3875   -1361.5704  0.8673 
   00565    0.4125   -1368.2822  0.8618 
   00566    0.3925   -1375.9502  0.8662 
   00567    0.4150   -1386.7905  0.8668 
   00568    0.3600   -1376.1372  0.8750 
   00569    0.4200   -1371.9708  0.8673 
   00570    0.4050   -1377.8269  0.8609 
   00571    0.4250   -1376.2077  0.8679 
   00572    0.3600   -1387.1793  0.8713 
   00573    0.4125   -1394.2671  0.8732 
   00574    0.4250   -1395.0206  0.8716 
   00575    0.4450   -1370.6724  0.8662 
   00576    0.3975   -1362.2782  0.8606 
   00577    0.3825   -1369.9756  0.8617 
   00578    0.3800   -1376.2501  0.8709 
   00579    0.4225   -1383.7216  0.8795 
   00580    0.3925   -1381.0655  0.8763 
   00581    0.4150   -1374.5540  0.8684 
   00582    0.4200   -1370.5797  0.8681 
   00583    0.3925   -1375.8390  0.8778 
   00584    0.4250   -1368.6513  0.8773 
   00585    0.4500   -1383.4564  0.8752 
   00586    0.4500   -1388.2715  0.8796 
   00587    0.3725   -1392.8504  0.8831 
   00588    0.3850   -1380.7980  0.8711 
   00589    0.4050   -1365.1005  0.8641 
   00590    0.3650   -1356.2120  0.8587 
   00591    0.4325   -1347.4149  0.8521 
   00592    0.4125   -1361.5512  0.8473 
   00593    0.4175   -1349.2355  0.8494 
   00594    0.4275   -1329.1171  0.8415 
   00595    0.4125   -1340.9352  0.8468 
   00596    0.4075   -1335.4807  0.8510 
   00597    0.4300   -1351.4864  0.8484 
   00598    0.3775   -1351.6622  0.8479 
   00599    0.4225   -1356.3505  0.8554 
   00600    0.4025   -1378.7076  0.8715 
   00601    0.4125   -1375.9840  0.8663 
   00602    0.3825   -1394.4260  0.8692 
   00603    0.3825   -1404.4431  0.8711 
   00604    0.3750   -1421.7019  0.8775 
   00605    0.3900   -1410.6779  0.8754 
   00606    0.3925   -1390.2532  0.8657 
   00607    0.4025   -1365.1973  0.8562 
   00608    0.4075   -1386.8282  0.8625 
   00609    0.3725   -1381.0242  0.8599 
   00610    0.4000   -1378.1738  0.8500 
   00611    0.3575   -1384.1556  0.8574 
   00612    0.4075   -1377.0918  0.8529 
   00613    0.3825   -1373.6208  0.8493 
   00614    0.3600   -1367.3979  0.8449 
   00615    0.4500   -1360.6555  0.8468 
   00616    0.4250   -1366.0837  0.8487 
   00617    0.4075   -1367.0720  0.8477 
   00618    0.4275   -1375.7076  0.8520 
   00619    0.4275   -1373.1470  0.8453 
   00620    0.4100   -1368.6783  0.8436 
   00621    0.3450   -1365.0955  0.8381 
   00622    0.4350   -1372.1153  0.8339 
   00623    0.4100   -1381.8901  0.8404 
   00624    0.3825   -1375.9509  0.8338 
   00625    0.3875   -1377.8940  0.8256 
   00626    0.4075   -1365.2351  0.8271 
   00627    0.4325   -1365.2396  0.8333 
   00628    0.4350   -1349.0200  0.8279 
   00629    0.4200   -1348.8739  0.8302 
   00630    0.4000   -1365.0880  0.8367 
   00631    0.4075   -1381.9694  0.8398 
   00632    0.4525   -1382.5604  0.8461 
   00633    0.4100   -1370.1269  0.8444 
   00634    0.4000   -1381.0344  0.8436 
   00635    0.3775   -1379.8651  0.8422 
   00636    0.3650   -1366.0145  0.8429 
   00637    0.4000   -1366.2123  0.8387 
   00638    0.3875   -1355.2648  0.8291 
   00639    0.3750   -1373.0021  0.8297 
   00640    0.4325   -1355.1261  0.8297 
   00641    0.4100   -1347.4917  0.8401 
   00642    0.4425   -1334.8103  0.8291 
   00643    0.4175   -1352.9600  0.8339 
   00644    0.3700   -1355.8394  0.8325 
   00645    0.4075   -1355.0461  0.8293 
   00646    0.4050   -1367.6805  0.8378 
   00647    0.3875   -1371.0450  0.8397 
   00648    0.3850   -1371.7613  0.8448 
   00649    0.3925   -1380.6241  0.8451 
   00650    0.3975   -1384.1462  0.8383 
   00651    0.4400   -1378.4724  0.8366 
   00652    0.3725   -1402.4001  0.8465 
   00653    0.4325   -1381.1065  0.8389 
   00654    0.3975   -1367.6632  0.8322 
   00655    0.4225   -1363.7575  0.8283 
   00656    0.4125   -1382.8187  0.8372 
   00657    0.4175   -1380.4175  0.8271 
   00658    0.3750   -1377.6158  0.8268 
   00659    0.3950   -1376.2894  0.8297 
   00660    0.4225   -1358.0568  0.8200 
   00661    0.4325   -1352.3403  0.8240 
   00662    0.4050   -1350.7520  0.8187 
   00663    0.4200   -1365.5522  0.8312 
   00664    0.4325   -1367.3401  0.8382 
   00665    0.4025   -1373.7046  0.8379 
   00666    0.4100   -1366.5823  0.8301 
   00667    0.4525   -1371.4649  0.8292 
   00668    0.4175   -1354.9156  0.8178 
   00669    0.4425   -1371.6223  0.8215 
   00670    0.3925   -1387.8954  0.8285 
   00671    0.3800   -1363.9382  0.8271 
   00672    0.4325   -1392.4445  0.8390 
   00673    0.4200   -1397.1352  0.8405 
   00674    0.4025   -1376.7324  0.8266 
   00675    0.4275   -1389.1975  0.8351 
   00676    0.4300   -1380.8356  0.8344 
   00677    0.4550   -1387.0670  0.8398 
   00678    0.4450   -1382.4785  0.8412 
   00679    0.3825   -1397.3411  0.8399 
   00680    0.4325   -1388.7617  0.8486 
   00681    0.3775   -1393.0655  0.8580 
   00682    0.3925   -1394.6707  0.8546 
   00683    0.3975   -1397.0269  0.8623 
   00684    0.3950   -1387.6165  0.8547 
   00685    0.3950   -1389.9668  0.8603 
   00686    0.4100   -1386.3487  0.8544 
   00687    0.4150   -1388.2717  0.8525 
   00688    0.4075   -1390.0913  0.8477 
   00689    0.3700   -1383.9246  0.8556 
   00690    0.4075   -1390.3731  0.8590 
   00691    0.4275   -1379.1566  0.8556 
   00692    0.4450   -1378.0897  0.8572 
   00693    0.3575   -1377.5903  0.8639 
   00694    0.4450   -1383.2869  0.8675 
   00695    0.3900   -1377.5704  0.8695 
   00696    0.3700   -1368.7321  0.8666 
   00697    0.3900   -1358.6748  0.8597 
   00698    0.4275   -1353.6078  0.8618 
   00699    0.4500   -1372.2467  0.8690 
   00700    0.3925   -1372.3435  0.8667 
   00701    0.4075   -1375.7678  0.8716 
   00702    0.4200   -1373.9047  0.8649 
   00703    0.4350   -1373.3148  0.8632 
   00704    0.4350   -1370.3392  0.8558 
   00705    0.4075   -1379.5390  0.8650 
   00706    0.4050   -1392.1441  0.8667 
   00707    0.4200   -1400.1438  0.8629 
   00708    0.3950   -1390.5049  0.8602 
   00709    0.4875   -1385.9790  0.8557 
   00710    0.3575   -1390.8241  0.8561 
   00711    0.4125   -1390.9038  0.8546 
   00712    0.3875   -1376.0177  0.8474 
   00713    0.4025   -1365.7632  0.8414 
   00714    0.3975   -1381.6716  0.8523 
   00715    0.3350   -1384.4099  0.8534 
   00716    0.4075   -1379.0186  0.8565 
   00717    0.4175   -1361.5387  0.8529 
   00718    0.4075   -1356.7160  0.8480 
   00719    0.4150   -1350.5195  0.8464 
   00720    0.3675   -1358.0730  0.8516 
   00721    0.4000   -1371.7459  0.8549 
   00722    0.4000   -1363.9660  0.8554 
   00723    0.4225   -1366.0060  0.8551 
   00724    0.3825   -1370.5790  0.8493 
   00725    0.4000   -1373.2182  0.8446 
   00726    0.4350   -1392.3280  0.8450 
   00727    0.3875   -1406.5029  0.8534 
   00728    0.4325   -1395.0850  0.8514 
   00729    0.3875   -1400.5293  0.8519 
   00730    0.3900   -1392.2243  0.8478 
   00731    0.4125   -1388.7881  0.8470 
   00732    0.4350   -1385.6953  0.8452 
   00733    0.4250   -1382.5935  0.8463 
   00734    0.4100   -1374.6477  0.8457 
   00735    0.4675   -1354.6869  0.8330 
   00736    0.4025   -1367.0553  0.8446 
   00737    0.3775   -1379.2463  0.8469 
   00738    0.4150   -1383.0657  0.8518 
   00739    0.4600   -1363.8503  0.8476 
   00740    0.4025   -1375.4606  0.8483 
   00741    0.4250   -1378.9104  0.8515 
   00742    0.3775   -1384.2388  0.8601 
   00743    0.4025   -1399.6309  0.8710 
   00744    0.3825   -1410.3248  0.8784 
   00745    0.4225   -1404.1405  0.8757 
   00746    0.3775   -1401.1158  0.8707 
   00747    0.3625   -1387.5130  0.8667 
   00748    0.3925   -1395.6768  0.8683 
   00749    0.4525   -1383.8998  0.8688 
   00750    0.4475   -1385.0875  0.8736 
   00751    0.3750   -1384.0212  0.8724 
   00752    0.4100   -1379.0236  0.8669 
   00753    0.4125   -1384.1911  0.8655 
   00754    0.3900   -1371.7498  0.8673 
   00755    0.4375   -1363.7701  0.8682 
   00756    0.3625   -1353.2911  0.8657 
   00757    0.4200   -1365.8435  0.8677 
   00758    0.4600   -1354.9232  0.8646 
   00759    0.4450   -1362.9059  0.8682 
   00760    0.4225   -1372.4837  0.8746 
   00761    0.4225   -1370.3911  0.8749 
   00762    0.3550   -1383.3229  0.8823 
   00763    0.4050   -1388.3589  0.8841 
   00764    0.4000   -1382.0956  0.8836 
   00765    0.3775   -1390.6654  0.8863 
   00766    0.4050   -1375.8488  0.8788 
   00767    0.4325   -1374.6469  0.8822 
   00768    0.4100   -1382.0184  0.8828 
   00769    0.4300   -1379.9257  0.8777 
   00770    0.3850   -1381.1994  0.8806 
   00771    0.3750   -1377.1439  0.8757 
   00772    0.4350   -1375.1625  0.8709 
   00773    0.4125   -1382.3827  0.8698 
   00774    0.4450   -1381.8497  0.8636 
   00775    0.4225   -1373.8488  0.8576 
   00776    0.4075   -1353.0600  0.8529 
   00777    0.3900   -1374.0113  0.8544 
   00778    0.4250   -1360.7062  0.8416 
   00779    0.4700   -1379.2850  0.8453 
   00780    0.4175   -1388.7063  0.8557 
   00781    0.4300   -1396.2262  0.8548 
   00782    0.3900   -1374.1846  0.8515 
   00783    0.4175   -1368.9280  0.8515 
   00784    0.4475   -1372.8116  0.8498 
   00785    0.4175   -1370.4471  0.8485 
   00786    0.3900   -1358.6866  0.8454 
   00787    0.4000   -1344.7833  0.8443 
   00788    0.4050   -1359.7563  0.8482 
   00789    0.4100   -1365.2302  0.8579 
   00790    0.3700   -1375.3882  0.8622 
   00791    0.3775   -1364.6729  0.8543 
   00792    0.4425   -1366.6814  0.8465 
   00793    0.4275   -1363.6352  0.8594 
   00794    0.4225   -1363.6464  0.8659 
   00795    0.4275   -1364.0427  0.8669 
   00796    0.3925   -1347.4199  0.8508 
   00797    0.4525   -1326.6138  0.8517 
   00798    0.3725   -1319.9657  0.8549 
   00799    0.4425   -1350.5649  0.8629 
   00800    0.4125   -1363.3656  0.8650 
   00801    0.4100   -1373.8019  0.8556 
   00802    0.3800   -1367.2126  0.8535 
   00803    0.4175   -1367.7749  0.8562 
   00804    0.4150   -1365.3589  0.8525 
   00805    0.3550   -1385.4702  0.8606 
   00806    0.4000   -1381.0007  0.8543 
   00807    0.3525   -1367.7488  0.8501 
   00808    0.3975   -1372.9891  0.8517 
   00809    0.4025   -1359.9115  0.8479 
   00810    0.4250   -1371.7880  0.8525 
   00811    0.4175   -1379.7295  0.8593 
   00812    0.3625   -1395.3376  0.8671 
   00813    0.3975   -1400.3215  0.8665 
   00814    0.4025   -1385.9329  0.8581 
   00815    0.3950   -1370.4233  0.8506 
   00816    0.4250   -1374.9687  0.8536 
   00817    0.3875   -1354.0223  0.8477 
   00818    0.4175   -1359.0555  0.8385 
   00819    0.3925   -1363.9716  0.8505 
   00820    0.4150   -1364.3205  0.8545 
   00821    0.4200   -1381.6271  0.8687 
   00822    0.4200   -1366.0125  0.8706 
   00823    0.4400   -1378.2959  0.8737 
   00824    0.4200   -1373.2933  0.8677 
   00825    0.4325   -1377.8832  0.8687 
   00826    0.4300   -1384.0040  0.8679 
   00827    0.3825   -1383.0724  0.8662 
   00828    0.3650   -1378.8003  0.8609 
   00829    0.4350   -1378.9723  0.8592 
   00830    0.3825   -1379.2168  0.8629 
   00831    0.4325   -1391.0405  0.8645 
   00832    0.4025   -1398.3853  0.8634 
   00833    0.4400   -1377.6091  0.8563 
   00834    0.4050   -1380.9607  0.8553 
   00835    0.3875   -1380.4020  0.8611 
   00836    0.3950   -1407.3674  0.8764 
   00837    0.3675   -1393.1227  0.8679 
   00838    0.4150   -1396.3640  0.8725 
   00839    0.4350   -1373.6332  0.8653 
   00840    0.4325   -1364.8031  0.8682 
   00841    0.4000   -1371.2977  0.8738 
   00842    0.4325   -1383.2174  0.8704 
   00843    0.3900   -1372.7219  0.8682 
   00844    0.4325   -1376.1025  0.8674 
   00845    0.4150   -1375.1125  0.8670 
   00846    0.4075   -1393.2641  0.8713 
   00847    0.3925   -1391.4564  0.8608 
   00848    0.3825   -1391.5841  0.8591 
   00849    0.3675   -1389.5377  0.8565 
   00850    0.4225   -1385.0863  0.8562 
   00851    0.4325   -1365.8314  0.8504 
   00852    0.3900   -1356.2127  0.8471 
   00853    0.4125   -1374.7662  0.8509 
   00854    0.4000   -1360.7753  0.8442 
   00855    0.3875   -1349.7471  0.8366 
   00856    0.3875   -1350.5998  0.8306 
   00857    0.3950   -1352.8716  0.8285 
   00858    0.3725   -1366.0644  0.8348 
   00859    0.4125   -1370.9873  0.8471 
   00860    0.4050   -1381.8025  0.8475 
   00861    0.4225   -1382.0283  0.8464 
   00862    0.3950   -1397.6610  0.8583 
   00863    0.3975   -1393.0540  0.8616 
   00864    0.3800   -1394.0915  0.8509 
   00865    0.3800   -1387.8506  0.8419 
   00866    0.4000   -1390.5625  0.8393 
   00867    0.3775   -1362.2924  0.8196 
   00868    0.4150   -1380.4332  0.8177 
   00869    0.4275   -1391.3752  0.8290 
   00870    0.4025   -1377.1840  0.8238 
   00871    0.3725   -1374.4384  0.8152 
   00872    0.4475   -1387.2198  0.8146 
   00873    0.3850   -1381.4324  0.8205 
   00874    0.4175   -1370.4752  0.8268 
   00875    0.4125   -1348.5742  0.8162 
   00876    0.4250   -1361.2728  0.8203 
   00877    0.3950   -1362.9997  0.8311 
   00878    0.4175   -1339.9840  0.8216 
   00879    0.3875   -1355.9213  0.8209 
   00880    0.4100   -1343.5544  0.8169 
   00881    0.3800   -1347.1363  0.8165 
   00882    0.4300   -1355.6726  0.8205 
   00883    0.3900   -1353.5823  0.8359 
   00884    0.3650   -1361.7393  0.8358 
   00885    0.4325   -1362.5696  0.8362 
   00886    0.3875   -1361.8952  0.8193 
   00887    0.4425   -1378.2036  0.8176 
   00888    0.4225   -1386.2097  0.8217 
   00889    0.3750   -1375.8080  0.8199 
   00890    0.4325   -1375.0675  0.8238 
   00891    0.4225   -1368.8246  0.8158 
   00892    0.4650   -1352.8405  0.8062 
   00893    0.3700   -1355.0134  0.7972 
   00894    0.3700   -1366.2888  0.8008 
   00895    0.4100   -1360.1385  0.7818 
   00896    0.3750   -1358.2752  0.7784 
   00897    0.4600   -1366.0411  0.7695 
   00898    0.4350   -1359.7453  0.7769 
   00899    0.4925   -1319.7557  0.7731 
   00900    0.4400   -1314.3347  0.7655 
   00901    0.4500   -1332.6879  0.7805 
   00902    0.4075   -1352.9609  0.7924 
   00903    0.4200   -1371.0614  0.7989 
   00904    0.3900   -1375.8650  0.7992 
   00905    0.4075   -1393.9187  0.8081 
   00906    0.4100   -1382.7818  0.8093 
   00907    0.3975   -1379.8399  0.8212 
   00908    0.4200   -1368.9029  0.8172 
   00909    0.4025   -1369.6585  0.8143 
   00910    0.4375   -1363.0226  0.8141 
   00911    0.4275   -1375.9337  0.8266 
   00912    0.3875   -1368.1508  0.8196 
   00913    0.4025   -1339.9720  0.8103 
   00914    0.4075   -1362.7207  0.8141 
   00915    0.4500   -1367.9122  0.8239 
   00916    0.4125   -1382.0847  0.8387 
   00917    0.4150   -1388.5938  0.8430 
   00918    0.4000   -1387.7827  0.8360 
   00919    0.3800   -1397.0658  0.8411 
   00920    0.4275   -1393.5114  0.8429 
   00921    0.3750   -1379.1912  0.8394 
   00922    0.4100   -1387.6427  0.8467 
   00923    0.4275   -1381.8596  0.8501 
   00924    0.3875   -1372.8538  0.8455 
   00925    0.4325   -1371.7691  0.8425 
   00926    0.4150   -1373.1059  0.8436 
   00927    0.4275   -1378.3621  0.8459 
   00928    0.3850   -1383.1228  0.8438 
   00929    0.3850   -1372.2702  0.8369 
   00930    0.4050   -1388.6959  0.8451 
   00931    0.4075   -1405.3760  0.8550 
   00932    0.3950   -1382.4178  0.8552 
   00933    0.4075   -1374.9870  0.8578 
   00934    0.4225   -1392.4535  0.8666 
   00935    0.3850   -1403.6667  0.8755 
   00936    0.4275   -1384.5365  0.8708 
   00937    0.3825   -1371.2437  0.8686 
   00938    0.4325   -1368.0946  0.8687 
   00939    0.4075   -1360.9134  0.8757 
   00940    0.3875   -1368.9192  0.8799 
   00941    0.4125   -1381.8522  0.8709 
   00942    0.4575   -1393.4949  0.8696 
   00943    0.4175   -1371.3284  0.8642 
   00944    0.4225   -1382.9712  0.8752 
   00945    0.4150   -1396.9475  0.8680 
   00946    0.4050   -1386.2119  0.8635 
   00947    0.4150   -1394.0249  0.8733 
   00948    0.4150   -1370.2587  0.8635 
   00949    0.3975   -1388.5162  0.8663 
   00950    0.3975   -1372.5882  0.8620 
   00951    0.4300   -1383.4543  0.8702 
   00952    0.3500   -1390.9956  0.8729 
   00953    0.4150   -1377.4182  0.8657 
   00954    0.3875   -1381.9788  0.8653 
   00955    0.4250   -1382.3285  0.8674 
   00956    0.4450   -1372.1802  0.8707 
   00957    0.4750   -1368.2590  0.8721 
   00958    0.3875   -1386.9113  0.8743 
   00959    0.4200   -1402.0180  0.8859 
   00960    0.4275   -1411.1958  0.8855 
   00961    0.4225   -1394.5450  0.8824 
   00962    0.4150   -1411.0894  0.8914 
   00963    0.4125   -1427.8404  0.9001 
   00964    0.3900   -1395.9945  0.8866 
   00965    0.4350   -1369.4299  0.8816 
   00966    0.4100   -1360.1570  0.8706 
   00967    0.4050   -1367.2707  0.8686 
   00968    0.4100   -1368.2833  0.8678 
   00969    0.3675   -1364.6930  0.8663 
   00970    0.4500   -1365.7030  0.8711 
   00971    0.4125   -1357.1162  0.8716 
   00972    0.3950   -1355.3481  0.8731 
   00973    0.4100   -1372.1349  0.8791 
   00974    0.3625   -1382.4649  0.8853 
   00975    0.4375   -1401.0407  0.8930 
   00976    0.4450   -1388.8898  0.8934 
   00977    0.3925   -1402.5273  0.8862 
   00978    0.4075   -1391.7207  0.8686 
   00979    0.3825   -1379.6098  0.8618 
   00980    0.4375   -1395.2877  0.8646 
   00981    0.3650   -1394.1467  0.8587 
   00982    0.4125   -1375.0452  0.8552 
   00983    0.4575   -1387.9735  0.8546 
   00984    0.3750   -1385.8732  0.8524 
   00985    0.4300   -1393.2050  0.8514 
   00986    0.3900   -1372.9086  0.8385 
   00987    0.4000   -1362.1820  0.8253 
   00988    0.4650   -1362.3362  0.8325 
   00989    0.4175   -1359.2234  0.8323 
   00990    0.3900   -1378.5169  0.8444 
   00991    0.4275   -1383.8424  0.8336 
   00992    0.4150   -1368.7002  0.8398 
   00993    0.3850   -1370.7170  0.8358 
   00994    0.4050   -1385.0279  0.8376 
   00995    0.4175   -1384.6944  0.8237 
   00996    0.4450   -1375.7136  0.8406 
   00997    0.4225   -1363.0513  0.8309 
   00998    0.4475   -1367.9852  0.8344 
   00999    0.3950   -1374.3271  0.8434 
   01000    0.4100   -1384.5935  0.8499 
