#=====================================================
# File created:        Sat-09-Mar-2024-at-11-47-04PM
# Size of lattice:     20x20
# Number of MC steps:  1000
# Reduced temperature: 1.050
# Run time (s):        9.711982
#=====================================================
# MC step:  Ratio:     Energy:   Order:
#=====================================================
   00000    0.5000    -374.3725  0.2815 
   00001    0.6675    -608.7454  0.2588 
   00002    0.6475    -684.3426  0.3159 
   00003    0.5825    -750.3639  0.3031 
   00004    0.5650    -748.7722  0.3188 
   00005    0.5725    -770.9391  0.3499 
   00006    0.5750    -848.9133  0.3205 
   00007    0.5225    -833.8121  0.3503 
   00008    0.5325    -888.5066  0.3117 
   00009    0.5625    -873.2696  0.2983 
   00010    0.5475    -861.5013  0.3555 
   00011    0.5050    -836.9399  0.3642 
   00012    0.5725    -873.8553  0.3542 
   00013    0.5900    -863.6453  0.3600 
   00014    0.5000    -853.3497  0.3273 
   00015    0.4925    -870.2366  0.3307 
   00016    0.4800    -892.9736  0.3163 
   00017    0.5350    -884.9162  0.3448 
   00018    0.4575    -900.6943  0.3482 
   00019    0.5050    -904.4893  0.3763 
   00020    0.5650    -893.0678  0.3603 
   00021    0.4650    -904.0080  0.3399 
   00022    0.5375    -874.0906  0.3376 
   00023    0.5375    -882.2043  0.3009 
   00024    0.5600    -899.1130  0.2677 
   00025    0.5125    -943.5173  0.2733 
   00026    0.5225    -910.5046  0.2808 
   00027    0.4925    -934.1364  0.2765 
   00028    0.4875    -919.5398  0.2584 
   00029    0.5000    -897.5364  0.2956 
   00030    0.5000    -879.0235  0.3157 
   00031    0.5025    -889.0144  0.3273 
   00032    0.5150    -910.3586  0.3502 
   00033    0.5700    -858.6209  0.3762 
   00034    0.5400    -876.3260  0.3610 
   00035    0.5700    -870.6022  0.3678 
   00036    0.5350    -893.3399  0.3994 
   00037    0.5350    -889.4727  0.3909 
   00038    0.5250    -885.3400  0.3498 
   00039    0.4900    -911.6803  0.3850 
   00040    0.5075    -941.7445  0.4021 
   00041    0.4825    -940.9378  0.4429 
   00042    0.5125    -957.8861  0.4487 
   00043    0.5425    -942.3723  0.4133 
   00044    0.5350    -899.9752  0.4188 
   00045    0.5150    -904.9001  0.4312 
   00046    0.4625    -932.1972  0.4287 
   00047    0.4900    -931.6350  0.4385 
   00048    0.5125    -935.4278  0.4242 
   00049    0.4775    -948.0594  0.4576 
   00050    0.4775    -925.7816  0.4333 
   00051    0.5225    -895.0543  0.4503 
   00052    0.5050    -924.8559  0.4450 
   00053    0.5175    -919.3756  0.4351 
   00054    0.4800    -954.4421  0.4479 
   00055    0.5450    -900.5853  0.4372 
   00056    0.5100    -899.8522  0.4247 
   00057    0.5575    -879.7555  0.4045 
   00058    0.5300    -901.5787  0.4068 
   00059    0.5275    -888.9259  0.3759 
   00060    0.4625    -952.8881  0.3732 
   00061    0.4825    -927.0408  0.3688 
   00062    0.4925    -918.6994  0.3556 
   00063    0.5225    -908.5282  0.3780 
   00064    0.4825    -902.2691  0.3642 
   00065    0.4925    -872.8741  0.3632 
   00066    0.5600    -904.2511  0.3715 
   00067    0.4625    -953.6474  0.3712 
   00068    0.5050    -932.1602  0.3691 
   00069    0.5075    -906.1436  0.3780 
   00070    0.4950    -882.0292  0.3523 
   00071    0.5700    -901.3994  0.3296 
   00072    0.4925    -917.7796  0.3337 
   00073    0.5225    -952.9200  0.3621 
   00074    0.4875    -956.5249  0.4031 
   00075    0.5125    -944.8361  0.3847 
   00076    0.5025    -912.9731  0.3456 
   00077    0.4975    -901.1799  0.3691 
   00078    0.4700    -903.7269  0.3509 
   00079    0.4725    -904.2887  0.3620 
   00080    0.4750    -941.7980  0.3514 
   00081    0.5075    -940.3677  0.3577 
   00082    0.5200    -944.3017  0.4098 
   00083    0.5075    -911.1201  0.3950 
   00084    0.5225    -898.2621  0.4019 
   00085    0.5550    -921.9800  0.4359 
   00086    0.4675    -924.5500  0.4316 
   00087    0.4825    -913.7722  0.4359 
   00088    0.4975    -852.6415  0.4228 
   00089    0.5375    -913.0751  0.4293 
   00090    0.5300    -921.4559  0.4051 
   00091    0.4950    -916.0443  0.3972 
   00092    0.4800    -934.9972  0.3891 
   00093    0.4825    -945.3961  0.4160 
   00094    0.4675    -947.3553  0.4185 
   00095    0.5050    -961.9998  0.4031 
   00096    0.5575    -922.4834  0.4222 
   00097    0.4750    -938.6753  0.4275 
   00098    0.4975    -957.5511  0.4276 
   00099    0.4975    -963.1279  0.4172 
   00100    0.4925    -981.2565  0.4187 
   00101    0.4825    -981.9811  0.4245 
   00102    0.4800    -982.9258  0.4203 
   00103    0.4525    -976.8322  0.4351 
   00104    0.4975    -948.8710  0.4331 
   00105    0.4800    -938.6954  0.4478 
   00106    0.5200    -882.7587  0.4060 
   00107    0.5600    -900.9549  0.4322 
   00108    0.4900    -913.2630  0.4010 
   00109    0.5300    -895.0047  0.3798 
   00110    0.5325    -886.5836  0.3766 
   00111    0.5000    -894.6058  0.3837 
   00112    0.5200    -911.3581  0.3786 
   00113    0.5650    -881.0354  0.3763 
   00114    0.4950    -912.2815  0.3874 
   00115    0.5325    -882.1413  0.3832 
   00116    0.5525    -916.2759  0.3654 
   00117    0.4650    -938.6554  0.3635 
   00118    0.4750    -924.1132  0.3669 
   00119    0.5375    -942.6261  0.3816 
   00120    0.4625    -942.3689  0.3995 
   00121    0.4550    -959.0883  0.3906 
   00122    0.5375    -972.2020  0.4108 
   00123    0.5125    -995.5537  0.4121 
   00124    0.4500   -1001.1072  0.4077 
   00125    0.4975   -1002.0609  0.4434 
   00126    0.5025    -954.7090  0.4054 
   00127    0.4400    -946.2861  0.4302 
   00128    0.4400    -962.7919  0.4274 
   00129    0.5075    -910.2374  0.4205 
   00130    0.5250    -914.5058  0.4252 
   00131    0.5475    -918.5177  0.4118 
   00132    0.5200    -939.2857  0.4082 
   00133    0.5050    -949.5741  0.4225 
   00134    0.4900    -961.1490  0.4196 
   00135    0.4825    -952.1998  0.4372 
   00136    0.4650    -966.5676  0.4220 
   00137    0.4975    -952.0387  0.4146 
   00138    0.5325    -944.5183  0.3966 
   00139    0.4950    -929.2059  0.4091 
   00140    0.5125    -902.2284  0.3831 
   00141    0.5250    -891.4309  0.3490 
   00142    0.5225    -890.7655  0.3871 
   00143    0.5175    -922.1596  0.4005 
   00144    0.5250    -934.4217  0.3993 
   00145    0.4450    -912.5670  0.3725 
   00146    0.4800    -934.4247  0.3803 
   00147    0.4975    -906.9133  0.4180 
   00148    0.5725    -881.4258  0.4226 
   00149    0.4975    -920.6604  0.4042 
   00150    0.5600    -835.3731  0.3957 
   00151    0.5875    -825.5158  0.4222 
   00152    0.5550    -846.8873  0.4383 
   00153    0.5400    -853.6855  0.4351 
   00154    0.5425    -873.1295  0.4247 
   00155    0.4750    -890.4678  0.3889 
   00156    0.5300    -849.1399  0.4009 
   00157    0.5675    -875.2689  0.3796 
   00158    0.5175    -873.0828  0.4030 
   00159    0.5725    -830.2896  0.4449 
   00160    0.5100    -876.2580  0.4623 
   00161    0.5250    -924.2980  0.4805 
   00162    0.4700    -890.2625  0.4607 
   00163    0.5450    -875.8327  0.4600 
   00164    0.5675    -830.1280  0.4179 
   00165    0.5100    -870.7839  0.4134 
   00166    0.5050    -884.4293  0.3978 
   00167    0.5500    -900.9665  0.3780 
   00168    0.5325    -864.6288  0.3629 
   00169    0.5350    -879.5609  0.3838 
   00170    0.5200    -875.7546  0.3809 
   00171    0.5625    -858.9747  0.3855 
   00172    0.5500    -892.9897  0.4090 
   00173    0.5650    -834.5648  0.3787 
   00174    0.5725    -827.3863  0.3654 
   00175    0.5575    -805.3479  0.3488 
   00176    0.5300    -870.0497  0.3916 
   00177    0.5050    -906.0994  0.4005 
   00178    0.5050    -907.4597  0.4016 
   00179    0.5175    -903.5626  0.3910 
   00180    0.4875    -920.5970  0.3945 
   00181    0.5125    -909.8344  0.3804 
   00182    0.5275    -909.3309  0.3824 
   00183    0.5075    -889.4333  0.3883 
   00184    0.5300    -910.1642  0.3550 
   00185    0.5450    -883.7850  0.3749 
   00186    0.4975    -883.9325  0.3521 
   00187    0.4700    -911.9116  0.3786 
   00188    0.5575    -890.1193  0.4130 
   00189    0.5250    -910.5664  0.3723 
   00190    0.5375    -894.4947  0.4015 
   00191    0.5425    -908.6820  0.4146 
   00192    0.4775    -896.7910  0.4023 
   00193    0.5475    -881.0213  0.4148 
   00194    0.5000    -916.8171  0.4607 
   00195    0.4975    -899.8179  0.4446 
   00196    0.5225    -957.2944  0.4387 
   00197    0.5100    -984.0261  0.4060 
   00198    0.5225    -941.9766  0.3773 
   00199    0.4425    -955.3864  0.3988 
   00200    0.4500    -969.9518  0.3998 
   00201    0.5150    -972.4297  0.3693 
   00202    0.5425    -965.1974  0.3844 
   00203    0.4775    -967.2828  0.3722 
   00204    0.4500    -938.5079  0.4026 
   00205    0.5150    -898.7884  0.3773 
   00206    0.5225    -914.9673  0.3769 
   00207    0.5275    -923.1239  0.3713 
   00208    0.5200    -921.0922  0.3622 
   00209    0.5075    -866.5806  0.3201 
   00210    0.5100    -911.3975  0.2858 
   00211    0.4775    -905.4411  0.3055 
   00212    0.5400    -912.6953  0.3157 
   00213    0.4950    -927.3003  0.3426 
   00214    0.5575    -930.9275  0.3565 
   00215    0.5275    -838.8180  0.3457 
   00216    0.5225    -832.5992  0.4018 
   00217    0.5200    -904.0177  0.4167 
   00218    0.4900    -940.9237  0.4289 
   00219    0.4675    -931.5908  0.4563 
   00220    0.4850    -917.0209  0.4302 
   00221    0.5350    -928.2772  0.4553 
   00222    0.4850    -925.2355  0.4678 
   00223    0.5300    -950.2879  0.4760 
   00224    0.5250    -990.2157  0.4761 
   00225    0.4750    -976.5674  0.4832 
   00226    0.4750    -945.1537  0.4950 
   00227    0.5200    -889.8960  0.4689 
   00228    0.4875    -866.7866  0.4204 
   00229    0.5100    -889.4161  0.4253 
   00230    0.5750    -872.3038  0.4220 
   00231    0.5475    -862.7909  0.4056 
   00232    0.5000    -890.8118  0.4193 
   00233    0.4850    -887.8455  0.4261 
   00234    0.5350    -886.7860  0.4338 
   00235    0.5350    -927.7499  0.4456 
   00236    0.4950    -955.0830  0.4212 
   00237    0.5300    -941.0846  0.4397 
   00238    0.5250    -928.4351  0.4420 
   00239    0.4925    -928.6511  0.4402 
   00240    0.4975    -937.1846  0.4483 
   00241    0.5225    -989.9864  0.4364 
   00242    0.4800    -950.4582  0.4126 
   00243    0.5050    -946.0771  0.4447 
   00244    0.4950    -945.8777  0.4143 
   00245    0.5350    -913.4268  0.4109 
   00246    0.5025    -917.3382  0.4411 
   00247    0.4875    -929.3523  0.4678 
   00248    0.4575    -948.1201  0.4863 
   00249    0.4725    -916.6077  0.4552 
   00250    0.4650    -936.7367  0.4706 
   00251    0.5100    -941.9691  0.4831 
   00252    0.4500    -951.0669  0.4706 
   00253    0.5225    -928.6314  0.4302 
   00254    0.4950    -931.0009  0.4443 
   00255    0.4775    -943.8240  0.4186 
   00256    0.4975    -957.7015  0.4584 
   00257    0.5225    -944.6331  0.4474 
   00258    0.4650   -1017.8902  0.4595 
   00259    0.4575   -1027.2379  0.4441 
   00260    0.4725   -1006.5254  0.4373 
   00261    0.4900    -965.0547  0.4216 
   00262    0.4850    -933.1116  0.4090 
   00263    0.5050    -889.3698  0.3953 
   00264    0.5200    -866.4219  0.3976 
   00265    0.5375    -920.7409  0.4330 
   00266    0.5350    -890.9897  0.4066 
   00267    0.5375    -854.7667  0.3626 
   00268    0.5175    -919.0423  0.3738 
   00269    0.5025    -908.4297  0.3604 
   00270    0.4800    -925.9919  0.3710 
   00271    0.4600    -950.9959  0.3757 
   00272    0.5050    -913.1285  0.3594 
   00273    0.5125    -904.0127  0.3506 
   00274    0.4650    -908.7940  0.3421 
   00275    0.5175    -922.1204  0.2988 
   00276    0.5275    -913.2849  0.3260 
   00277    0.4525    -869.7667  0.3377 
   00278    0.5525    -868.3091  0.3441 
   00279    0.4925    -901.3248  0.3461 
   00280    0.4800    -941.6097  0.3723 
   00281    0.4775    -941.4074  0.3493 
   00282    0.5075    -967.4002  0.3259 
   00283    0.4750    -918.6928  0.3609 
   00284    0.5350    -916.5373  0.3712 
   00285    0.5425    -876.0215  0.3536 
   00286    0.4950    -894.3765  0.3766 
   00287    0.5250    -868.1620  0.3711 
   00288    0.5525    -915.4047  0.3822 
   00289    0.5350    -899.3844  0.3780 
   00290    0.5125    -911.4848  0.3727 
   00291    0.5025    -969.4561  0.3580 
   00292    0.4900    -967.6823  0.4034 
   00293    0.4775    -950.6400  0.3917 
   00294    0.4550    -985.4065  0.3867 
   00295    0.4475    -977.1381  0.4136 
   00296    0.5050    -937.4871  0.4052 
   00297    0.4975    -950.5183  0.4049 
   00298    0.4575    -922.7983  0.3853 
   00299    0.4775    -846.6481  0.3459 
   00300    0.4925    -844.9669  0.3802 
   00301    0.5600    -825.4036  0.3552 
   00302    0.4875    -838.6923  0.3420 
   00303    0.5125    -836.8968  0.3372 
   00304    0.5625    -877.0693  0.3163 
   00305    0.5500    -873.0619  0.2960 
   00306    0.5300    -880.2516  0.3066 
   00307    0.5050    -918.0740  0.3249 
   00308    0.4750    -915.1433  0.3020 
   00309    0.5325    -945.7449  0.3005 
   00310    0.4550    -912.2960  0.2935 
   00311    0.4875    -912.1011  0.3130 
   00312    0.5200    -948.5997  0.3089 
   00313    0.5000    -939.0342  0.3182 
   00314    0.5200    -926.0052  0.3013 
   00315    0.5725    -922.6042  0.3154 
   00316    0.5550    -867.8050  0.2982 
   00317    0.5350    -835.6108  0.3431 
   00318    0.5200    -872.4680  0.3307 
   00319    0.5425    -860.4134  0.3148 
   00320    0.5475    -860.9758  0.3212 
   00321    0.5425    -836.3191  0.3291 
   00322    0.5650    -830.8202  0.2977 
   00323    0.5350    -832.1594  0.3258 
   00324    0.5175    -836.1635  0.3947 
   00325    0.5450    -845.4624  0.3854 
   00326    0.5925    -881.7263  0.4001 
   00327    0.5350    -874.0449  0.3781 
   00328    0.5475    -880.6715  0.3532 
   00329    0.5450    -864.0864  0.3390 
   00330    0.5625    -898.2832  0.3860 
   00331    0.5175    -890.0548  0.3811 
   00332    0.5350    -947.6597  0.3920 
   00333    0.5075    -936.9938  0.4192 
   00334    0.4950    -893.2041  0.4305 
   00335    0.4875    -906.2987  0.4263 
   00336    0.4950    -965.1524  0.4392 
   00337    0.4725    -991.8985  0.4731 
   00338    0.4800    -977.3490  0.4865 
   00339    0.4625    -967.3313  0.4583 
   00340    0.4675    -949.7542  0.4562 
   00341    0.4675    -937.4560  0.4567 
   00342    0.4750    -948.9595  0.4067 
   00343    0.4925    -961.7149  0.4024 
   00344    0.5625    -954.8874  0.3823 
   00345    0.4900    -945.6582  0.3829 
   00346    0.5025    -965.3461  0.3877 
   00347    0.4250    -978.8206  0.4126 
   00348    0.4775    -994.8852  0.4003 
   00349    0.4575   -1006.9181  0.4003 
   00350    0.4500   -1027.8495  0.4093 
   00351    0.4825   -1003.4323  0.4057 
   00352    0.4850   -1015.6876  0.3940 
   00353    0.4775   -1009.9128  0.4008 
   00354    0.5125    -971.0913  0.4200 
   00355    0.4575    -988.5937  0.4361 
   00356    0.4225    -969.0462  0.4220 
   00357    0.4450    -944.2307  0.3943 
   00358    0.4950    -934.3481  0.3850 
   00359    0.5300    -963.9064  0.3726 
   00360    0.5300    -942.1837  0.3697 
   00361    0.4975    -928.1081  0.3746 
   00362    0.4975    -882.2668  0.3600 
   00363    0.5550    -890.7450  0.3217 
   00364    0.5075    -899.5139  0.3537 
   00365    0.5525    -865.7451  0.3592 
   00366    0.5000    -874.1563  0.3605 
   00367    0.4600    -910.8734  0.3570 
   00368    0.4750    -916.6231  0.3586 
   00369    0.5200    -885.2152  0.3184 
   00370    0.4825    -942.5816  0.3249 
   00371    0.5375    -896.3659  0.3511 
   00372    0.4650    -922.9770  0.3238 
   00373    0.5150    -932.1026  0.3248 
   00374    0.5450    -914.8497  0.2958 
   00375    0.4700    -900.6356  0.2983 
   00376    0.5050    -922.2508  0.2899 
   00377    0.4975    -942.5104  0.2647 
   00378    0.4775    -952.4682  0.2810 
   00379    0.5075    -966.6617  0.2635 
   00380    0.5100    -946.8006  0.2625 
   00381    0.5000    -919.8081  0.2924 
   00382    0.5425    -943.9024  0.3089 
   00383    0.5275    -928.4578  0.3317 
   00384    0.4900    -888.1261  0.3507 
   00385    0.5350    -902.2270  0.3481 
   00386    0.5150    -864.8898  0.3172 
   00387    0.5125    -864.0864  0.3444 
   00388    0.5200    -923.8756  0.3209 
   00389    0.4650    -904.5881  0.3156 
   00390    0.5325    -907.9668  0.3368 
   00391    0.5325    -888.0919  0.3296 
   00392    0.5300    -880.5273  0.3581 
   00393    0.5050    -881.7106  0.3328 
   00394    0.5225    -861.9169  0.3194 
   00395    0.5225    -861.3063  0.3047 
   00396    0.5575    -850.9197  0.2876 
   00397    0.4950    -867.8291  0.3063 
   00398    0.5100    -894.2954  0.3725 
   00399    0.4900    -907.2192  0.3806 
   00400    0.5375    -913.3239  0.3459 
   00401    0.4925    -942.2121  0.3803 
   00402    0.5400    -922.6127  0.4063 
   00403    0.4850    -979.0743  0.4218 
   00404    0.4700    -970.5853  0.4090 
   00405    0.4950    -935.0443  0.3770 
   00406    0.4900    -918.0904  0.3874 
   00407    0.5150    -890.9285  0.3647 
   00408    0.5225    -883.8893  0.3902 
   00409    0.5175    -895.0837  0.3725 
   00410    0.5375    -900.7917  0.3712 
   00411    0.5125    -930.9965  0.3721 
   00412    0.5075    -915.1713  0.3441 
   00413    0.4825    -907.0779  0.3429 
   00414    0.4825    -941.1289  0.3382 
   00415    0.5225    -931.3018  0.3343 
   00416    0.5175    -891.0631  0.3386 
   00417    0.5425    -884.8767  0.3323 
   00418    0.4800    -877.8648  0.3308 
   00419    0.4975    -836.7997  0.3231 
   00420    0.5250    -871.4046  0.3108 
   00421    0.5600    -851.8589  0.2966 
   00422    0.5100    -878.6230  0.2954 
   00423    0.5175    -883.7170  0.2997 
   00424    0.5250    -887.8996  0.3160 
   00425    0.5325    -949.4687  0.3551 
   00426    0.5150    -932.1194  0.3059 
   00427    0.4825    -920.8780  0.3253 
   00428    0.5100    -890.4614  0.3227 
   00429    0.5050    -900.4791  0.3176 
   00430    0.5500    -888.2281  0.2848 
   00431    0.5275    -897.3427  0.2897 
   00432    0.5075    -886.9863  0.2831 
   00433    0.5325    -848.8446  0.2885 
   00434    0.5625    -842.0503  0.3061 
   00435    0.5975    -836.1803  0.3245 
   00436    0.5125    -841.9717  0.3117 
   00437    0.5050    -843.2531  0.3463 
   00438    0.5550    -842.7434  0.3345 
   00439    0.5025    -856.7667  0.3386 
   00440    0.5500    -877.3248  0.3081 
   00441    0.5075    -886.9875  0.3109 
   00442    0.5500    -852.2354  0.3017 
   00443    0.5400    -838.8672  0.2953 
   00444    0.5325    -890.1938  0.2968 
   00445    0.5225    -926.8702  0.3168 
   00446    0.5550    -925.3894  0.3109 
   00447    0.5025    -918.0907  0.3432 
   00448    0.4850    -927.7606  0.3376 
   00449    0.4775    -906.8983  0.3414 
   00450    0.5575    -932.2460  0.3124 
   00451    0.5450    -951.4307  0.3266 
   00452    0.4600    -873.3817  0.3187 
   00453    0.4825    -881.5738  0.3432 
   00454    0.5025    -883.9111  0.3452 
   00455    0.5850    -904.7982  0.3590 
   00456    0.4925    -909.0972  0.3626 
   00457    0.5450    -932.4478  0.3302 
   00458    0.4775    -945.7322  0.3289 
   00459    0.4825    -932.5388  0.3344 
   00460    0.5200    -905.3068  0.3162 
   00461    0.4675    -926.8449  0.2935 
   00462    0.4875    -861.9237  0.2886 
   00463    0.5250    -848.8148  0.3063 
   00464    0.5150    -902.8864  0.3383 
   00465    0.5025    -893.3665  0.3277 
   00466    0.4825    -896.6648  0.3348 
   00467    0.4625    -891.6430  0.3749 
   00468    0.4900    -872.5587  0.3748 
   00469    0.5250    -834.1615  0.4184 
   00470    0.5275    -874.7648  0.4388 
   00471    0.5175    -843.6146  0.3914 
   00472    0.5275    -838.9773  0.3583 
   00473    0.5450    -815.8500  0.3590 
   00474    0.4950    -857.6162  0.3540 
   00475    0.5300    -882.1076  0.3504 
   00476    0.5325    -893.7046  0.3411 
   00477    0.4975    -883.6743  0.3333 
   00478    0.5050    -901.2173  0.2951 
   00479    0.4625    -887.6097  0.2823 
   00480    0.4900    -893.4267  0.2878 
   00481    0.5775    -885.0100  0.2693 
   00482    0.5125    -878.0547  0.3294 
   00483    0.5300    -879.8135  0.3219 
   00484    0.5275    -828.5734  0.2807 
   00485    0.5500    -849.4220  0.3008 
   00486    0.5475    -830.8402  0.2884 
   00487    0.5125    -863.8502  0.2815 
   00488    0.5150    -921.0170  0.3036 
   00489    0.4725    -906.9405  0.2890 
   00490    0.4975    -903.2461  0.2920 
   00491    0.5650    -885.0559  0.2861 
   00492    0.5275    -906.4808  0.3283 
   00493    0.5075    -871.9327  0.3335 
   00494    0.5625    -834.2654  0.3445 
   00495    0.5300    -828.8393  0.3546 
   00496    0.5550    -846.4459  0.3448 
   00497    0.5275    -841.1883  0.3942 
   00498    0.5475    -867.4053  0.3809 
   00499    0.4575    -888.1677  0.3594 
   00500    0.5275    -901.1140  0.3730 
   00501    0.5300    -858.8007  0.3550 
   00502    0.4925    -886.8123  0.4108 
   00503    0.4950    -888.8510  0.3922 
   00504    0.4900    -928.8243  0.4124 
   00505    0.4950    -944.5921  0.4324 
   00506    0.4900    -910.6995  0.4148 
   00507    0.5325    -924.0736  0.4165 
   00508    0.4850    -882.2700  0.4056 
   00509    0.5025    -855.6653  0.4040 
   00510    0.5525    -887.4548  0.4043 
   00511    0.5025    -923.3386  0.4122 
   00512    0.5675    -912.0359  0.3975 
   00513    0.5325    -877.8622  0.3758 
   00514    0.4925    -873.1174  0.3624 
   00515    0.5075    -936.2191  0.3768 
   00516    0.5025    -930.6214  0.3740 
   00517    0.5075    -930.9950  0.3588 
   00518    0.5025    -915.2262  0.3599 
   00519    0.5300    -866.8582  0.3509 
   00520    0.5900    -868.9229  0.3632 
   00521    0.5450    -884.5551  0.3359 
   00522    0.4775    -936.6024  0.3283 
   00523    0.5250    -905.4200  0.3064 
   00524    0.4700    -911.7254  0.2931 
   00525    0.5050    -922.2034  0.3167 
   00526    0.5375    -862.7662  0.2840 
   00527    0.5050    -851.6432  0.3225 
   00528    0.4600    -876.4861  0.3111 
   00529    0.5375    -901.9060  0.3021 
   00530    0.5250    -916.5920  0.3075 
   00531    0.4850    -922.5128  0.3022 
   00532    0.4800    -909.1206  0.3488 
   00533    0.5425    -917.5650  0.3445 
   00534    0.5050    -946.4999  0.3253 
   00535    0.5150    -933.4383  0.3019 
   00536    0.4825    -963.2766  0.2780 
   00537    0.4675    -939.4185  0.2967 
   00538    0.5150    -896.7775  0.3010 
   00539    0.5425    -900.4412  0.2893 
   00540    0.4875    -926.3015  0.3210 
   00541    0.4850    -937.0912  0.3705 
   00542    0.4675    -949.4771  0.3644 
   00543    0.5000    -953.6469  0.3630 
   00544    0.5375    -919.8350  0.3727 
   00545    0.5000    -889.5149  0.3593 
   00546    0.4300    -941.8009  0.3897 
   00547    0.4975    -929.8065  0.4379 
   00548    0.5175    -946.6792  0.4506 
   00549    0.5350    -897.9842  0.4487 
   00550    0.4925    -867.0544  0.4244 
   00551    0.5150    -902.6762  0.4384 
   00552    0.5150    -911.0381  0.4883 
   00553    0.4775    -904.5677  0.4787 
   00554    0.5400    -859.0291  0.4499 
   00555    0.5425    -888.8674  0.3939 
   00556    0.5600    -893.0237  0.3515 
   00557    0.4950    -910.8739  0.3496 
   00558    0.4975    -906.2077  0.3679 
   00559    0.5175    -924.3434  0.3450 
   00560    0.4650    -953.3422  0.3602 
   00561    0.4850    -908.9080  0.3389 
   00562    0.5475    -912.6026  0.3206 
   00563    0.5300    -932.6447  0.3256 
   00564    0.5100    -921.1662  0.3503 
   00565    0.5025    -905.2232  0.3714 
   00566    0.5075    -886.9723  0.3612 
   00567    0.5525    -899.1484  0.3807 
   00568    0.4725    -883.7131  0.3859 
   00569    0.5250    -883.5642  0.3845 
   00570    0.5375    -873.4620  0.3961 
   00571    0.5575    -867.1599  0.3797 
   00572    0.5125    -885.1963  0.4093 
   00573    0.4800    -936.7777  0.4157 
   00574    0.5475    -952.8601  0.3979 
   00575    0.5025    -947.6145  0.3960 
   00576    0.5175    -941.6363  0.4011 
   00577    0.5075    -955.9349  0.4004 
   00578    0.4600    -980.2728  0.3632 
   00579    0.4575    -961.1540  0.3409 
   00580    0.5200    -986.8894  0.3743 
   00581    0.5050    -982.7026  0.3387 
   00582    0.5050    -993.2980  0.3307 
   00583    0.4900    -995.7337  0.3313 
   00584    0.4900   -1008.2809  0.3043 
   00585    0.4950    -968.6763  0.3082 
   00586    0.4550    -942.8922  0.2807 
   00587    0.4975    -920.4970  0.2832 
   00588    0.5250    -939.0043  0.3015 
   00589    0.4950    -931.9716  0.2848 
   00590    0.4850    -934.4872  0.2638 
   00591    0.5075    -915.1672  0.2694 
   00592    0.5625    -891.6593  0.2618 
   00593    0.5125    -907.9155  0.3021 
   00594    0.5425    -885.6934  0.3302 
   00595    0.5050    -935.9481  0.3052 
   00596    0.4425    -916.6206  0.3151 
   00597    0.5550    -896.8192  0.3156 
   00598    0.5200    -894.5665  0.3613 
   00599    0.4850    -946.6487  0.3914 
   00600    0.4075    -985.5213  0.4062 
   00601    0.4950    -950.3641  0.4123 
   00602    0.5000    -960.1404  0.3987 
   00603    0.5075    -915.6708  0.4269 
   00604    0.4900    -928.5742  0.4078 
   00605    0.5550    -955.7308  0.4239 
   00606    0.4700    -915.0619  0.4113 
   00607    0.5475    -858.6979  0.4177 
   00608    0.5575    -875.0745  0.4161 
   00609    0.5175    -898.2571  0.4153 
   00610    0.4850    -920.4794  0.3883 
   00611    0.5125    -910.7443  0.3961 
   00612    0.5300    -948.5182  0.3982 
   00613    0.5000    -912.4084  0.4406 
   00614    0.5200    -936.5178  0.4526 
   00615    0.5025    -953.2661  0.4708 
   00616    0.5125    -882.7244  0.4113 
   00617    0.5200    -866.8542  0.4169 
   00618    0.5450    -834.6664  0.3753 
   00619    0.5100    -837.3455  0.3965 
   00620    0.5550    -907.8488  0.4166 
   00621    0.4800    -865.0060  0.4120 
   00622    0.5625    -835.5034  0.3918 
   00623    0.5600    -866.2008  0.3902 
   00624    0.5125    -871.6840  0.3666 
   00625    0.5450    -882.7668  0.3577 
   00626    0.5525    -863.1653  0.3531 
   00627    0.5375    -870.8733  0.3130 
   00628    0.5250    -883.0257  0.3339 
   00629    0.5350    -926.3689  0.3232 
   00630    0.5300    -896.0600  0.3540 
   00631    0.4975    -914.8914  0.3052 
   00632    0.4400    -889.9166  0.3423 
   00633    0.5000    -869.1548  0.3240 
   00634    0.5150    -873.2685  0.3225 
   00635    0.5125    -908.6378  0.3492 
   00636    0.5150    -933.3610  0.3746 
   00637    0.4825    -923.7400  0.3811 
   00638    0.5525    -897.8287  0.3829 
   00639    0.4950    -908.4385  0.3728 
   00640    0.5300    -941.2279  0.3635 
   00641    0.5100    -869.9326  0.3727 
   00642    0.5275    -859.3171  0.3583 
   00643    0.5400    -894.7376  0.3505 
   00644    0.5300    -862.3380  0.3311 
   00645    0.6100    -835.9625  0.3592 
   00646    0.5600    -864.2632  0.3769 
   00647    0.4700    -915.5739  0.3802 
   00648    0.5025    -902.1271  0.3832 
   00649    0.4750    -888.3527  0.3642 
   00650    0.5425    -930.0886  0.4222 
   00651    0.5475    -930.6657  0.4257 
   00652    0.4975    -893.0615  0.4167 
   00653    0.5125    -892.4632  0.3930 
   00654    0.5450    -872.1843  0.3939 
   00655    0.5000    -891.6980  0.3780 
   00656    0.5350    -891.4904  0.3831 
   00657    0.5175    -908.2411  0.3922 
   00658    0.4700    -902.7666  0.3520 
   00659    0.4650    -914.3332  0.3227 
   00660    0.5075    -903.2754  0.2980 
   00661    0.5550    -875.0465  0.3056 
   00662    0.5550    -865.4147  0.3117 
   00663    0.5350    -899.4172  0.2825 
   00664    0.5500    -897.7312  0.3148 
   00665    0.5275    -895.9788  0.2843 
   00666    0.5225    -904.7015  0.2906 
   00667    0.5175    -919.1423  0.3319 
   00668    0.4875    -938.9988  0.3408 
   00669    0.4800    -927.9708  0.3711 
   00670    0.4850    -939.4334  0.3563 
   00671    0.4300    -982.7078  0.3188 
   00672    0.5525    -926.9420  0.3311 
   00673    0.4950    -952.4335  0.3399 
   00674    0.5200    -978.0712  0.3538 
   00675    0.5250    -934.6350  0.4035 
   00676    0.4400    -950.0550  0.3831 
   00677    0.5150    -928.5158  0.3850 
   00678    0.5025    -965.6207  0.4103 
   00679    0.4900    -935.6784  0.4000 
   00680    0.4775    -932.7753  0.4010 
   00681    0.4975    -897.1936  0.3958 
   00682    0.5050    -889.2355  0.3645 
   00683    0.5275    -855.6701  0.3701 
   00684    0.5100    -903.9819  0.3738 
   00685    0.4475    -933.6869  0.3906 
   00686    0.5250    -949.6240  0.3765 
   00687    0.4825    -986.2400  0.3595 
   00688    0.4800    -967.0612  0.3576 
   00689    0.4850    -929.8467  0.3252 
   00690    0.4525    -914.8408  0.3346 
   00691    0.4550    -922.8579  0.3256 
   00692    0.5025    -908.6480  0.3651 
   00693    0.5250    -918.1209  0.3656 
   00694    0.5450    -943.2947  0.3438 
   00695    0.4875    -926.0154  0.3249 
   00696    0.5000    -903.9808  0.3261 
   00697    0.5375    -892.1850  0.3153 
   00698    0.5375    -953.8781  0.2921 
   00699    0.4800    -954.6334  0.3003 
   00700    0.5100    -980.1587  0.2953 
   00701    0.4300   -1010.0295  0.3180 
   00702    0.4875    -986.1239  0.3188 
   00703    0.4875    -958.6421  0.3116 
   00704    0.4750    -948.8080  0.3057 
   00705    0.5025    -947.6134  0.2963 
   00706    0.4650    -941.7953  0.2911 
   00707    0.5000    -931.0739  0.2673 
   00708    0.5000    -945.1078  0.2859 
   00709    0.5500    -934.5384  0.2816 
   00710    0.5075    -917.3476  0.2953 
   00711    0.5050    -898.1937  0.2983 
   00712    0.5325    -930.9282  0.2562 
   00713    0.5100    -957.1545  0.2591 
   00714    0.4775    -959.8246  0.2812 
   00715    0.4775    -971.1755  0.2560 
   00716    0.4900    -958.4170  0.2890 
   00717    0.5275    -972.2508  0.2715 
   00718    0.4875    -968.8295  0.2800 
   00719    0.4725    -947.8315  0.2831 
   00720    0.4925    -969.6025  0.3338 
   00721    0.4675    -971.4417  0.3253 
   00722    0.4525    -964.9252  0.3242 
   00723    0.4650    -919.4438  0.3463 
   00724    0.4375    -956.7801  0.3779 
   00725    0.4175    -932.7381  0.3459 
   00726    0.5125    -974.5376  0.3258 
   00727    0.4700    -974.9258  0.3357 
   00728    0.5100    -966.6737  0.3362 
   00729    0.4700    -949.0210  0.3477 
   00730    0.5100    -939.1855  0.3267 
   00731    0.4975    -959.2591  0.3193 
   00732    0.5450    -956.4767  0.3236 
   00733    0.5075    -978.3823  0.3029 
   00734    0.4700    -918.6052  0.3201 
   00735    0.4800    -945.3354  0.3127 
   00736    0.5175    -962.9120  0.3508 
   00737    0.5025    -915.3081  0.3682 
   00738    0.5375    -893.0248  0.3993 
   00739    0.4700    -928.2002  0.3879 
   00740    0.5350    -950.9480  0.3391 
   00741    0.4800    -944.8596  0.3559 
   00742    0.5250    -916.2465  0.3190 
   00743    0.4900    -918.1261  0.3057 
   00744    0.5100    -944.3338  0.3377 
   00745    0.4925    -949.8627  0.3441 
   00746    0.4700    -943.8500  0.3528 
   00747    0.5100    -942.0784  0.3660 
   00748    0.5150    -918.4410  0.3549 
   00749    0.5250    -918.7859  0.3504 
   00750    0.5025    -916.3432  0.3560 
   00751    0.5000    -909.7955  0.3239 
   00752    0.5325    -862.5125  0.3192 
   00753    0.5350    -829.1432  0.3485 
   00754    0.5275    -852.4092  0.3829 
   00755    0.5675    -861.4664  0.3854 
   00756    0.5175    -894.2684  0.3623 
   00757    0.5425    -921.7795  0.3793 
   00758    0.5050    -879.8523  0.3726 
   00759    0.4900    -938.3485  0.3690 
   00760    0.5025    -914.7834  0.3688 
   00761    0.4975    -926.5530  0.3898 
   00762    0.5125    -938.8238  0.3734 
   00763    0.4875    -886.2169  0.3745 
   00764    0.5350    -843.8207  0.3345 
   00765    0.5100    -861.5189  0.3455 
   00766    0.5725    -876.1890  0.3594 
   00767    0.4600    -925.4311  0.3536 
   00768    0.4925    -935.4063  0.3593 
   00769    0.4900    -907.3621  0.3642 
   00770    0.5150    -884.2967  0.3649 
   00771    0.5450    -876.6349  0.3626 
   00772    0.5575    -926.5699  0.3584 
   00773    0.4675    -908.1552  0.3786 
   00774    0.4725    -952.6948  0.3996 
   00775    0.5700    -945.5094  0.3793 
   00776    0.5625    -920.2671  0.3781 
   00777    0.5125    -931.4124  0.3537 
   00778    0.5350    -890.2726  0.3449 
   00779    0.5225    -887.3557  0.3637 
   00780    0.5150    -874.8504  0.3156 
   00781    0.5000    -884.7466  0.2598 
   00782    0.5550    -895.3244  0.2675 
   00783    0.5300    -888.5177  0.2693 
   00784    0.5800    -890.0852  0.2984 
   00785    0.5050    -858.8699  0.2907 
   00786    0.5475    -855.5518  0.2992 
   00787    0.5275    -856.5736  0.3067 
   00788    0.5100    -876.3219  0.2871 
   00789    0.5150    -888.1674  0.2729 
   00790    0.5100    -881.8833  0.2722 
   00791    0.5200    -880.3276  0.2660 
   00792    0.5075    -883.6478  0.2651 
   00793    0.5375    -856.4817  0.2718 
   00794    0.5475    -863.2336  0.3090 
   00795    0.5200    -889.5350  0.2906 
   00796    0.4700    -856.3951  0.3040 
   00797    0.5600    -842.9396  0.2736 
   00798    0.5300    -842.8698  0.2850 
   00799    0.5050    -843.5677  0.3002 
   00800    0.5775    -843.7380  0.3300 
   00801    0.5575    -843.2738  0.3636 
   00802    0.5300    -863.4151  0.3640 
   00803    0.5525    -876.2483  0.3354 
   00804    0.5225    -907.6415  0.3500 
   00805    0.5200    -872.8763  0.3472 
   00806    0.5500    -864.6122  0.3476 
   00807    0.5300    -860.8606  0.3726 
   00808    0.4925    -838.1230  0.3409 
   00809    0.5450    -861.6881  0.3325 
   00810    0.5200    -858.3428  0.3440 
   00811    0.5675    -873.8609  0.3478 
   00812    0.4825    -919.4781  0.3754 
   00813    0.5000    -894.3959  0.3752 
   00814    0.4975    -929.8565  0.3740 
   00815    0.4975    -918.7961  0.3588 
   00816    0.5150    -956.1250  0.3643 
   00817    0.5050    -912.5096  0.3113 
   00818    0.5350    -883.8481  0.3287 
   00819    0.5000    -904.1151  0.3414 
   00820    0.5000    -947.2591  0.3418 
   00821    0.4700    -976.9655  0.3490 
   00822    0.4650    -997.0247  0.3710 
   00823    0.4975    -919.2447  0.3773 
   00824    0.4750    -929.2810  0.3621 
   00825    0.4975    -963.7257  0.3648 
   00826    0.5300    -908.6233  0.3854 
   00827    0.5575    -922.4789  0.3603 
   00828    0.5400    -888.3299  0.3457 
   00829    0.5000    -898.8226  0.3674 
   00830    0.5225    -891.2591  0.3538 
   00831    0.4975    -864.3318  0.3269 
   00832    0.4950    -908.6103  0.3631 
   00833    0.5250    -891.4252  0.3553 
   00834    0.5400    -885.6659  0.3414 
   00835    0.4825    -869.5830  0.3970 
   00836    0.5775    -873.5056  0.3880 
   00837    0.4900    -914.0942  0.3943 
   00838    0.5175    -914.4827  0.3961 
   00839    0.5025    -938.7430  0.3642 
   00840    0.4750    -916.4157  0.3558 
   00841    0.5050    -929.1601  0.3708 
   00842    0.4950    -892.9945  0.3612 
   00843    0.5000    -888.9914  0.3588 
   00844    0.5125    -920.5266  0.4117 
   00845    0.5100    -944.0128  0.4228 
   00846    0.4950    -959.8593  0.4214 
   00847    0.5150    -983.7887  0.4216 
   00848    0.4850    -948.3501  0.4362 
   00849    0.4900    -944.6431  0.4264 
   00850    0.5225    -928.6221  0.4231 
   00851    0.5250    -956.8734  0.4277 
   00852    0.4850    -979.4340  0.4092 
   00853    0.4800    -946.8481  0.3839 
   00854    0.4800    -939.3441  0.3554 
   00855    0.4625    -925.5354  0.3644 
   00856    0.4850    -939.8672  0.3332 
   00857    0.5275    -929.3322  0.3370 
   00858    0.4700    -922.6181  0.3102 
   00859    0.4875    -875.0052  0.2795 
   00860    0.5325    -921.7822  0.2614 
   00861    0.5050    -940.4956  0.2837 
   00862    0.4875    -967.0716  0.2725 
   00863    0.5150    -928.2327  0.2670 
   00864    0.5025    -940.5254  0.2629 
   00865    0.5025    -915.8496  0.2671 
   00866    0.5600    -925.4592  0.2891 
   00867    0.4975    -901.3780  0.2907 
   00868    0.5400    -907.0964  0.2996 
   00869    0.4850    -908.3060  0.3125 
   00870    0.5000    -874.3263  0.3199 
   00871    0.5575    -876.7357  0.3226 
   00872    0.5300    -881.1467  0.3730 
   00873    0.5525    -893.3155  0.3132 
   00874    0.5125    -889.1444  0.3373 
   00875    0.5050    -880.8461  0.3463 
   00876    0.5475    -935.5287  0.3588 
   00877    0.5175    -925.1664  0.3110 
   00878    0.5200    -901.2077  0.2823 
   00879    0.5325    -905.6350  0.2595 
   00880    0.5700    -926.2804  0.2782 
   00881    0.5225    -893.9561  0.2899 
   00882    0.4950    -926.0657  0.2965 
   00883    0.5425    -887.3438  0.3285 
   00884    0.5250    -872.7056  0.3009 
   00885    0.5850    -867.6079  0.3462 
   00886    0.5525    -828.0932  0.3189 
   00887    0.5125    -808.0800  0.3346 
   00888    0.6375    -761.2583  0.3270 
   00889    0.5300    -799.8348  0.3651 
   00890    0.5000    -831.1818  0.3622 
   00891    0.5700    -843.7857  0.3083 
   00892    0.5175    -840.8503  0.3591 
   00893    0.5625    -834.2481  0.3206 
   00894    0.5300    -846.1660  0.3107 
   00895    0.5575    -870.3472  0.3196 
   00896    0.5275    -877.6463  0.3527 
   00897    0.4725    -896.8140  0.3627 
   00898    0.5500    -892.6116  0.3144 
   00899    0.5200    -919.2195  0.3370 
   00900    0.5075    -903.7580  0.3623 
   00901    0.5500    -874.3310  0.3892 
   00902    0.5250    -868.2789  0.3829 
   00903    0.4825    -846.6747  0.3416 
   00904    0.5625    -860.9804  0.3358 
   00905    0.5375    -886.2372  0.3564 
   00906    0.5075    -855.2034  0.3863 
   00907    0.5000    -849.5423  0.3640 
   00908    0.5225    -891.2063  0.3604 
   00909    0.5100    -872.5503  0.3624 
   00910    0.5375    -891.3290  0.3848 
   00911    0.5050    -860.2227  0.3759 
   00912    0.5450    -903.3500  0.3690 
   00913    0.5025    -889.5801  0.3745 
   00914    0.5300    -883.8605  0.3190 
   00915    0.4750    -912.6950  0.3148 
   00916    0.5375    -892.1738  0.3202 
   00917    0.5500    -928.5523  0.2990 
   00918    0.4725    -946.2800  0.3154 
   00919    0.4725    -916.6989  0.2916 
   00920    0.5200    -938.3303  0.2970 
   00921    0.5000    -967.0645  0.3013 
   00922    0.4550    -919.0529  0.3165 
   00923    0.5075    -937.0618  0.3350 
   00924    0.5250    -886.4882  0.3500 
   00925    0.5825    -857.9329  0.3126 
   00926    0.4825    -905.2194  0.2888 
   00927    0.5200    -884.1860  0.2787 
   00928    0.5600    -902.3798  0.2826 
   00929    0.5325    -922.5668  0.2973 
   00930    0.4975    -930.2153  0.2844 
   00931    0.5475    -913.8573  0.2867 
   00932    0.5525    -859.5026  0.2873 
   00933    0.5050    -852.7643  0.3082 
   00934    0.5650    -848.6789  0.2716 
   00935    0.5650    -871.0199  0.2864 
   00936    0.4900    -851.6097  0.2585 
   00937    0.5175    -879.8664  0.2976 
   00938    0.5425    -863.8309  0.3309 
   00939    0.4850    -880.8825  0.3495 
   00940    0.5850    -870.4879  0.3699 
   00941    0.5250    -890.8227  0.3689 
   00942    0.5250    -910.2805  0.3628 
   00943    0.5200    -875.2860  0.3649 
   00944    0.4875    -931.2531  0.3500 
   00945    0.5400    -913.7021  0.3886 
   00946    0.5025    -879.2784  0.4004 
   00947    0.4750    -900.9598  0.4082 
   00948    0.5550    -928.4263  0.4095 
   00949    0.5100    -922.7414  0.4506 
   00950    0.5175    -921.8595  0.4553 
   00951    0.5200    -884.5634  0.4525 
   00952    0.5450    -903.1435  0.4551 
   00953    0.5325    -907.9404  0.4817 
   00954    0.4850    -942.4391  0.4951 
   00955    0.5200    -897.5412  0.4491 
   00956    0.5575    -863.0007  0.4229 
   00957    0.5275    -884.0280  0.3935 
   00958    0.5500    -880.0093  0.4088 
   00959    0.4975    -871.9625  0.4178 
   00960    0.4975    -880.5643  0.3562 
   00961    0.5275    -835.1225  0.3619 
   00962    0.5650    -897.4181  0.3725 
   00963    0.4900    -857.2397  0.3670 
   00964    0.5400    -879.2832  0.3384 
   00965    0.4600    -896.2489  0.3177 
   00966    0.4975    -900.4377  0.3510 
   00967    0.5425    -920.8728  0.3370 
   00968    0.5050    -917.3180  0.3416 
   00969    0.5000    -918.0181  0.3005 
   00970    0.4925    -890.9814  0.3056 
   00971    0.5100    -893.8038  0.2901 
   00972    0.5200    -889.2298  0.3360 
   00973    0.5700    -896.2667  0.3323 
   00974    0.5375    -922.4583  0.3433 
   00975    0.5150    -894.1984  0.3357 
   00976    0.5475    -870.2784  0.3476 
   00977    0.5375    -881.4656  0.3487 
   00978    0.6025    -885.4594  0.3368 
   00979    0.5375    -858.0101  0.3227 
   00980    0.4800    -853.8257  0.3199 
   00981    0.5350    -880.0284  0.3270 
   00982    0.5075    -862.4717  0.3194 
   00983    0.5400    -853.0442  0.3460 
   00984    0.5750    -854.9113  0.3575 
   00985    0.5425    -865.2141  0.3534 
   00986    0.5400    -866.1394  0.4062 
   00987    0.5525    -876.1013  0.3819 
   00988    0.4925    -900.3964  0.3806 
   00989    0.5500    -906.3941  0.3980 
   00990    0.5500    -903.1175  0.4126 
   00991    0.5775    -935.6699  0.4248 
   00992    0.4900    -950.0976  0.4255 
   00993    0.5225    -929.9063  0.4165 
   00994    0.5000    -942.2844  0.4049 
   00995    0.4775    -930.1933  0.4040 
   00996    0.5075    -952.5555  0.3962 
   00997    0.4275    -929.9380  0.4184 
   00998    0.4825    -927.2356  0.4298 
   00999    0.4900    -917.6148  0.4322 
   01000    0.5275    -903.1237  0.3939 
